OID,Join_Count,TARGET_FID,HabUnit,Area_ha,Period,Hist_salm,NEAR_FID,NEAR_DIST,ET_ID,noaaid,Shape_Length_1,Shape_Area_1,noaa_sub,noaa_sub_num,Shape_Length,Shape_Area,wse_intersect
-1,1,1,Lake,93.233232000000001,Curr,Hist no salmon,10603,5354.317563253646767,,10603,378317.145195854303893,263575921.850556135177612,Lower Chehalis Estuary,50,15441.237461858223469,931875.972001168411225,
-1,1,2,Pond,0.401620000000000,Curr,Hist no salmon,7125,9532.861054282162513,,7125,378317.145195854303893,263575921.850556135177612,Lower Chehalis Estuary,50,266.657349415512215,4014.297140641981969,
-1,1,3,Pond,2.198027000000000,Both,Hist no salmon,10603,3981.821435620222019,,10603,378317.145195854303893,263575921.850556135177612,Lower Chehalis Estuary,50,829.478117667182346,21969.380206980575167,
-1,1,4,Pond,1.453608000000000,Hist,Hist no salmon,10603,3941.592919358384734,,10603,378317.145195854303893,263575921.850556135177612,Lower Chehalis Estuary,50,578.161331419793100,14528.864571633546802,
-1,1,5,Marsh,14.302004000000000,Hist,Hist no salmon,7127,5586.252322034196368,,7127,378317.145195854303893,263575921.850556135177612,Lower Chehalis Estuary,50,2441.626918811075029,142951.824379432451678,
-1,1,6,Pond,0.145671000000000,Curr,Hist no salmon,7127,5621.333773703052429,,7127,378317.145195854303893,263575921.850556135177612,Lower Chehalis Estuary,50,168.623715026216246,1456.014645432969019,
-1,1,7,Marsh,185.138209999999987,Curr,Hist salmon,10603,0.000000000000000,,10603,378317.145195854303893,263575921.850556135177612,Lower Chehalis Estuary,50,9764.177519393717375,1850418.668922502547503,
-1,1,8,Pond,0.153977000000000,Both,Hist no salmon,7127,5735.981041779185034,,7127,378317.145195854303893,263575921.850556135177612,Lower Chehalis Estuary,50,147.925276208842007,1539.037200166641924,
-1,1,9,Pond,0.588609000000000,Both,Hist no salmon,7127,5724.320119003902619,,7127,378317.145195854303893,263575921.850556135177612,Lower Chehalis Estuary,50,404.380081936297074,5883.287700919399867,
-1,1,10,Pond,0.039246000000000,Curr,Hist no salmon,21810,2456.032487905498783,,21810,378317.145195854303893,263575921.850556135177612,Lower Chehalis Estuary,50,86.077136207092309,392.270144217555639,
-1,1,11,Pond,0.053823000000000,Curr,Hist no salmon,21810,2126.715250249319524,,21810,378317.145195854303893,263575921.850556135177612,Lower Chehalis Estuary,50,94.574246654492697,537.978061090528968,
-1,1,12,Pond,0.053011000000000,Curr,Hist no salmon,21810,2006.983216811605416,,21810,378317.145195854303893,263575921.850556135177612,Lower Chehalis Estuary,50,94.546779658239117,529.860121175619838,
-1,1,13,Marsh,0.094238000000000,Hist,Hist no salmon,21810,2094.565967452837413,,21810,378317.145195854303893,263575921.850556135177612,Lower Chehalis Estuary,50,134.545749366718610,941.936255322968236,
-1,1,14,Pond,0.100822000000000,Curr,Hist no salmon,21810,1868.831392791542839,,21810,378317.145195854303893,263575921.850556135177612,Lower Chehalis Estuary,50,145.771803259114023,1007.736846679127325,
-1,1,15,Marsh,4.242087000000000,Curr,Hist no salmon,11191,429.916831967757844,,11191,378317.145195854303893,263575921.850556135177612,Lower Chehalis Estuary,50,1256.189600245999145,42398.492597286203818,
-1,1,16,Pond,0.071080000000000,Curr,Hist no salmon,10766,783.922164314688303,,10766,378317.145195854303893,263575921.850556135177612,Lower Chehalis Estuary,50,147.072521207058998,710.425537082995334,
-1,1,17,Marsh,0.441106000000000,Hist,Hist salmon,13320,747.893567189129044,,13320,230932.463257765833987,638216095.057497859001160,Humptulips River,45,335.152918738324388,4408.556883705572545,
-1,1,18,Pond,0.125294000000000,Hist,Hist salmon,23178,290.411380085198971,,23178,230932.463257765833987,638216095.057497859001160,Humptulips River,45,190.755270213077551,1252.254944500893771,
-1,1,19,Marsh,2.694604000000000,Hist,Hist salmon,12837,0.000000000000000,,12837,230932.463257765833987,638216095.057497859001160,Humptulips River,45,1161.791079038498310,26930.650454522874497,
-1,1,20,Marsh,0.099335000000000,Hist,Hist salmon,7109,1091.654891961137537,,7109,378317.145195854303893,263575921.850556135177612,Lower Chehalis Estuary,50,119.399219990020185,992.848323324654530,
-1,1,21,Marsh,2.400621000000000,Both,Hist salmon,7001,462.855561244248804,,7001,378317.145195854303893,263575921.850556135177612,Lower Chehalis Estuary,50,699.652313566091379,23993.869812644465128,
-1,1,22,Marsh,3.030698000000000,Hist,Hist salmon,9661,432.715028632094061,,9661,378317.145195854303893,263575921.850556135177612,Lower Chehalis Estuary,50,919.222339412217252,30290.716145937196416,
-1,1,23,Marsh,0.226855000000000,Hist,Hist salmon,21732,0.000000000000000,,21732,230932.463257765833987,638216095.057497859001160,Humptulips River,45,185.065244539398691,2267.248427867861665,
-1,1,24,Pond,0.067689000000000,Both,Hist no salmon,11158,0.000000000000000,,11158,378317.145195854303893,263575921.850556135177612,Lower Chehalis Estuary,50,113.369047255975545,676.509938984439145,
-1,1,25,Pond,0.170368000000000,Curr,Hist no salmon,13812,497.729408116400975,,13812,230932.463257765833987,638216095.057497859001160,Humptulips River,45,213.161861018269263,1702.675252372695240,
-1,1,26,Pond,0.085338000000000,Curr,Hist no salmon,15466,28.596141384736853,,15466,230932.463257765833987,638216095.057497859001160,Humptulips River,45,130.944807402783027,852.850055642646566,
-1,1,27,Marsh,0.302913000000000,Hist,Hist salmon,9486,4.625174224640168,,9486,128409.154010552825639,234704536.754735738039017,Hoquiam River,44,261.056113063272562,3027.479767421930319,
-1,1,28,Marsh,8.304039000000000,Hist,Hist salmon,7031,102.386475642785541,,7031,66251.264859166723909,82143487.059757128357887,Johns River,46,1251.687206948545054,82996.816284123458900,
-1,1,29,Marsh,4.942484000000000,Both,Hist salmon,14195,63.278932148711277,,14195,230932.463257765833987,638216095.057497859001160,Humptulips River,45,996.204771619112876,49395.031531983513560,
-1,1,30,Marsh,0.047182000000000,Hist,Hist no salmon,14665,576.101838649671208,,14665,230932.463257765833987,638216095.057497859001160,Humptulips River,45,105.194778184053860,471.534838731009245,
-1,1,31,Marsh,0.404730000000000,Both,Hist salmon,21847,0.000000000000000,,21847,49308.557195515604690,47291303.365128621459007,Elk River,47,249.076285487438241,4045.219324556977881,
-1,1,32,Marsh,1.893223000000000,Both,Hist salmon,5990,5.732309498295979,,5990,49308.557195515604690,47291303.365128621459007,Elk River,47,682.665673536351392,18922.442936396622827,
-1,1,33,Marsh,0.951296000000000,Curr,Hist no salmon,14662,541.530903577493405,,14662,230932.463257765833987,638216095.057497859001160,Humptulips River,45,393.331252550499698,9507.125163434146089,
-1,1,34,Pond,18.544961000000001,Curr,Hist no salmon,9509,1257.000689555084364,,9509,378317.145195854303893,263575921.850556135177612,Lower Chehalis Estuary,50,1877.257359686255995,185346.593879046034999,
-1,1,35,Marsh,0.992665000000000,Both,Hist salmon,10257,11.849499439914281,3437,10257,128409.154010552825639,234704536.754735738039017,Hoquiam River,44,441.332472303298744,9920.953986208165588,
-1,1,36,Pond,0.842240000000000,Curr,Hist salmon,21408,0.000000000000000,,21408,128409.154010552825639,234704536.754735738039017,Hoquiam River,44,785.068210814065424,8417.513677998525964,
-1,1,37,Marsh,1.825131000000000,Hist,Hist salmon,14000,420.019333287411484,,14000,230932.463257765833987,638216095.057497859001160,Humptulips River,45,551.280159010697162,18240.219950465172587,
-1,1,38,Marsh,4.128718000000000,Hist,Hist salmon,15279,0.000000000000000,,15279,230932.463257765833987,638216095.057497859001160,Humptulips River,45,1642.926599334801722,41261.205277427659894,
-1,1,39,Marsh,1.013658000000000,Hist,Hist salmon,6410,34.521423297803750,,6410,66251.264859166723909,82143487.059757128357887,Johns River,46,397.113808607339479,10131.192856315248719,
-1,1,40,Pond,0.132680000000000,Curr,Hist no salmon,9509,981.426568283834854,,9509,378317.145195854303893,263575921.850556135177612,Lower Chehalis Estuary,50,279.835122763643653,1326.062267014319332,
-1,1,41,Marsh,0.451952000000000,Both,Hist salmon,10028,259.106462841059567,,10028,128409.154010552825639,234704536.754735738039017,Hoquiam River,44,336.580550940440673,4516.956868580185983,
-1,1,42,Marsh,0.773777000000000,Both,Hist salmon,15448,438.542042268449620,,15448,230932.463257765833987,638216095.057497859001160,Humptulips River,45,399.872799411478240,7732.758286289170428,
-1,1,43,Marsh,2.432899000000000,Curr,Hist salmon,16042,419.135346584375213,,16042,230932.463257765833987,638216095.057497859001160,Humptulips River,45,692.178292476563797,24312.863350130392064,
-1,1,44,Marsh,1.474504000000000,Curr,Hist salmon,16310,677.959215062553767,,16310,230932.463257765833987,638216095.057497859001160,Humptulips River,45,979.998216943693137,14735.221333774174127,
-1,1,45,Pond,0.818408000000000,Curr,Hist no salmon,8710,327.117341592658249,,8710,378317.145195854303893,263575921.850556135177612,Lower Chehalis Estuary,50,350.038166351447728,8179.427475419244729,
-1,1,46,Marsh,4.601872000000000,Both,Hist salmon,10837,0.000000000000000,,10837,128409.154010552825639,234704536.754735738039017,Hoquiam River,44,1218.490711232742569,45991.547118232774665,
-1,1,47,Marsh,12.203148000000001,Both,Hist salmon,10841,0.000000000000000,3451,10841,128409.154010552825639,234704536.754735738039017,Hoquiam River,44,1823.922524995826961,121959.280616814867244,
-1,1,48,Marsh,2.015765000000000,Both,Hist salmon,15765,209.107276601922621,,15765,230932.463257765833987,638216095.057497859001160,Humptulips River,45,1121.157782649525871,20144.360962060865859,
-1,1,49,Pond,1.573368000000000,Hist,Hist salmon,15777,66.957655823968736,,15777,230932.463257765833987,638216095.057497859001160,Humptulips River,45,764.667302092695650,15723.270415185681486,
-1,1,50,Marsh,0.413644000000000,Both,Hist no salmon,13806,0.000000000000000,,13806,128409.154010552825639,234704536.754735738039017,Hoquiam River,44,238.660257245997883,4133.819697819139947,
-1,1,51,Pond,0.063828000000000,Hist,Hist no salmon,8247,786.281511207831159,,8247,378317.145195854303893,263575921.850556135177612,Lower Chehalis Estuary,50,107.142647745927434,637.908774672529717,
-1,1,52,Pond,0.892987000000000,Curr,Hist salmon,8075,0.000000000000000,,8075,378317.145195854303893,263575921.850556135177612,Lower Chehalis Estuary,50,624.049114570632128,8924.700140596696656,
-1,1,53,Marsh,4.316271000000000,Curr,Hist salmon,10019,0.000000000000000,,10019,151947.647425919829402,266325666.708538889884949,Wishkah River,43,1013.697742995877206,43137.004129095388635,
-1,1,54,Pond,0.076617000000000,Hist,Hist no salmon,8247,1474.382258436848360,,8247,378317.145195854303893,263575921.850556135177612,Lower Chehalis Estuary,50,105.075743380200720,765.729011906054097,
-1,1,55,Marsh,1.125111000000000,Both,Hist salmon,21514,30.271065292112898,5661,21514,230932.463257765833987,638216095.057497859001160,Humptulips River,45,480.811769652094995,11242.838324116841250,
-1,1,56,Lake,21.096592000000001,Curr,Hist no salmon,8828,0.000000000000000,,8828,67420.654691214382183,87038278.247085735201836,Upper Chehalis Estuary,49,3053.542407620491758,210839.509958382346667,
-1,1,57,Pond,0.321355000000000,Hist,Hist salmon,16361,0.000000000000000,,16361,151947.647425919829402,266325666.708538889884949,Wishkah River,43,257.937971300367053,3211.315398060670304,
-1,1,58,Pond,0.094989000000000,Hist,Hist no salmon,7926,3606.031848429136517,,7926,378317.145195854303893,263575921.850556135177612,Lower Chehalis Estuary,50,133.334370537733378,949.334444298313770,
-1,1,59,Pond,0.209620000000000,Both,Hist salmon,10107,84.825835051122738,,10107,246250.590740413172171,507221006.855407536029816,Wynoochee River,42,345.129816891400765,2094.893918486010080,
-1,1,60,Pond,0.082981000000000,Both,Hist no salmon,20832,867.936744260107844,,20832,246250.590740413172171,507221006.855407536029816,Wynoochee River,42,122.814293390164281,829.282156409102299,
-1,1,61,Marsh,0.489350000000000,Curr,Hist salmon,21108,312.701752202341424,,21108,151947.647425919829402,266325666.708538889884949,Wishkah River,43,283.829390451077018,4890.094708535201789,
-1,1,62,Marsh,0.936378000000000,Curr,Hist salmon,21107,0.000000000000000,,21107,151947.647425919829402,266325666.708538889884949,Wishkah River,43,499.801564147712895,9357.266728595936002,
-1,1,63,Marsh,0.314914000000000,Hist,Hist salmon,16906,914.176623739807496,,16906,246250.590740413172171,507221006.855407536029816,Wynoochee River,42,245.770244997369417,3146.826104642587325,
-1,1,64,Marsh,3.374016000000000,Curr,Hist salmon,9162,0.000000000000000,,9162,246250.590740413172171,507221006.855407536029816,Wynoochee River,42,735.973127274963986,33719.305137020499387,
-1,1,65,Pond,0.267537000000000,Both,Hist salmon,9892,65.641694495599495,,9892,246250.590740413172171,507221006.855407536029816,Wynoochee River,42,198.546436493107933,2673.681382071542430,
-1,1,66,Marsh,0.386316000000000,Both,Hist no salmon,14062,690.605050652469799,,14062,246250.590740413172171,507221006.855407536029816,Wynoochee River,42,244.054370362160370,3860.511922584052627,
-1,1,67,Marsh,0.215337000000000,Both,Hist salmon,14536,89.146065263774148,,14536,246250.590740413172171,507221006.855407536029816,Wynoochee River,42,217.501419529352745,2151.874666605945094,
-1,1,68,Pond,0.244138000000000,Both,Hist salmon,16877,33.501252546699817,,16877,246250.590740413172171,507221006.855407536029816,Wynoochee River,42,264.260367275080398,2439.553925569597141,
-1,1,69,Marsh,1.015179000000000,Both,Hist salmon,17108,237.962076038502062,,17108,246250.590740413172171,507221006.855407536029816,Wynoochee River,42,696.146012027326947,10144.094464037860234,
-1,1,70,Marsh,1.001141000000000,Both,Hist salmon,8899,51.472654768053637,,8899,246250.590740413172171,507221006.855407536029816,Wynoochee River,42,397.417823272518035,10005.182672129229104,
-1,1,71,Pond,0.061918000000000,Hist,Hist salmon,20877,79.072396683070309,,20877,246250.590740413172171,507221006.855407536029816,Wynoochee River,42,121.409972008122523,618.797685709475559,
-1,1,72,Marsh,2.954800000000000,Hist,Hist no salmon,14429,200.517046706665496,,14429,222380.125267685507424,776523555.048679113388062,Satsop River,40,1448.347967665796659,29527.169634323454375,
-1,1,73,Marsh,0.770348000000000,Hist,Hist salmon,14430,25.784549116479017,,14430,222380.125267685507424,776523555.048679113388062,Satsop River,40,370.555923264629826,7698.042383372145196,
-1,1,74,Pond,0.381068000000000,Hist,Hist no salmon,17732,1849.265705329875345,,17732,246250.590740413172171,507221006.855407536029816,Wynoochee River,42,268.556983841884630,3807.512935514101173,
-1,1,75,Marsh,1.985034000000000,Hist,Hist salmon,12475,14.455381969967105,,12475,222380.125267685507424,776523555.048679113388062,Satsop River,40,935.010727216097962,19836.824246559051971,
-1,1,76,Marsh,0.929377000000000,Hist,Hist no salmon,13843,207.483917318578477,,13843,222380.125267685507424,776523555.048679113388062,Satsop River,40,386.532726408396627,9287.353539605635888,
-1,1,77,Marsh,0.538293000000000,Curr,Hist salmon,16280,252.326001899968531,,16280,222380.125267685507424,776523555.048679113388062,Satsop River,40,287.428044861260048,5378.976634350596214,
-1,1,78,Pond,0.304442000000000,Curr,Hist salmon,20264,237.105010820669918,,20264,222380.125267685507424,776523555.048679113388062,Satsop River,40,249.045811221452624,3042.330621857331607,
-1,1,79,Pond,0.109589000000000,Curr,Hist salmon,20270,0.000000000000000,,20270,222380.125267685507424,776523555.048679113388062,Satsop River,40,128.141673201936442,1095.137769817702520,
-1,1,80,Marsh,2.153881000000000,Hist,Hist no salmon,13851,793.138449411953047,,13851,222380.125267685507424,776523555.048679113388062,Satsop River,40,747.496908242357790,21523.756675199518213,
-1,1,81,Pond,0.037661000000000,Hist,Hist no salmon,17782,4486.236315499979355,,17782,246250.590740413172171,507221006.855407536029816,Wynoochee River,42,73.941320454811390,376.289340986833452,
-1,1,82,Pond,0.143323000000000,Hist,Hist no salmon,17782,6115.683096598614611,,17782,246250.590740413172171,507221006.855407536029816,Wynoochee River,42,161.204141719295734,1431.989070552479461,
-1,1,83,Pond,1.107841000000000,Curr,Hist salmon,9356,139.436863110639337,,9356,222380.125267685507424,776523555.048679113388062,Satsop River,40,1037.991367162759389,11071.240434692315830,
-1,1,84,Pond,0.024632000000000,Both,Hist salmon,14252,185.012539079558081,,14252,222380.125267685507424,776523555.048679113388062,Satsop River,40,61.354522159540551,246.142088198763986,
-1,1,85,Marsh,0.171832000000000,Hist,Hist salmon,7525,1289.716015478303689,,7525,61832.701814796862891,85343223.067351639270782,Unnamed: Central Lowlands 2,36,179.446641349655721,1717.234002230149144,
-1,1,86,Marsh,0.628223000000000,Curr,Hist salmon,15043,200.500692922604344,,15043,222380.125267685507424,776523555.048679113388062,Satsop River,40,388.236936064671397,6277.721498467713900,
-1,1,87,Marsh,0.002066000000000,Curr,Hist salmon,13533,1275.491971478633786,,13533,222380.125267685507424,776523555.048679113388062,Satsop River,40,22.016309761758379,20.649823835544591,
-1,1,88,Marsh,0.400118000000000,Curr,Hist salmon,14132,1151.969014255584852,,14132,222380.125267685507424,776523555.048679113388062,Satsop River,40,326.235251907217787,3998.319900672915082,
-1,1,89,Marsh,0.731692000000000,Curr,Hist salmon,3908,0.000000000000000,,3908,76524.840528758461005,151273081.305056989192963,Elk Creek,3,634.052920289501230,7312.531050407258590,
-1,1,90,Marsh,0.596378000000000,Both,Hist salmon,3910,894.237229470007264,,3910,76524.840528758461005,151273081.305056989192963,Elk Creek,3,511.275075742633703,5960.205389501673380,
-1,1,91,Pond,0.052771000000000,Hist,Hist salmon,9202,374.842698573701625,,9202,72380.641822059013066,39697893.786662034690380,Mainstem: Lower Chehalis 6,62,99.427952198232887,527.365438904485245,
-1,1,92,Marsh,0.052997000000000,Curr,Hist salmon,15058,458.109884691439731,,15058,222380.125267685507424,776523555.048679113388062,Satsop River,40,114.821130818783175,529.584790858353358,
-1,1,93,Marsh,0.439426000000000,Hist,Hist salmon,8835,297.796046744244506,,8835,72380.641822059013066,39697893.786662034690380,Mainstem: Lower Chehalis 6,62,398.615830199984885,4391.397116645580354,
-1,1,94,Marsh,7.192040000000000,Hist,Hist no salmon,13449,1323.576108691700256,,13449,222380.125267685507424,776523555.048679113388062,Satsop River,40,1900.078095780370631,71869.505406038224464,
-1,1,95,Marsh,4.599823000000000,Hist,Hist salmon,9026,234.578560775261224,,9026,72380.641822059013066,39697893.786662034690380,Mainstem: Lower Chehalis 6,62,2007.330921446468665,45968.103517670511792,
-1,1,96,Marsh,2.594415000000000,Hist,Hist salmon,23207,1384.259294902087731,,23207,43165.804896704394196,40547067.944952234625816,Unnamed: Black Hills 1,38,948.429393021050259,25926.727680857842643,
-1,1,97,Marsh,2.369098000000000,Curr,Hist salmon,12604,0.000000000000000,,12604,222380.125267685507424,776523555.048679113388062,Satsop River,40,712.438594278504411,23674.474746671534376,
-1,1,98,Marsh,0.317273000000000,Hist,Hist no salmon,13497,735.857261839333546,,13497,222380.125267685507424,776523555.048679113388062,Satsop River,40,218.433366645467856,3170.391613561854228,
-1,1,99,Marsh,6.302144000000000,Curr,Hist salmon,15638,167.069002386464831,,15638,222380.125267685507424,776523555.048679113388062,Satsop River,40,1009.691757776313239,62974.025413446885068,
-1,1,100,Marsh,0.753879000000000,Hist,Hist no salmon,15562,835.557336044696854,,15562,222380.125267685507424,776523555.048679113388062,Satsop River,40,445.737802816158364,7533.091809675117474,
-1,1,101,Pond,0.203504000000000,Both,Hist salmon,3718,0.000000000000000,,3718,76524.840528758461005,151273081.305056989192963,Elk Creek,3,204.039745225063569,2033.798450653831878,
-1,1,102,Pond,0.098154000000000,Both,Hist salmon,4146,0.000000000000000,,4146,76524.840528758461005,151273081.305056989192963,Elk Creek,3,119.414901336939991,980.944519738113627,
-1,1,103,Pond,0.034485000000000,Hist,Hist salmon,9282,8.567720881291343,,9282,72380.641822059013066,39697893.786662034690380,Mainstem: Lower Chehalis 6,62,68.269762594130000,344.622897907900722,
-1,1,104,Marsh,2.011710000000000,Curr,Hist salmon,10332,1433.878831161425524,,10332,111846.634780773121747,175346973.513960331678391,Cloquallum Creek,37,560.280517419789021,20103.505051296258898,
-1,1,105,Marsh,2.556679000000000,Hist,Hist no salmon,15587,551.067855102266890,,15587,222380.125267685507424,776523555.048679113388062,Satsop River,40,687.791479020442921,25547.711281657411746,
-1,1,106,Marsh,4.223845000000000,Curr,Hist salmon,15359,84.598362960525094,,15359,222380.125267685507424,776523555.048679113388062,Satsop River,40,1331.225614272309940,42206.968702149999444,
-1,1,107,Marsh,1.445261000000000,Hist,Hist no salmon,15612,537.479121558555448,,15612,222380.125267685507424,776523555.048679113388062,Satsop River,40,476.500548424540000,14441.682309409081427,
-1,1,108,Marsh,0.781510000000000,Hist,Hist no salmon,15611,389.485221374812625,,15611,222380.125267685507424,776523555.048679113388062,Satsop River,40,376.230313000115871,7809.184977091865221,
-1,1,109,Pond,0.179823000000000,Hist,Hist salmon,20517,0.000000000000000,,20517,118289.321295402623946,126156469.879530921578407,Upper Chehalis: Proposed Dam to Elk Creek,2,156.209062775259866,1797.142548281234667,
-1,1,110,Pond,0.048500000000000,Both,Hist salmon,3532,169.882089448324592,,3532,76524.840528758461005,151273081.305056989192963,Elk Creek,3,92.933282858291946,484.706438332565483,
-1,1,111,Marsh,0.816698000000000,Curr,Hist salmon,10332,788.828087844746619,,10332,111846.634780773121747,175346973.513960331678391,Cloquallum Creek,37,391.331587690722699,8161.461065143013002,
-1,1,112,Pond,0.026179000000000,Hist,Hist no salmon,12921,413.881057260683690,,12921,222380.125267685507424,776523555.048679113388062,Satsop River,40,66.333084007564935,261.602402966626869,
-1,1,113,Marsh,2.235405000000000,Hist,Hist salmon,12814,0.000000000000000,,12814,222380.125267685507424,776523555.048679113388062,Satsop River,40,678.709935839921513,22338.342112521499075,
-1,1,114,Marsh,0.121736000000000,Curr,Hist salmon,15647,125.512281597501612,,15647,222380.125267685507424,776523555.048679113388062,Satsop River,40,157.050213056792074,1216.467205524267229,
-1,1,115,Marsh,0.758918000000000,Hist,Hist salmon,15659,665.794075832720409,,15659,222380.125267685507424,776523555.048679113388062,Satsop River,40,370.295894271288716,7583.567793417093526,
-1,1,116,Pond,0.026124000000000,Hist,Hist salmon,15659,510.263880221859040,,15659,222380.125267685507424,776523555.048679113388062,Satsop River,40,65.200896628128888,261.044045430241738,
-1,1,117,Pond,0.106985000000000,Both,Hist salmon,3698,0.000000000000000,,3698,76524.840528758461005,151273081.305056989192963,Elk Creek,3,172.033427101561898,1069.193551538863403,
-1,1,118,Pond,0.065770000000000,Both,Hist salmon,22762,277.888143038945202,,22762,76524.840528758461005,151273081.305056989192963,Elk Creek,3,97.193795999101127,657.298172118762977,
-1,1,119,Marsh,0.801776000000000,Hist,Hist salmon,6175,0.000000000000000,,6175,52529.756095652686781,68590327.366781875491142,Rock Creek (Lower Chehalis),28,405.859502186927330,8012.702054755335666,
-1,1,120,Pond,0.111951000000000,Curr,Hist no salmon,8940,86.598480102443645,,8940,72380.641822059013066,39697893.786662034690380,Mainstem: Lower Chehalis 6,62,138.433626787285135,1118.770239929065838,Yes
-1,1,121,Marsh,6.256216000000000,Curr,Hist no salmon,13653,157.583986082540633,,13653,222380.125267685507424,776523555.048679113388062,Satsop River,40,1593.801387152404004,62516.720831499849737,
-1,1,122,Marsh,0.140064000000000,Curr,Hist salmon,13655,0.000000000000000,,13655,222380.125267685507424,776523555.048679113388062,Satsop River,40,176.460572359675325,1399.617809153425014,
-1,1,123,Marsh,1.774507000000000,Curr,Hist no salmon,13655,185.325639760037433,,13655,222380.125267685507424,776523555.048679113388062,Satsop River,40,847.884698507884536,17732.166008488544321,
-1,1,124,Marsh,1.850935000000000,Curr,Hist salmon,13659,59.245100887222250,,13659,222380.125267685507424,776523555.048679113388062,Satsop River,40,756.931542264352061,18495.851355083217641,
-1,1,125,Pond,0.193083000000000,Both,Hist salmon,19599,1415.538815182360395,,19599,87582.837988347251667,164879927.806114047765732,Upper Chehalis: Above Proposed Dam,1,241.505651191231152,1929.640227681784609,
-1,1,126,Pond,0.039467000000000,Hist,Hist no salmon,2438,869.629328041715780,,2438,118289.321295402623946,126156469.879530921578407,Upper Chehalis: Proposed Dam to Elk Creek,2,74.701830618522479,394.423610987907864,
-1,1,127,Marsh,1.567155000000000,Hist,Hist salmon,7677,193.088768325229154,,7677,72380.641822059013066,39697893.786662034690380,Mainstem: Lower Chehalis 6,62,951.769844890916829,15661.276452069192601,Yes
-1,1,128,Pond,0.208157000000000,Curr,Hist no salmon,7678,761.441608465609875,,7678,72380.641822059013066,39697893.786662034690380,Mainstem: Lower Chehalis 6,62,185.571665292750424,2080.206627411761929,
-1,1,129,Marsh,0.226025000000000,Hist,Hist no salmon,13365,668.455173312503689,,13365,222380.125267685507424,776523555.048679113388062,Satsop River,40,191.171938733735857,2258.633812943555768,
-1,1,130,Marsh,0.198638000000000,Curr,Hist salmon,13660,389.151578521333533,,13660,222380.125267685507424,776523555.048679113388062,Satsop River,40,165.210284951031184,1984.930999470132292,
-1,1,131,Marsh,0.489962000000000,Hist,Hist no salmon,13424,162.087084302638885,,13424,222380.125267685507424,776523555.048679113388062,Satsop River,40,283.362749071382382,4896.053567765392472,
-1,1,132,Marsh,2.372180000000000,Hist,Hist salmon,13679,381.477650420696307,,13679,222380.125267685507424,776523555.048679113388062,Satsop River,40,837.441122901655490,23704.217736556081945,
-1,1,133,Marsh,54.760983000000003,Curr,Hist salmon,13678,0.000000000000000,,13678,222380.125267685507424,776523555.048679113388062,Satsop River,40,7386.961671319974812,547202.252839153516106,
-1,1,134,Pond,0.527822000000000,Hist,Hist no salmon,22940,300.943963744202392,,22940,118289.321295402623946,126156469.879530921578407,Upper Chehalis: Proposed Dam to Elk Creek,2,341.652494328421085,5274.991997034890119,
-1,1,135,Pond,3.367589000000000,Curr,Hist salmon,20076,0.000000000000000,,20076,64500.793559666235524,70730227.349633023142815,Mox Chehalis Creek,34,1208.173037339473467,33653.840488283938612,
-1,1,136,Marsh,0.344375000000000,Hist,Hist salmon,8760,215.409257752152200,,8760,64500.793559666235524,70730227.349633023142815,Mox Chehalis Creek,34,236.017537463707328,3441.455422127869042,
-1,1,137,Marsh,1.476705000000000,Curr,Hist salmon,9924,0.000000000000000,,9924,111846.634780773121747,175346973.513960331678391,Cloquallum Creek,37,498.575085413123077,14756.992712918092366,
-1,1,138,Marsh,3.499821000000000,Curr,Hist salmon,11047,3.148848855121472,,11047,111846.634780773121747,175346973.513960331678391,Cloquallum Creek,37,971.777345938980716,34973.896235205742414,
-1,1,139,Marsh,0.329555000000000,Curr,Hist no salmon,13438,300.855441085963946,,13438,222380.125267685507424,776523555.048679113388062,Satsop River,40,213.112699403472192,3293.203287302495028,
-1,1,140,Marsh,0.384879000000000,Hist,Hist salmon,23263,243.005655169492627,,23263,111846.634780773121747,175346973.513960331678391,Cloquallum Creek,37,263.393780386932576,3846.046007569997073,
-1,1,141,Marsh,0.436848000000000,Hist,Hist salmon,13419,0.000000000000000,,13419,222380.125267685507424,776523555.048679113388062,Satsop River,40,268.599719345887934,4365.302405629910936,
-1,1,142,Marsh,1.357575000000000,Hist,Hist no salmon,13991,702.708474459796889,,13991,222380.125267685507424,776523555.048679113388062,Satsop River,40,635.389546891171221,13565.914667410646871,
-1,1,143,Marsh,0.405560000000000,Hist,Hist salmon,13419,245.421752153214271,,13419,222380.125267685507424,776523555.048679113388062,Satsop River,40,247.287011235999444,4052.645367068431824,
-1,1,144,Marsh,0.237680000000000,Hist,Hist no salmon,13991,678.510065879976310,,13991,222380.125267685507424,776523555.048679113388062,Satsop River,40,179.637519499630002,2375.071437016325035,
-1,1,145,Marsh,4.058011000000000,Curr,Hist no salmon,13992,519.314577158858697,,13992,222380.125267685507424,776523555.048679113388062,Satsop River,40,920.483469814838259,40550.627902361877204,
-1,1,146,Marsh,4.605973000000000,Curr,Hist no salmon,13425,1117.502266675929150,,13425,222380.125267685507424,776523555.048679113388062,Satsop River,40,1340.569366412302770,46025.857210025198583,
-1,1,147,Lake,113.388007000000002,Curr,Hist salmon,14981,0.000000000000000,,14981,222380.125267685507424,776523555.048679113388062,Satsop River,40,4827.941310104677541,1133035.132155308499932,
-1,1,148,Pond,0.146365000000000,Hist,Hist salmon,20607,0.000000000000000,,20607,55554.058267856235034,72106875.751249000430107,Garrard Creek,25,160.336577180255489,1462.730949758752558,
-1,1,149,Marsh,0.661646000000000,Curr,Hist salmon,5852,0.000000000000000,,5852,34889.509330777720606,17144842.197271723300219,Unnamed: Central Lowlands 4,27,373.103330859361563,6612.281975098950170,
-1,1,150,Marsh,0.086096000000000,Both,Hist no salmon,6635,710.868577173964127,,6635,52529.756095652686781,68590327.366781875491142,Rock Creek (Lower Chehalis),28,121.995421019555494,860.408246634802140,
-1,1,151,Marsh,1.944044000000000,Curr,Hist salmon,23102,226.652154643998642,,23102,64500.793559666235524,70730227.349633023142815,Mox Chehalis Creek,34,1253.148952477413332,19427.701480811399961,
-1,1,152,Marsh,0.835305000000000,Hist,Hist salmon,8765,32.303833207416176,,8765,64500.793559666235524,70730227.349633023142815,Mox Chehalis Creek,34,356.875136791062459,8347.478120541167300,
-1,1,153,Pond,0.682684000000000,Hist,Hist salmon,12683,520.133284987958405,,12683,111846.634780773121747,175346973.513960331678391,Cloquallum Creek,37,404.222457122158687,6821.983338670165722,
-1,1,154,Marsh,0.291411000000000,Curr,Hist no salmon,14984,898.470040561921792,,14984,222380.125267685507424,776523555.048679113388062,Satsop River,40,202.516285553794575,2911.930227672105502,
-1,1,155,Marsh,1.038694000000000,Curr,Hist no salmon,14984,752.744153236116176,,14984,222380.125267685507424,776523555.048679113388062,Satsop River,40,535.520413548498368,10379.147455474543676,
-1,1,156,Marsh,0.024618000000000,Both,Hist salmon,149,629.879379260047358,,149,87582.837988347251667,164879927.806114047765732,Upper Chehalis: Above Proposed Dam,1,72.786572462755132,246.023547978007258,
-1,1,157,Pond,0.194546000000000,Hist,Hist no salmon,5040,134.552736413588519,,5040,55554.058267856235034,72106875.751249000430107,Garrard Creek,25,167.453592314732248,1944.243311437001012,
-1,1,158,Marsh,6.789175000000000,Hist,Hist salmon,6347,734.710540685572596,,6347,52529.756095652686781,68590327.366781875491142,Rock Creek (Lower Chehalis),28,1413.570674014112228,67848.397728278199793,
-1,1,159,Marsh,0.082823000000000,Both,Hist salmon,11252,0.000000000000000,,11252,111846.634780773121747,175346973.513960331678391,Cloquallum Creek,37,113.402389443073687,827.657548724861954,
-1,1,160,Marsh,0.160200000000000,Hist,Hist no salmon,13905,375.423148495992734,,13905,222380.125267685507424,776523555.048679113388062,Satsop River,40,159.193868075688528,1600.843625333076943,
-1,1,161,Marsh,15.413513000000000,Curr,Hist salmon,13913,0.000000000000000,,13913,222380.125267685507424,776523555.048679113388062,Satsop River,40,2742.609083117822593,154023.211492271570023,
-1,1,162,Marsh,7.651794000000000,Curr,Hist salmon,13918,0.000000000000000,,13918,222380.125267685507424,776523555.048679113388062,Satsop River,40,1634.254411785595494,76462.145392043472384,
-1,1,163,Marsh,1.496065000000000,Hist,Hist salmon,22731,329.674024671481789,,22731,222380.125267685507424,776523555.048679113388062,Satsop River,40,928.267603688012400,14949.575311114869692,
-1,1,164,Marsh,0.065071000000000,Hist,Hist salmon,14984,1459.034884605646994,,14984,222380.125267685507424,776523555.048679113388062,Satsop River,40,108.375938559276690,650.222137046696957,
-1,1,165,Marsh,0.028623000000000,Both,Hist salmon,149,629.497813179523177,,149,87582.837988347251667,164879927.806114047765732,Upper Chehalis: Above Proposed Dam,1,67.133444938671062,286.048033233852436,
-1,1,166,Marsh,0.126705000000000,Hist,Hist salmon,20597,0.000000000000000,,20597,55554.058267856235034,72106875.751249000430107,Garrard Creek,25,146.032504034417485,1266.250458259247580,
-1,1,167,Marsh,0.018196000000000,Hist,Hist no salmon,12090,112.385197107276369,,12090,111846.634780773121747,175346973.513960331678391,Cloquallum Creek,37,51.840521716268604,181.826476568030330,
-1,1,168,Marsh,2.794282000000000,Hist,Hist no salmon,13920,442.628938579526562,,13920,222380.125267685507424,776523555.048679113388062,Satsop River,40,882.416560712238265,27922.487180851214362,
-1,1,169,Marsh,0.273233000000000,Hist,Hist salmon,22806,0.000000000000000,,22806,55554.058267856235034,72106875.751249000430107,Garrard Creek,25,275.097552997089849,2730.601100401931944,
-1,1,170,Marsh,0.198585000000000,Curr,Hist salmon,5537,0.004925781394845,,5537,55554.058267856235034,72106875.751249000430107,Garrard Creek,25,180.784184951001151,1984.593942289772485,
-1,1,171,Pond,4.493218000000000,Curr,Hist salmon,5813,0.000000000000000,,5813,38521.396498919821170,15187066.736874151974916,Mainstem: Lower Chehalis 4,60,1964.878805610113204,44903.455789941348485,Yes
-1,1,172,Pond,1.515674000000000,Curr,Hist no salmon,6068,1254.738700437965463,,6068,34889.509330777720606,17144842.197271723300219,Unnamed: Central Lowlands 4,27,544.107262549472239,15147.048698894366680,Yes
-1,1,173,Pond,0.401462000000000,Hist,Hist salmon,12491,0.000000000000000,,12491,111846.634780773121747,175346973.513960331678391,Cloquallum Creek,37,490.937042040895847,4011.761010865506250,
-1,1,174,Marsh,0.110865000000000,Curr,Hist salmon,12501,601.646303110949248,,12501,111846.634780773121747,175346973.513960331678391,Cloquallum Creek,37,129.345182521301865,1107.854659642998513,
-1,1,175,Marsh,0.064293000000000,Curr,Hist no salmon,12501,516.670300886330324,,12501,111846.634780773121747,175346973.513960331678391,Cloquallum Creek,37,97.213607802704402,642.468184691933857,
-1,1,176,Marsh,0.040176000000000,Hist,Hist salmon,14689,429.396904178351576,,14689,222380.125267685507424,776523555.048679113388062,Satsop River,40,103.734097234729134,401.460973431995001,
-1,1,177,Marsh,5.246876000000000,Curr,Hist salmon,14703,225.556602058885517,,14703,222380.125267685507424,776523555.048679113388062,Satsop River,40,1775.066999071583041,52429.617243301174312,
-1,2,178,Pond,0.448943000000000,Hist,Hist salmon,3461,197.258198044784137,,3461,65306.643175367535150,54983150.600972734391689,Unnamed: Willapa Hills 2,6,406.705126220357613,4486.646195568349867,
-1,1,179,Pond,0.065010000000000,Hist,Hist salmon,4690,0.000000000000000,,4690,90912.708609555149451,112473867.070502221584320,Lincoln Creek,19,105.861676869952859,649.694401029869937,
-1,1,180,Pond,0.658964000000000,Curr,Hist no salmon,6078,241.128207121875221,,6078,27970.938181912708387,14303610.877944013103843,Unnamed: Black Hills 5,26,328.073145750495087,6585.415011587817389,
-1,1,181,Marsh,0.033888000000000,Hist,Hist salmon,12499,0.000000000000000,,12499,111846.634780773121747,175346973.513960331678391,Cloquallum Creek,37,77.198507438837993,338.640604976032705,
-1,1,182,Pond,1.534450000000000,Hist,Hist salmon,5611,70.117598008962588,,5611,38521.396498919821170,15187066.736874151974916,Mainstem: Lower Chehalis 4,60,860.142801383293090,15334.704219709843528,Yes
-1,1,183,Marsh,0.092477000000000,Hist,Hist salmon,19482,0.000000000000000,,19482,72962.203844451025361,93771104.135443136096001,Bunker Creek,10,113.124790602057544,924.186778693326119,
-1,1,184,Marsh,0.105487000000000,Hist,Hist no salmon,8201,3206.992019122028978,,8201,39771.791102286122623,24612682.804720312356949,Unnamed: Black Hills 4,30,140.187926522791685,1054.175843643576627,
-1,1,185,Marsh,0.584177000000000,Hist,Hist no salmon,8201,841.114327321856877,,8201,67829.617527592563420,102901766.598401084542274,Porter Creek,32,352.565510524800573,5837.890905439583548,
-1,1,186,Marsh,0.406631000000000,Curr,Hist no salmon,12802,327.075458639181363,,12802,111846.634780773121747,175346973.513960331678391,Cloquallum Creek,37,250.600408080588721,4063.370659874090506,
-1,1,187,Marsh,0.921491000000000,Hist,Hist no salmon,701,857.467362040620856,,701,128713.250162538577570,324568132.476597189903259,South Fork Chehalis,5,607.595318990999203,9209.123651108682679,
-1,1,188,Marsh,0.134864000000000,Hist,Hist salmon,4657,279.285596764804268,,4657,90912.708609555149451,112473867.070502221584320,Lincoln Creek,19,135.801416225145687,1347.790845084668945,
-1,1,189,Marsh,0.403004000000000,Both,Hist salmon,5723,195.306053720074914,,5723,159862.665859964530682,364384257.434201776981354,Black River,23,309.438998682079671,4027.453933301122561,Yes
-1,1,190,Marsh,0.058888000000000,Curr,Hist no salmon,20424,1706.514269549403707,,20424,67829.617527592563420,102901766.598401084542274,Porter Creek,32,92.685766191694924,588.476348792082263,
-1,1,191,Marsh,0.077866000000000,Hist,Hist no salmon,20424,1663.588604359760438,,20424,67829.617527592563420,102901766.598401084542274,Porter Creek,32,108.365135168031316,778.130582485437685,
-1,1,192,Marsh,8.316443000000000,Hist,Hist salmon,4794,0.000000000000000,,4794,90912.708609555149451,112473867.070502221584320,Lincoln Creek,19,1822.205374598133176,83111.603861608338775,
-1,1,193,Marsh,1.946653000000000,Hist,Hist salmon,4773,0.000000000000000,,4773,90912.708609555149451,112473867.070502221584320,Lincoln Creek,19,815.340102237971109,19454.161820571032877,
-1,1,194,Marsh,0.192319000000000,Hist,Hist salmon,20560,0.000000000000000,,20560,98751.225704972457606,77067740.308363378047943,Unnamed: Central Lowlands 6,20,189.962871666425116,1921.967996706470785,
-1,1,195,Marsh,0.270326000000000,Curr,Hist no salmon,2013,331.937143321364204,,2013,128713.250162538577570,324568132.476597189903259,South Fork Chehalis,5,221.533641805371190,2701.558319065283285,
-1,1,196,Marsh,0.231687000000000,Hist,Hist salmon,4791,409.840993803351921,,4791,90912.708609555149451,112473867.070502221584320,Lincoln Creek,19,250.132475389630912,2315.399631047218918,
-1,1,197,Marsh,6.542079000000000,Hist,Hist salmon,4826,0.000000000000000,,4826,90912.708609555149451,112473867.070502221584320,Lincoln Creek,19,1728.722287581884530,65379.192731223556621,
-1,1,198,Pond,0.036159000000000,Curr,Hist no salmon,5753,370.522262188936793,,5753,159862.665859964530682,364384257.434201776981354,Black River,23,87.357589402692327,361.358572442735237,
-1,1,199,Pond,0.011407000000000,Curr,Hist no salmon,5753,474.017436659906195,,5753,159862.665859964530682,364384257.434201776981354,Black River,23,40.900324664279708,113.994934516313634,
-1,1,200,Marsh,0.065913000000000,Hist,Hist salmon,22798,0.000000000000000,,22798,70790.401097194917384,102524081.591505512595177,Cedar Creek,29,102.919024293895063,658.692802023996137,
-1,1,201,Marsh,0.058168000000000,Hist,Hist salmon,8584,1593.415161610131918,,8584,67829.617527592563420,102901766.598401084542274,Porter Creek,32,93.947318669744490,581.288649702402154,
-1,1,202,Marsh,0.054371000000000,Hist,Hist salmon,922,66.556764609812120,,922,128713.250162538577570,324568132.476597189903259,South Fork Chehalis,5,140.819597158975313,543.365056455332819,
-1,1,203,Marsh,0.568033000000000,Curr,Hist salmon,2015,98.385800479797354,,2015,128713.250162538577570,324568132.476597189903259,South Fork Chehalis,5,486.512776266786318,5676.765806205753506,
-1,1,204,Pond,0.942490000000000,Both,Hist salmon,85,491.505429497833461,,85,128713.250162538577570,324568132.476597189903259,South Fork Chehalis,5,564.483473339343504,9418.875321610419633,
-1,1,205,Marsh,1.759077000000000,Hist,Hist salmon,1774,32.298301860055474,,1774,128713.250162538577570,324568132.476597189903259,South Fork Chehalis,5,633.335546698963981,17579.720600382112025,
-1,1,206,Marsh,1.018510000000000,Hist,Hist salmon,1770,65.008736074405476,,1770,128713.250162538577570,324568132.476597189903259,South Fork Chehalis,5,427.149477101978903,10178.699209668840922,
-1,1,207,Pond,0.157274000000000,Hist,Hist no salmon,20486,296.791437959816449,,20486,34108.605140610685339,18818520.316444125026464,Unnamed: Willapa Hills 4,8,165.360539509162948,1571.748536619040578,
-1,1,208,Pond,0.035603000000000,Curr,Hist no salmon,19218,208.328568953910690,,19218,159862.665859964530682,364384257.434201776981354,Black River,23,85.554834168269622,355.799293994878042,
-1,1,209,Pond,0.007958000000000,Curr,Hist no salmon,19218,442.946810728989362,,19218,159862.665859964530682,364384257.434201776981354,Black River,23,34.620548351467519,79.528522589126169,
-1,1,210,Pond,0.107315000000000,Curr,Hist salmon,20331,649.821449615039796,,20331,159862.665859964530682,364384257.434201776981354,Black River,23,139.694926033243803,1072.442142432493483,
-1,1,211,Marsh,0.051725000000000,Hist,Hist salmon,20642,1378.574212480772303,,20642,72962.203844451025361,93771104.135443136096001,Bunker Creek,10,92.434504412244422,516.922723592723969,
-1,1,212,Marsh,0.483242000000000,Hist,Hist salmon,6906,1270.372637492577269,,6906,159862.665859964530682,364384257.434201776981354,Black River,23,343.158668701823387,4829.234920338507436,
-1,1,213,Pond,0.065287000000000,Curr,Hist salmon,8561,0.000000000000000,,8561,159862.665859964530682,364384257.434201776981354,Black River,23,111.607101804596809,652.425335216258077,
-1,1,214,Marsh,0.047326000000000,Hist,Hist salmon,2740,27.184414458932391,,2740,34108.605140610685339,18818520.316444125026464,Unnamed: Willapa Hills 4,8,86.909714870280425,472.959322186455267,
-1,1,215,Marsh,0.477266000000000,Hist,Hist salmon,3409,0.000000000000000,,3409,41351.329529655922670,29855620.203990574926138,Unnamed: Central Lowlands 9,11,263.033463147918667,4769.650842023664154,
-1,1,216,Marsh,11.477759000000001,Curr,Hist salmon,5350,0.000000000000000,,5350,106638.473340230484609,103623513.334606394171715,Scatter Creek,22,3161.764529323228544,114703.517256267165067,
-1,1,217,Pond,0.978107000000000,Hist,Hist no salmon,6911,521.269172197926991,,6911,159862.665859964530682,364384257.434201776981354,Black River,23,690.137594163910876,9774.590377285365321,
-1,1,218,Marsh,0.055547000000000,Both,Hist no salmon,6914,136.364170227698708,,6914,159862.665859964530682,364384257.434201776981354,Black River,23,96.348298907647560,555.101810962409331,
-1,1,219,Pond,5.146376000000000,Hist,Hist salmon,5131,635.808649692851191,,5131,40239.034924584579130,15952808.948135545477271,Mainstem: Lower Chehalis 2,58,1955.947959374367656,51430.825214689895802,Yes
-1,1,220,Marsh,1.589659000000000,Curr,Hist no salmon,7637,805.462727052218156,,7637,159862.665859964530682,364384257.434201776981354,Black River,23,737.687552664282180,15885.963267991222892,
-1,1,221,Marsh,1.374482000000000,Curr,Hist no salmon,7637,629.678512821418167,,7637,159862.665859964530682,364384257.434201776981354,Black River,23,882.558090497619901,13735.627592131439087,
-1,1,222,Marsh,0.597495000000000,Curr,Hist salmon,22591,0.000000000000000,,22591,59313.456616296323773,20382099.438309937715530,Mainstem: Middle Chehalis 2,55,435.409082872424960,5971.189027471443296,
-1,1,223,Pond,0.041132000000000,Hist,Hist no salmon,4024,1058.197199286575369,,4024,41351.329529655922670,29855620.203990574926138,Unnamed: Central Lowlands 9,11,74.683812069185663,411.060066211737308,
-1,1,224,Pond,0.446786000000000,Both,Hist salmon,5191,0.000000000000000,,5191,40239.034924584579130,15952808.948135545477271,Mainstem: Lower Chehalis 2,58,471.389124202501819,4464.988031630939076,Yes
-1,1,225,Marsh,0.089519000000000,Both,Hist salmon,19257,130.660295504087628,,19257,159862.665859964530682,364384257.434201776981354,Black River,23,133.755984705979756,894.611033504893612,
-1,1,226,Pond,0.087447000000000,Hist,Hist no salmon,7635,559.966533421324925,,7635,159862.665859964530682,364384257.434201776981354,Black River,23,126.864826481969359,873.884165117722205,
-1,1,227,Pond,0.705457000000000,Curr,Hist no salmon,7831,567.893896311156709,,7831,159862.665859964530682,364384257.434201776981354,Black River,23,586.279269194358335,7049.806214792954961,
-1,1,228,Pond,0.092552000000000,Curr,Hist no salmon,3381,137.939419077711875,,3381,41351.329529655922670,29855620.203990574926138,Unnamed: Central Lowlands 9,11,121.489181892792388,924.936362264845684,
-1,1,229,Marsh,0.068992000000000,Curr,Hist no salmon,4753,374.563933628866550,,4753,33120.890699998715718,13469576.136961460113525,Mainstem: Lower Chehalis 1,57,103.568239496004409,689.478812442843605,
-1,1,230,Marsh,0.120179000000000,Hist,Hist no salmon,4753,652.840424954039122,,4753,33120.890699998715718,13469576.136961460113525,Mainstem: Lower Chehalis 1,57,139.136583296179907,1201.026957327264427,
-1,1,231,Marsh,0.384241000000000,Curr,Hist salmon,1806,617.145721662239907,,1806,59791.565918335734750,95616163.941657066345215,Stearns Creek,9,234.336450054199304,3839.991067857034523,
-1,1,232,Marsh,0.187727000000000,Hist,Hist salmon,20656,594.110650781448726,,20656,33658.170172136567999,13036252.537259833887219,Unnamed: Central Lowlands 8,14,210.435550592101777,1876.087704736160276,
-1,1,233,Pond,0.069916000000000,Curr,Hist no salmon,5388,393.140073638174840,,5388,106638.473340230484609,103623513.334606394171715,Scatter Creek,22,134.321195400993759,698.705071000500084,
-1,1,234,Marsh,4.279459000000000,Curr,Hist salmon,7142,0.000000000000000,,7142,159862.665859964530682,364384257.434201776981354,Black River,23,1015.417114705219433,42766.151724497627583,
-1,1,235,Pond,0.020903000000000,Curr,Hist no salmon,4295,21.145303072399209,,4295,49339.273498255643062,17306234.431499805301428,Mainstem: Middle Chehalis 3,56,54.195381941521021,208.896173646595258,
-1,1,236,Pond,0.433526000000000,Curr,Hist salmon,5048,1090.085663547699141,,5048,64116.909780659618264,34581500.544033728539944,Unnamed: Black River 1,21,274.797265779039094,4332.480159372854359,
-1,1,237,Marsh,3.850481000000000,Curr,Hist salmon,6747,0.000000000000000,,6747,159862.665859964530682,364384257.434201776981354,Black River,23,1280.237225271772786,38479.412179700309935,
-1,1,238,Marsh,34.231411000000001,Curr,Hist salmon,7717,0.000000000000000,,7717,159862.665859964530682,364384257.434201776981354,Black River,23,3714.917082906944415,342083.261954573681578,
-1,1,239,Pond,0.134821000000000,Curr,Hist no salmon,6384,1708.019820339882244,,6384,106638.473340230484609,103623513.334606394171715,Scatter Creek,22,147.517856171797462,1347.327430327949742,
-1,1,240,Marsh,2.681696000000000,Curr,Hist salmon,6753,309.604573311281058,,6753,159862.665859964530682,364384257.434201776981354,Black River,23,950.388422177804500,26799.259648519349867,
-1,1,241,Marsh,0.964185000000000,Both,Hist no salmon,7269,714.088558343778686,,7269,159862.665859964530682,364384257.434201776981354,Black River,23,366.446313143804673,9635.415666753197002,
-1,1,242,Marsh,21.251242000000001,Curr,Hist salmon,8322,97.503073687814123,,8322,159862.665859964530682,364384257.434201776981354,Black River,23,2331.539498945759988,212369.046370830736123,
-1,1,243,Pond,6.399670000000000,Hist,Hist salmon,8322,860.489251607319488,,8322,159862.665859964530682,364384257.434201776981354,Black River,23,1603.324492214672773,63953.608996483715600,
-1,1,244,Pond,1.027532000000000,Hist,Hist salmon,4311,0.000000000000000,,4311,49339.273498255643062,17306234.431499805301428,Mainstem: Middle Chehalis 3,56,488.533891780558008,10268.795074175257469,Yes
-1,1,245,Pond,0.035724000000000,Hist,Hist salmon,6369,858.962227624867865,,6369,159862.665859964530682,364384257.434201776981354,Black River,23,71.957746952338070,357.010754964845944,
-1,1,246,Marsh,0.523593000000000,Curr,Hist salmon,6379,150.930895487821488,,6379,159862.665859964530682,364384257.434201776981354,Black River,23,473.335128865320428,5232.513363718658184,
-1,1,247,Pond,0.879204000000000,Curr,Hist salmon,6379,156.851581148847714,,6379,159862.665859964530682,364384257.434201776981354,Black River,23,470.383183050012178,8786.293269264484479,
-1,1,248,Pond,6.017021000000000,Hist,Hist salmon,6378,0.000000000000000,,6378,159862.665859964530682,364384257.434201776981354,Black River,23,2261.612870156035569,60130.898720052202407,
-1,1,249,Marsh,3.141435000000000,Curr,Hist salmon,6614,0.000000000000000,,6614,159862.665859964530682,364384257.434201776981354,Black River,23,770.862308158167252,31393.671060670410952,
-1,1,250,Pond,0.032864000000000,Curr,Hist salmon,17978,267.404412745883349,,17978,151813.484517717675772,406226339.697148263454437,Newaukum River,12,76.970934945737426,328.435090467092266,Yes
-1,1,251,Pond,0.082344000000000,Curr,Curr degrade,4306,733.249466233483417,,4306,29197.538453411489172,11587509.456123769283295,Unnamed: Cascade Mountains 1,16,129.379358893490121,822.919389391377308,
-1,1,252,Marsh,2.502276000000000,Hist,Hist salmon,6376,410.445586533457231,,6376,159862.665859964530682,364384257.434201776981354,Black River,23,1059.947134788075346,25006.427471608174528,
-1,1,253,Marsh,6.341096000000000,Hist,Hist salmon,6619,0.000000000000000,,6619,159862.665859964530682,364384257.434201776981354,Black River,23,1301.021741212111465,63369.297923747937602,
-1,1,254,Pond,0.206619000000000,Curr,Hist no salmon,6772,926.913258712190441,,6772,159862.665859964530682,364384257.434201776981354,Black River,23,218.616494157928344,2064.820201076310241,
-1,1,255,Pond,0.170746000000000,Curr,Hist salmon,17987,142.598629622352234,,17987,151813.484517717675772,406226339.697148263454437,Newaukum River,12,201.741857274852464,1706.382675791416659,
-1,1,256,Pond,0.056349000000000,Curr,Hist no salmon,6376,1820.425109679958496,,6376,159862.665859964530682,364384257.434201776981354,Black River,23,87.804184750457182,563.125890255389891,
-1,1,257,Marsh,9.948416000000000,Curr,Hist salmon,6372,534.340509899299491,,6372,159862.665859964530682,364384257.434201776981354,Black River,23,3443.571706235498368,99419.112041801025043,
-1,1,258,Marsh,5.110338000000000,Curr,Hist no salmon,23012,1132.832948303963803,,23012,159862.665859964530682,364384257.434201776981354,Black River,23,1543.537315800189390,51070.034386417850328,
-1,1,259,Marsh,1.238404000000000,Curr,Hist no salmon,23013,1659.820753130159574,,23013,159862.665859964530682,364384257.434201776981354,Black River,23,483.540561527502803,12375.972573046219622,
-1,1,260,Marsh,0.782247000000000,Curr,Hist salmon,6691,178.591298703033772,,6691,159862.665859964530682,364384257.434201776981354,Black River,23,357.846469849601306,7817.345086270425782,
-1,1,261,Pond,1.834524000000000,Hist,Hist salmon,6788,631.123843835822981,,6788,159862.665859964530682,364384257.434201776981354,Black River,23,701.678752343055294,18333.163147592269524,
-1,1,262,Pond,4.057068000000000,Both,Hist no salmon,7204,750.058425567874565,,7204,159862.665859964530682,364384257.434201776981354,Black River,23,768.332128591887795,40543.750424209618359,
-1,1,263,Marsh,0.313598000000000,Curr,Hist no salmon,7297,691.535555848141598,,7297,159862.665859964530682,364384257.434201776981354,Black River,23,250.966545482858464,3133.876897783765799,
-1,1,264,Marsh,0.177946000000000,Curr,Hist no salmon,7297,724.443465384396859,,7297,159862.665859964530682,364384257.434201776981354,Black River,23,164.389652231518312,1778.267612452305457,
-1,1,265,Pond,0.168016000000000,Hist,Hist salmon,5456,1656.336775118816831,,5456,106638.473340230484609,103623513.334606394171715,Scatter Creek,22,187.298555903742454,1679.067750307283859,
-1,1,266,Marsh,15.572703000000001,Hist,Hist no salmon,7198,326.726491618061857,,7198,159862.665859964530682,364384257.434201776981354,Black River,23,1658.562693422927168,155624.240928670013091,
-1,1,267,Pond,11.376322999999999,Hist,Hist salmon,7196,0.000000000000000,,7196,159862.665859964530682,364384257.434201776981354,Black River,23,1233.009087245331102,113688.032640855715727,
-1,1,268,Marsh,1.795792000000000,Hist,Hist salmon,7297,759.741026500175394,,7297,159862.665859964530682,364384257.434201776981354,Black River,23,568.663390828442175,17945.966778695728863,
-1,1,269,Pond,0.155933000000000,Hist,Hist no salmon,1910,161.795052904418327,,1910,151813.484517717675772,406226339.697148263454437,Newaukum River,12,161.279381189672790,1558.349941214731416,
-1,1,270,Pond,0.215551000000000,Hist,Hist no salmon,18407,367.991744120099156,,18407,138406.144823040289339,318898089.190657675266266,Skookumchuck River,18,175.194629603431821,2154.138767732356428,
-1,1,271,Pond,1.572300000000000,Curr,Hist no salmon,18402,400.375412334314660,,18402,138406.144823040289339,318898089.190657675266266,Skookumchuck River,18,506.122392483998226,15712.973482220784717,
-1,1,272,Marsh,3.643490000000000,Curr,Hist salmon,6706,300.705654307134296,,6706,159862.665859964530682,364384257.434201776981354,Black River,23,1184.497023075618927,36411.069373286947666,
-1,1,273,Marsh,0.288164000000000,Curr,Hist salmon,2964,0.000000000000000,,2964,50132.307652337098261,42180804.244348973035812,Unnamed: Cascade Mountains 2,13,268.745484453106542,2879.828665406778782,
-1,1,274,Pond,1.401393000000000,Hist,Hist salmon,18913,376.720884820295396,,18913,138406.144823040289339,318898089.190657675266266,Skookumchuck River,18,462.513790728698496,14005.081843609455973,
-1,1,275,Pond,1.223483000000000,Curr,Hist no salmon,18751,217.895356110988217,,18751,138406.144823040289339,318898089.190657675266266,Skookumchuck River,18,656.391506133775238,12227.048672100356271,
-1,1,276,Pond,0.145779000000000,Curr,Curr degrade,5464,48.587392355403786,,5464,106638.473340230484609,103623513.334606394171715,Scatter Creek,22,166.784862905673634,1456.840800616663500,
-1,1,277,Pond,4.165626000000000,Curr,Hist salmon,6710,393.179331100926220,,6710,159862.665859964530682,364384257.434201776981354,Black River,23,908.567781873885451,41629.004264008544851,
-1,1,278,Marsh,1.309441000000000,Hist,Hist salmon,6711,930.243092023930444,,6711,159862.665859964530682,364384257.434201776981354,Black River,23,446.515416748388020,13085.855005454435741,
-1,1,279,Marsh,1.443215000000000,Curr,Hist salmon,6711,837.153907563844314,,6711,159862.665859964530682,364384257.434201776981354,Black River,23,496.681361290979567,14422.718428705034967,
-1,1,280,Marsh,0.740536000000000,Both,Hist no salmon,6711,696.012276072102281,,6711,159862.665859964530682,364384257.434201776981354,Black River,23,342.511596598589222,7400.511547091354259,
-1,1,281,Marsh,0.166773000000000,Curr,Hist no salmon,3024,232.371619079944765,,3024,50132.307652337098261,42180804.244348973035812,Unnamed: Cascade Mountains 2,13,180.919786594995571,1666.685341775401412,
-1,1,282,Marsh,0.044466000000000,Hist,Hist no salmon,3024,1074.769114654006444,,3024,50132.307652337098261,42180804.244348973035812,Unnamed: Cascade Mountains 2,13,80.792809457655224,444.383566593248190,
-1,1,283,Pond,0.172869000000000,Curr,Hist no salmon,18846,1120.048970773148540,,18846,138406.144823040289339,318898089.190657675266266,Skookumchuck River,18,155.918952436440236,1727.596737220462046,
-1,1,284,Pond,2.722016000000000,Curr,Hist no salmon,18846,906.023533635560398,,18846,138406.144823040289339,318898089.190657675266266,Skookumchuck River,18,793.472082620596893,27202.918009770550270,
-1,1,285,Marsh,0.116430000000000,Curr,Hist salmon,18368,0.000000000000000,,18368,138406.144823040289339,318898089.190657675266266,Skookumchuck River,18,132.826459289640979,1163.555004707090802,
-1,1,286,Marsh,0.288645000000000,Both,Hist salmon,2512,0.000000000000000,,2512,151813.484517717675772,406226339.697148263454437,Newaukum River,12,252.478802208886691,2884.647578781275115,
-1,1,287,Pond,0.087200000000000,Curr,Hist no salmon,19095,1101.305034838692336,,19095,50132.307652337098261,42180804.244348973035812,Unnamed: Cascade Mountains 2,13,108.989412430608738,871.449833330160459,
-1,1,288,Marsh,0.910936000000000,Curr,Hist salmon,6064,98.910225521781342,,6064,106638.473340230484609,103623513.334606394171715,Scatter Creek,22,371.345419117259155,9103.409478894243875,
-1,1,289,Marsh,0.070206000000000,Curr,Hist salmon,1500,0.000000000000000,,1500,151813.484517717675772,406226339.697148263454437,Newaukum River,12,100.280878957483793,701.617996432353948,
-1,1,290,Marsh,0.022033000000000,Hist,Hist no salmon,18762,727.287968048633388,,18762,138406.144823040289339,318898089.190657675266266,Skookumchuck River,18,59.420999366670124,220.192651823039853,
-1,1,291,Pond,0.171358000000000,Curr,Hist no salmon,5914,822.002782161111782,,5914,106638.473340230484609,103623513.334606394171715,Scatter Creek,22,179.487172555486580,1712.474595719652598,
-1,1,292,Marsh,0.389446000000000,Curr,Hist no salmon,6058,972.841847192066552,,6058,106638.473340230484609,103623513.334606394171715,Scatter Creek,22,239.454417548792549,3891.916123304731627,
-1,1,293,Pond,6.790282000000000,Curr,Hist no salmon,18782,61.773142858004611,,18782,138406.144823040289339,318898089.190657675266266,Skookumchuck River,18,1266.606134731470092,67860.310179398933542,
-1,1,294,Pond,0.280241000000000,Curr,Hist salmon,2107,0.000000000000000,,2107,151813.484517717675772,406226339.697148263454437,Newaukum River,12,221.282544851004559,2800.669101540106112,
-1,1,295,Marsh,0.018261000000000,Curr,Hist no salmon,18733,118.049912476238035,,18733,138406.144823040289339,318898089.190657675266266,Skookumchuck River,18,53.012919376964021,182.497524008156518,
-1,1,296,Marsh,0.443492000000000,Hist,Hist salmon,18940,20.189620861913955,,18940,138406.144823040289339,318898089.190657675266266,Skookumchuck River,18,286.665091977451937,4432.103630085080113,
-1,1,297,Marsh,1.505190000000000,Curr,Hist salmon,2564,0.000000000000000,,2564,151813.484517717675772,406226339.697148263454437,Newaukum River,12,504.610611218961026,15042.596748855376063,
-1,1,298,Marsh,1.494518000000000,Hist,Hist salmon,18633,0.000000000000000,,18633,138406.144823040289339,318898089.190657675266266,Skookumchuck River,18,601.661995742345425,14935.854380016124196,
-1,1,299,Marsh,0.214916000000000,Hist,Hist salmon,2060,0.000000000000000,,2060,151813.484517717675772,406226339.697148263454437,Newaukum River,12,216.404844380639872,2147.832145597012641,
-1,1,300,Marsh,0.231158000000000,Curr,Hist salmon,2083,0.000000000000000,,2083,151813.484517717675772,406226339.697148263454437,Newaukum River,12,187.075644456580193,2310.165194978126237,
-1,1,301,Marsh,0.188986000000000,Hist,Hist no salmon,4476,977.151212199992415,,4476,76009.236526847191271,159121473.122915714979172,Upper Skookumchuck,51,160.534725455445965,1888.700225482437872,
-1,1,302,Marsh,0.375682000000000,Hist,Hist no salmon,4847,2148.152557218811580,,4847,76009.236526847191271,159121473.122915714979172,Upper Skookumchuck,51,220.800834518740999,3754.538097076424947,
-1,1,303,Pond,0.332300000000000,Both,Hist no salmon,2875,345.531942271810578,,2875,151813.484517717675772,406226339.697148263454437,Newaukum River,12,218.207381003366976,3321.028865519761439,
-1,1,304,Pond,6.778035000000000,Both,Hist salmon,2873,0.000000000000000,,2873,151813.484517717675772,406226339.697148263454437,Newaukum River,12,1191.255690204262464,67740.261112989188405,
-1,1,305,Pond,0.087045000000000,Curr,Hist no salmon,7125,10183.250468454492875,,7125,378317.145195854303893,263575921.850556135177612,Lower Chehalis Estuary,50,111.068320291573855,870.039797498607641,
-1,1,306,Pond,0.101774000000000,Curr,Hist no salmon,7125,10129.027044532400396,,7125,378317.145195854303893,263575921.850556135177612,Lower Chehalis Estuary,50,171.422199489019903,1017.260289222245547,
-1,1,307,Marsh,0.658037000000000,Both,Hist no salmon,10604,3280.769436339972799,,10604,378317.145195854303893,263575921.850556135177612,Lower Chehalis Estuary,50,623.530589300477800,6577.096021474632835,
-1,1,308,Marsh,1.425407000000000,Curr,Hist no salmon,21796,4835.923934301843474,,21796,378317.145195854303893,263575921.850556135177612,Lower Chehalis Estuary,50,914.658757781995064,14247.274919322933783,
-1,1,309,Marsh,4.017710000000000,Curr,Hist no salmon,7127,5395.429417454360191,,7127,378317.145195854303893,263575921.850556135177612,Lower Chehalis Estuary,50,1032.840834456171024,40157.882912264009065,
-1,1,310,Pond,0.079486000000000,Hist,Hist no salmon,21810,2631.134203834038090,,21810,378317.145195854303893,263575921.850556135177612,Lower Chehalis Estuary,50,104.302908870478618,794.483972317927510,
-1,1,311,Pond,0.035780000000000,Curr,Hist no salmon,21810,2008.571081880241536,,21810,378317.145195854303893,263575921.850556135177612,Lower Chehalis Estuary,50,82.358784666476680,357.626732002976610,
-1,1,312,Marsh,7.949839000000000,Curr,Hist no salmon,10758,719.532001626107217,,10758,378317.145195854303893,263575921.850556135177612,Lower Chehalis Estuary,50,2634.504015983015051,79456.452275054616621,
-1,1,313,Marsh,2.916227000000000,Curr,Hist salmon,10763,0.000000000000000,,10763,378317.145195854303893,263575921.850556135177612,Lower Chehalis Estuary,50,1542.157343330083677,29146.637593633131473,
-1,1,314,Marsh,7.421313000000000,Both,Hist salmon,11824,0.000000000000000,,11824,230932.463257765833987,638216095.057497859001160,Humptulips River,45,3333.632552607881280,74172.931979076762218,
-1,1,315,Marsh,2.996987000000000,Curr,Hist salmon,11358,199.229535067943914,,11358,230932.463257765833987,638216095.057497859001160,Humptulips River,45,936.384661225827244,29953.624262318226101,
-1,1,316,Marsh,68.001390000000001,Curr,Hist salmon,12383,0.000000000000000,,12383,230932.463257765833987,638216095.057497859001160,Humptulips River,45,5348.794506135417578,679635.441542185377330,
-1,1,317,Marsh,18.085490000000000,Hist,Hist salmon,11633,0.000000000000000,,11633,230932.463257765833987,638216095.057497859001160,Humptulips River,45,5429.727691683157900,180755.488902510871412,
-1,1,318,Marsh,3.736099000000000,Curr,Hist no salmon,14644,1237.503122714781739,,14644,230932.463257765833987,638216095.057497859001160,Humptulips River,45,749.512559245410102,37339.164916873771290,
-1,1,319,Marsh,1.549468000000000,Curr,Hist no salmon,14645,982.985401006811117,,14645,230932.463257765833987,638216095.057497859001160,Humptulips River,45,491.252884767137232,15485.573312743541464,
-1,1,320,Marsh,1.532127000000000,Curr,Hist salmon,21730,0.000000000000000,,21730,230932.463257765833987,638216095.057497859001160,Humptulips River,45,701.423506537011122,15312.488411004806039,
-1,1,321,Marsh,4.733760000000000,Curr,Hist salmon,22678,0.000000000000000,,22678,230932.463257765833987,638216095.057497859001160,Humptulips River,45,1561.257736613058114,47310.490449623750465,
-1,1,322,Marsh,8.356980000000000,Hist,Hist salmon,14661,839.926122384511814,,14661,230932.463257765833987,638216095.057497859001160,Humptulips River,45,1522.397444657042115,83519.881838689529104,
-1,1,323,Pond,0.159351000000000,Hist,Hist salmon,21706,52.430622674015240,,21706,230932.463257765833987,638216095.057497859001160,Humptulips River,45,207.947443894327449,1592.601870324178208,
-1,1,324,Pond,0.146886000000000,Curr,Hist no salmon,13324,208.136624174188086,,13324,230932.463257765833987,638216095.057497859001160,Humptulips River,45,173.971341773050455,1467.990561116487697,
-1,1,325,Marsh,0.104793000000000,Curr,Hist no salmon,13324,0.000000000000000,,13324,230932.463257765833987,638216095.057497859001160,Humptulips River,45,217.576991080110162,1047.313557308374811,
-1,1,326,Marsh,1.013215000000000,Curr,Hist no salmon,15836,667.772180549663517,,15836,230932.463257765833987,638216095.057497859001160,Humptulips River,45,413.664047709227475,10125.839330861013877,
-1,1,327,Pond,0.138606000000000,Curr,Hist salmon,21574,0.000000000000000,,21574,230932.463257765833987,638216095.057497859001160,Humptulips River,45,151.768751549823747,1385.200695908332818,
-1,1,328,Pond,0.082108000000000,Curr,Hist no salmon,21575,100.699201570580385,,21575,230932.463257765833987,638216095.057497859001160,Humptulips River,45,118.107043246069054,820.576534467510669,
-1,1,329,Pond,0.152489000000000,Curr,Hist no salmon,21574,67.150318606182395,,21574,230932.463257765833987,638216095.057497859001160,Humptulips River,45,167.076983475616089,1523.940449699063038,
-1,1,330,Marsh,0.074657000000000,Curr,Hist no salmon,10069,520.862163477740296,,10069,128409.154010552825639,234704536.754735738039017,Hoquiam River,44,112.576731601295521,746.157811430641118,
-1,1,331,Marsh,1.412574000000000,Both,Hist salmon,5991,0.000000000000000,,5991,49308.557195515604690,47291303.365128621459007,Elk River,47,588.876687554660066,14118.444011286388559,
-1,1,332,Marsh,1.455571000000000,Curr,Hist no salmon,14664,490.486680921586753,,14664,230932.463257765833987,638216095.057497859001160,Humptulips River,45,530.292846447324678,14546.746883565976532,
-1,1,333,Marsh,0.740377000000000,Both,Hist salmon,21929,0.000000000000000,,21929,49308.557195515604690,47291303.365128621459007,Elk River,47,522.283005875298159,7399.930475120428127,
-1,1,334,Pond,0.055314000000000,Both,Hist salmon,21434,17.769923741663980,,21434,128409.154010552825639,234704536.754735738039017,Hoquiam River,44,91.156626282657726,552.820218238564280,
-1,1,335,Marsh,1.569321000000000,Curr,Hist no salmon,16312,525.227779140180473,,16312,230932.463257765833987,638216095.057497859001160,Humptulips River,45,585.728537002234134,15682.698587853190475,
-1,1,336,Pond,0.128105000000000,Hist,Hist salmon,13794,249.562810750369607,,13794,230932.463257765833987,638216095.057497859001160,Humptulips River,45,149.015119891503332,1280.264323911828342,
-1,1,337,Marsh,1.057973000000000,Curr,Hist no salmon,14067,0.000000000000000,,14067,230932.463257765833987,638216095.057497859001160,Humptulips River,45,454.922138012551727,10573.047489406037130,
-1,1,338,Marsh,0.096013000000000,Curr,Hist salmon,10012,735.183589574376924,,10012,151947.647425919829402,266325666.708538889884949,Wishkah River,43,138.972529995801182,959.556557208659910,
-1,1,339,Pond,0.787017000000000,Hist,Hist salmon,8245,26.410444168859105,,8245,378317.145195854303893,263575921.850556135177612,Lower Chehalis Estuary,50,477.187105712385403,7865.636413389307563,
-1,1,340,Marsh,0.215484000000000,Curr,Hist salmon,10276,0.000000000000000,,10276,151947.647425919829402,266325666.708538889884949,Wishkah River,43,181.662509497051502,2153.531916052195811,
-1,1,341,Marsh,0.637353000000000,Curr,Hist salmon,21193,32.254248279419357,,21193,151947.647425919829402,266325666.708538889884949,Wishkah River,43,363.378352718169197,6369.682713784716725,
-1,1,342,Marsh,0.539751000000000,Curr,Hist salmon,21345,0.000000000000000,,21345,128409.154010552825639,234704536.754735738039017,Hoquiam River,44,498.972942708603625,5394.066327509297480,
-1,1,343,Pond,0.026427000000000,Hist,Hist salmon,9631,55.470107734242227,,9631,151947.647425919829402,266325666.708538889884949,Wishkah River,43,60.723332925289576,264.115574023239617,
-1,1,344,Pond,0.050488000000000,Both,Hist salmon,21055,594.226293843021494,,21055,151947.647425919829402,266325666.708538889884949,Wishkah River,43,102.421886289938570,504.551832237767201,
-1,1,345,Pond,0.019611000000000,Curr,Hist no salmon,8828,27.115629227613010,,8828,67420.654691214382183,87038278.247085735201836,Upper Chehalis Estuary,49,54.056510824693206,195.987620445193500,
-1,1,346,Pond,0.195957000000000,Curr,Hist no salmon,8506,132.035706023251720,,8506,67420.654691214382183,87038278.247085735201836,Upper Chehalis Estuary,49,210.182741913732258,1958.383896118542680,
-1,1,347,Pond,0.163565000000000,Hist,Hist salmon,9401,21.666017005179395,,9401,246250.590740413172171,507221006.855407536029816,Wynoochee River,42,208.083126496211804,1634.646391133026327,
-1,1,348,Pond,0.031709000000000,Both,Hist salmon,10108,156.285417182109171,,10108,246250.590740413172171,507221006.855407536029816,Wynoochee River,42,114.911727714843281,316.893095010287311,
-1,1,349,Marsh,0.036825000000000,Both,Hist salmon,9858,245.260302173659966,,9858,246250.590740413172171,507221006.855407536029816,Wynoochee River,42,107.351896931757423,368.019177936561391,
-1,1,350,Pond,1.060997000000000,Curr,Hist no salmon,20296,70.851749331265310,,20296,246250.590740413172171,507221006.855407536029816,Wynoochee River,42,719.650459677566005,10603.330759986229168,
-1,1,351,Marsh,2.635539000000000,Hist,Hist salmon,9165,502.143564344718015,,9165,246250.590740413172171,507221006.855407536029816,Wynoochee River,42,731.751385911341345,26339.105220690082206,
-1,1,352,Pond,0.251033000000000,Curr,Hist no salmon,9677,17.755196627309935,,9677,246250.590740413172171,507221006.855407536029816,Wynoochee River,42,192.276172288932884,2508.778472372281158,
-1,1,353,Pond,0.351959000000000,Curr,Hist no salmon,12140,65.138356833709040,,12140,246250.590740413172171,507221006.855407536029816,Wynoochee River,42,274.551643083594911,3517.301927580097527,
-1,1,354,Pond,0.126926000000000,Curr,Hist no salmon,12141,134.369240724057391,,12141,246250.590740413172171,507221006.855407536029816,Wynoochee River,42,165.751830051127001,1268.437807781444690,
-1,1,355,Marsh,6.227029000000000,Both,Hist salmon,21117,0.000000000000000,,21117,151947.647425919829402,266325666.708538889884949,Wishkah River,43,2577.620780377554183,62227.552807363586908,
-1,1,356,Marsh,0.681355000000000,Both,Hist salmon,14591,284.457610484635381,,14591,246250.590740413172171,507221006.855407536029816,Wynoochee River,42,346.831892513145874,6808.680210807464391,
-1,1,357,Pond,0.525527000000000,Curr,Curr degrade,9183,700.569508668747176,,9183,246250.590740413172171,507221006.855407536029816,Wynoochee River,42,655.615024061423583,5252.020081966894395,
-1,1,358,Marsh,0.068015000000000,Hist,Hist salmon,8897,481.963511335515705,,8897,246250.590740413172171,507221006.855407536029816,Wynoochee River,42,105.429443860817017,679.730550467822582,
-1,1,359,Marsh,0.887583000000000,Both,Hist salmon,13072,311.332048979048182,,13072,246250.590740413172171,507221006.855407536029816,Wynoochee River,42,479.501612915980388,8869.758847561779476,
-1,1,360,Marsh,1.252998000000000,Hist,Hist no salmon,16397,241.950439236144263,,16397,246250.590740413172171,507221006.855407536029816,Wynoochee River,42,542.032824089832502,12520.875169978971826,
-1,1,361,Marsh,0.118673000000000,Both,Hist salmon,7789,233.674663869584776,,7789,67420.654691214382183,87038278.247085735201836,Upper Chehalis Estuary,49,136.573203604643481,1185.997167519504501,
-1,1,362,Marsh,4.169431000000000,Hist,Hist salmon,8888,214.051905575750141,,8888,48290.055449476276408,24797583.336042989045382,Mainstem: Lower Chehalis 7,63,828.285342006727092,41668.338949819299160,
-1,1,363,Lake,11.533287000000000,Curr,Hist no salmon,20889,0.000000000000000,,20889,246250.590740413172171,507221006.855407536029816,Wynoochee River,42,3789.673153376829760,115260.048940412554657,
-1,1,364,Pond,0.141063000000000,Hist,Hist no salmon,17735,1697.473369482209364,,17735,246250.590740413172171,507221006.855407536029816,Wynoochee River,42,137.294411503552141,1409.465121661219882,
-1,1,365,Pond,0.475831000000000,Hist,Hist no salmon,17737,3327.702513571769941,,17737,246250.590740413172171,507221006.855407536029816,Wynoochee River,42,252.433267484416348,4754.333956115130604,
-1,1,366,Pond,0.376744000000000,Curr,Hist salmon,8539,0.000000000000000,,8539,33178.258786570047960,19447172.728330697864294,Unnamed: Olympic Mountains 1,41,336.799241454750472,3765.058639965518523,
-1,1,367,Marsh,0.650614000000000,Hist,Hist salmon,8539,49.429664068823250,,8539,33178.258786570047960,19447172.728330697864294,Unnamed: Olympic Mountains 1,41,377.646782251725995,6502.015740311910122,
-1,1,368,Marsh,2.534214000000000,Hist,Hist salmon,12272,295.734438704517572,,12272,222380.125267685507424,776523555.048679113388062,Satsop River,40,1229.258653339421244,25325.124267182480253,
-1,1,369,Pond,0.165194000000000,Hist,Hist no salmon,17732,2381.093239378504222,,17732,246250.590740413172171,507221006.855407536029816,Wynoochee River,42,171.583172719064493,1650.560339775428019,
-1,1,370,Marsh,7.985557000000000,Curr,Hist salmon,8444,0.000000000000000,,8444,48290.055449476276408,24797583.336042989045382,Mainstem: Lower Chehalis 7,63,2712.970555929058264,79805.082021370777511,Yes
-1,1,371,Marsh,1.254482000000000,Hist,Hist no salmon,20273,59.845178913944586,,20273,222380.125267685507424,776523555.048679113388062,Satsop River,40,487.295761619959535,12536.189284449945262,
-1,1,372,Marsh,5.758835000000000,Hist,Hist salmon,13945,98.234032623048620,,13945,222380.125267685507424,776523555.048679113388062,Satsop River,40,947.770324749209976,57548.531542149627057,
-1,1,373,Marsh,0.780017000000000,Hist,Hist no salmon,17732,2478.466578970081628,,17732,246250.590740413172171,507221006.855407536029816,Wynoochee River,42,329.727907842691650,7793.662328111745410,
-1,1,374,Marsh,0.561494000000000,Both,Hist salmon,12249,0.000000000000000,,12249,222380.125267685507424,776523555.048679113388062,Satsop River,40,296.881976457945882,5611.130860322934495,
-1,1,375,Pond,0.039160000000000,Hist,Hist no salmon,17782,6127.902984125211333,,17782,246250.590740413172171,507221006.855407536029816,Wynoochee River,42,73.638226695435321,391.261291259681741,
-1,2,376,Pond,1.132140000000000,Curr,Hist salmon,8112,0.000000000000000,,8112,45069.293017475247325,21179643.557440347969532,Unnamed: Central Lowlands 1,39,755.287655693716033,11314.235764361214024,
-1,1,377,Pond,2.658972000000000,Curr,Hist salmon,8461,0.000000000000000,,8461,48290.055449476276408,24797583.336042989045382,Mainstem: Lower Chehalis 7,63,1870.611849160653719,26572.724306345106015,Yes
-1,1,378,Pond,0.016278000000000,Hist,Hist no salmon,9012,173.198783368205710,,9012,48290.055449476276408,24797583.336042989045382,Mainstem: Lower Chehalis 7,63,48.144811464172328,162.671595629246980,
-1,1,379,Pond,0.055401000000000,Hist,Hist no salmon,17782,5357.151169553948421,,17782,246250.590740413172171,507221006.855407536029816,Wynoochee River,42,90.702182060748001,553.531590547517112,
-1,1,380,Pond,1.195699000000000,Curr,Hist salmon,20261,0.000000000000000,,20261,222380.125267685507424,776523555.048679113388062,Satsop River,40,693.969466845417628,11949.093452800698287,
-1,1,381,Pond,0.428522000000000,Curr,Hist salmon,20259,0.000000000000000,,20259,222380.125267685507424,776523555.048679113388062,Satsop River,40,437.039705513077593,4282.393629845965734,
-1,1,382,Marsh,1.368895000000000,Hist,Hist salmon,15044,631.027608617226178,,15044,222380.125267685507424,776523555.048679113388062,Satsop River,40,744.208477537156682,13679.154532209191530,
-1,1,383,Pond,0.083652000000000,Both,Hist no salmon,17764,1644.864370477891953,,17764,246250.590740413172171,507221006.855407536029816,Wynoochee River,42,110.706244480894583,835.834776801530552,
-1,1,384,Marsh,0.240468000000000,Hist,Hist salmon,11133,52.774616520886127,,11133,222380.125267685507424,776523555.048679113388062,Satsop River,40,240.104084531688613,2403.081880579971312,
-1,1,385,Marsh,0.107317000000000,Both,Hist salmon,13235,5.578193300114537,,13235,222380.125267685507424,776523555.048679113388062,Satsop River,40,126.285324079219876,1072.419328266995308,
-1,1,386,Marsh,0.778122000000000,Both,Hist salmon,13235,0.000000000000000,,13235,222380.125267685507424,776523555.048679113388062,Satsop River,40,404.580781186475861,7775.763044253111730,
-1,1,387,Marsh,0.871737000000000,Both,Hist salmon,13234,0.000000000000000,,13234,222380.125267685507424,776523555.048679113388062,Satsop River,40,385.435549748020321,8711.270349533351691,
-1,1,388,Marsh,0.064789000000000,Both,Hist salmon,13531,96.619808212516617,,13531,222380.125267685507424,776523555.048679113388062,Satsop River,40,106.945820274846014,647.422799710564391,
-1,1,389,Marsh,0.024088000000000,Both,Hist salmon,8593,0.000000000000000,,8593,61832.701814796862891,85343223.067351639270782,Unnamed: Central Lowlands 2,36,67.500306502137818,240.724566517973500,
-1,1,390,Marsh,0.044746000000000,Both,Hist salmon,8593,0.000000000000000,,8593,61832.701814796862891,85343223.067351639270782,Unnamed: Central Lowlands 2,36,99.281842237011006,447.168003311110795,
-1,1,391,Marsh,5.086465000000000,Hist,Hist salmon,13139,472.258766422562360,,13139,222380.125267685507424,776523555.048679113388062,Satsop River,40,912.720922888687028,50829.280984054974397,
-1,1,392,Marsh,0.005755000000000,Hist,Hist salmon,13521,590.100342650095399,,13521,222380.125267685507424,776523555.048679113388062,Satsop River,40,34.999466813829770,57.507579175926466,
-1,1,393,Marsh,0.532669000000000,Hist,Hist salmon,13533,599.050216896896131,,13533,222380.125267685507424,776523555.048679113388062,Satsop River,40,325.302265615139447,5322.890688623856477,
-1,1,394,Marsh,0.014689000000000,Curr,Hist salmon,13521,849.305151249128926,,13521,222380.125267685507424,776523555.048679113388062,Satsop River,40,48.250576631475496,146.786766084657216,
-1,1,395,Marsh,0.093805000000000,Curr,Hist salmon,13533,1038.696789139782823,,13533,222380.125267685507424,776523555.048679113388062,Satsop River,40,150.239646164010423,937.379984673745639,
-1,1,396,Marsh,0.056684000000000,Curr,Hist salmon,13533,1097.050744736166735,,13533,222380.125267685507424,776523555.048679113388062,Satsop River,40,117.187924049963684,566.432229013358437,
-1,1,397,Pond,0.515230000000000,Both,Hist salmon,20740,3279.330993102787943,,20740,76524.840528758461005,151273081.305056989192963,Elk Creek,3,434.667890881754261,5149.217932919752457,
-1,1,398,Marsh,1.905284000000000,Hist,Hist salmon,20187,443.423197256249182,,20187,222380.125267685507424,776523555.048679113388062,Satsop River,40,652.039733347705464,19039.741339919775783,
-1,1,399,Marsh,0.134198000000000,Curr,Hist salmon,3905,443.609151937305739,,3905,76524.840528758461005,151273081.305056989192963,Elk Creek,3,166.167078158252366,1341.174503183236538,
-1,1,400,Marsh,0.343858000000000,Hist,Hist salmon,7505,40.327178979665547,,7505,61832.701814796862891,85343223.067351639270782,Unnamed: Central Lowlands 2,36,297.949906415662042,3436.365590668252480,
-1,1,401,Marsh,2.774963000000000,Curr,Hist salmon,9241,731.235567325689431,,9241,72380.641822059013066,39697893.786662034690380,Mainstem: Lower Chehalis 6,62,839.137883334283288,27731.549646476410999,
-1,1,402,Marsh,0.208294000000000,Hist,Hist no salmon,12981,338.647856136092514,,12981,222380.125267685507424,776523555.048679113388062,Satsop River,40,181.542188098965738,2081.483723641240431,
-1,1,403,Marsh,2.044189000000000,Curr,Hist no salmon,15546,420.318107948435852,,15546,222380.125267685507424,776523555.048679113388062,Satsop River,40,576.212441866014842,20426.636703788524756,
-1,1,404,Marsh,3.135294000000000,Hist,Hist salmon,9259,0.000000000000000,,9259,43165.804896704394196,40547067.944952234625816,Unnamed: Black Hills 1,38,1317.433994350656349,31332.242869542402332,
-1,1,405,Pond,0.039534000000000,Both,Hist salmon,19530,0.000000000000000,,19530,76524.840528758461005,151273081.305056989192963,Elk Creek,3,83.909184868332915,395.096511857317523,
-1,1,406,Marsh,1.012304000000000,Hist,Hist salmon,11223,0.000000000000000,,11223,222380.125267685507424,776523555.048679113388062,Satsop River,40,584.668315268373476,10116.179859480656887,
-1,1,407,Marsh,0.208233000000000,Curr,Hist no salmon,3801,409.996908464811668,,3801,76524.840528758461005,151273081.305056989192963,Elk Creek,3,219.443596969175644,2081.066056882983048,
-1,1,408,Marsh,0.066296000000000,Curr,Hist salmon,3801,364.146719362033309,,3801,76524.840528758461005,151273081.305056989192963,Elk Creek,3,106.750974847366805,662.555196041217073,
-1,1,409,Marsh,0.188001000000000,Both,Hist salmon,3541,38.625539456281729,,3541,76524.840528758461005,151273081.305056989192963,Elk Creek,3,305.476285893280476,1878.866882047161425,
-1,1,410,Pond,1.031500000000000,Both,Hist salmon,19535,0.000000000000000,,19535,76524.840528758461005,151273081.305056989192963,Elk Creek,3,594.640810035599543,10308.704808864869847,
-1,1,411,Pond,0.026217000000000,Curr,Hist no salmon,9274,229.766984382644694,,9274,72380.641822059013066,39697893.786662034690380,Mainstem: Lower Chehalis 6,62,62.807699194655576,261.994688609951311,
-1,1,412,Pond,0.054297000000000,Curr,Curr degrade,9282,101.316240615755049,,9282,72380.641822059013066,39697893.786662034690380,Mainstem: Lower Chehalis 6,62,85.105463816960594,542.609190968365738,
-1,1,413,Pond,0.158833000000000,Both,Hist salmon,4211,597.326584496191003,,4211,76524.840528758461005,151273081.305056989192963,Elk Creek,3,198.543617889934040,1587.360212213229261,
-1,1,414,Marsh,13.789357000000001,Hist,Hist salmon,8931,0.000000000000000,,8931,72380.641822059013066,39697893.786662034690380,Mainstem: Lower Chehalis 6,62,2679.797648388413108,137802.861668131430633,Yes
-1,1,415,Pond,0.108467000000000,Hist,Hist salmon,8963,82.936991192515492,,8963,111846.634780773121747,175346973.513960331678391,Cloquallum Creek,37,128.189096507753334,1083.956685848555253,
-1,1,416,Marsh,2.877102000000000,Hist,Hist salmon,10080,34.436841880107437,,10080,111846.634780773121747,175346973.513960331678391,Cloquallum Creek,37,938.833221472434275,28751.729036052463925,
-1,1,417,Marsh,6.768407000000000,Hist,Hist salmon,11895,0.000000000000000,,11895,222380.125267685507424,776523555.048679113388062,Satsop River,40,1582.526767030722567,67637.068727893303731,
-1,1,418,Marsh,1.067250000000000,Hist,Hist salmon,13013,496.607522358056826,,13013,222380.125267685507424,776523555.048679113388062,Satsop River,40,399.992227255848263,10664.905238289125919,
-1,1,419,Marsh,1.728815000000000,Curr,Hist no salmon,13706,104.965292682832995,,13706,222380.125267685507424,776523555.048679113388062,Satsop River,40,570.655617713102515,17275.584188120992621,
-1,1,420,Pond,0.392323000000000,Curr,Hist salmon,8937,51.679206180968492,,8937,72380.641822059013066,39697893.786662034690380,Mainstem: Lower Chehalis 6,62,298.818971648590264,3920.655159037491558,Yes
-1,1,421,Pond,0.098793000000000,Curr,Hist no salmon,9697,506.599426160491475,,9697,111846.634780773121747,175346973.513960331678391,Cloquallum Creek,37,120.485482817021818,987.267829324657555,
-1,1,422,Marsh,0.135319000000000,Both,Hist salmon,12861,0.000000000000000,,12861,222380.125267685507424,776523555.048679113388062,Satsop River,40,158.597376668954325,1352.241653610120238,
-1,1,423,Marsh,19.026516000000001,Hist,Hist salmon,13398,146.908441186484339,,13398,222380.125267685507424,776523555.048679113388062,Satsop River,40,4097.398130840916565,190128.505878374766326,
-1,1,424,Marsh,5.073290000000000,Curr,Hist salmon,13660,93.871131627845514,,13660,222380.125267685507424,776523555.048679113388062,Satsop River,40,1129.211741464370334,50695.841469879851502,
-1,1,425,Pond,0.136994000000000,Curr,Hist no salmon,22938,591.831029905684431,,22938,118289.321295402623946,126156469.879530921578407,Upper Chehalis: Proposed Dam to Elk Creek,2,143.729581860236664,1369.105379147954409,
-1,1,426,Marsh,1.179829000000000,Curr,Hist no salmon,12377,327.764486483787323,,12377,222380.125267685507424,776523555.048679113388062,Satsop River,40,598.745393828814372,11789.973837061636004,
-1,1,427,Marsh,0.697756000000000,Curr,Hist salmon,13414,658.037745953009562,,13414,222380.125267685507424,776523555.048679113388062,Satsop River,40,379.522490070194181,6972.498395430568962,
-1,1,428,Marsh,2.402975000000000,Curr,Hist no salmon,13423,550.107741069511121,,13423,222380.125267685507424,776523555.048679113388062,Satsop River,40,654.675035335735515,24012.253232523831684,
-1,1,429,Marsh,0.987250000000000,Curr,Hist salmon,13425,461.530266534163445,,13425,222380.125267685507424,776523555.048679113388062,Satsop River,40,448.072978698642885,9865.275043236601050,
-1,1,430,Marsh,1.176872000000000,Hist,Hist salmon,13425,189.346996825366972,,13425,222380.125267685507424,776523555.048679113388062,Satsop River,40,563.269648709915828,11760.108966643048916,
-1,1,431,Marsh,0.145137000000000,Curr,Hist salmon,13669,0.000000000000000,,13669,222380.125267685507424,776523555.048679113388062,Satsop River,40,196.569106685117248,1450.306533168671649,
-1,1,432,Marsh,0.474913000000000,Curr,Hist salmon,13665,736.651816475598935,,13665,222380.125267685507424,776523555.048679113388062,Satsop River,40,262.736312773111194,4745.642512331823127,
-1,1,433,Marsh,0.690085000000000,Curr,Hist no salmon,13665,822.913320593463368,,13665,222380.125267685507424,776523555.048679113388062,Satsop River,40,352.610602371760081,6895.777595291026955,
-1,1,434,Pond,0.436621000000000,Hist,Hist no salmon,20867,2054.717340533226889,,20867,87582.837988347251667,164879927.806114047765732,Upper Chehalis: Above Proposed Dam,1,332.351419386115481,4363.493592252993039,
-1,1,435,Marsh,0.056275000000000,Curr,Hist no salmon,1145,16.296559742201065,,1145,118289.321295402623946,126156469.879530921578407,Upper Chehalis: Proposed Dam to Elk Creek,2,91.932690025769304,562.400983901239897,
-1,1,436,Marsh,1.014169000000000,Hist,Hist salmon,8758,0.000000000000000,,8758,64500.793559666235524,70730227.349633023142815,Mox Chehalis Creek,34,461.969407320647463,10134.940942018727583,
-1,1,437,Marsh,1.028544000000000,Curr,Hist salmon,10324,402.764935642408432,,10324,111846.634780773121747,175346973.513960331678391,Cloquallum Creek,37,707.434989584158643,10278.317745358841421,
-1,1,438,Marsh,0.207934000000000,Hist,Hist salmon,23264,258.097048416013990,,23264,222380.125267685507424,776523555.048679113388062,Satsop River,40,189.173246831056645,2077.858482124950115,
-1,1,439,Marsh,0.358912000000000,Curr,Hist no salmon,13377,283.243220848853127,,13377,222380.125267685507424,776523555.048679113388062,Satsop River,40,301.610598497344711,3586.539471483808939,
-1,1,440,Marsh,0.723765000000000,Hist,Hist salmon,13416,272.966432350235266,,13416,222380.125267685507424,776523555.048679113388062,Satsop River,40,321.135998400564290,7232.398616168940862,
-1,1,441,Marsh,0.978180000000000,Hist,Hist salmon,13418,0.000000000000000,,13418,222380.125267685507424,776523555.048679113388062,Satsop River,40,401.858548471603001,9774.692221942163087,
-1,1,442,Marsh,0.312631000000000,Hist,Hist salmon,13417,380.381357822328255,,13417,222380.125267685507424,776523555.048679113388062,Satsop River,40,219.797949179763805,3124.043254985179829,
-1,1,443,Marsh,0.171246000000000,Curr,Hist salmon,13425,961.696550478048721,,13425,222380.125267685507424,776523555.048679113388062,Satsop River,40,183.341989134014199,1711.196500137097246,
-1,1,444,Marsh,0.117651000000000,Curr,Hist no salmon,13425,1409.401280378868933,,13425,222380.125267685507424,776523555.048679113388062,Satsop River,40,159.300324893700889,1175.641416551727161,
-1,1,445,Marsh,1.061324000000000,Hist,Hist no salmon,22729,1722.665199472048016,,22729,222380.125267685507424,776523555.048679113388062,Satsop River,40,591.367695609123416,10605.409842077395297,
-1,1,446,Marsh,0.520300000000000,Curr,Hist no salmon,22642,660.248554219656057,,22642,222380.125267685507424,776523555.048679113388062,Satsop River,40,265.844685476662221,5199.108932773146080,
-1,1,447,Marsh,4.686104000000000,Curr,Hist salmon,14998,585.691585617380497,,14998,222380.125267685507424,776523555.048679113388062,Satsop River,40,950.367884298574381,46825.534394975424220,
-1,1,448,Marsh,0.156594000000000,Curr,Hist salmon,7354,459.437843118286196,,7354,25489.615299052060436,11565107.814306572079659,Mainstem: Lower Chehalis 5,61,274.395267548673360,1564.923628199476525,
-1,1,449,Marsh,0.589296000000000,Hist,Hist salmon,12681,407.722521907811029,,12681,111846.634780773121747,175346973.513960331678391,Cloquallum Creek,37,301.744075673370787,5888.766895536436095,
-1,1,450,Pond,0.272863000000000,Curr,Hist no salmon,12993,157.249619752817864,,12993,111846.634780773121747,175346973.513960331678391,Cloquallum Creek,37,202.769941923396516,2726.694452970093153,
-1,1,451,Marsh,0.504033000000000,Hist,Hist salmon,23264,706.558539231440591,,23264,111846.634780773121747,175346973.513960331678391,Cloquallum Creek,37,285.403575572802765,5036.739654895015519,
-1,1,452,Marsh,0.474116000000000,Hist,Hist salmon,13901,460.849445078439544,,13901,222380.125267685507424,776523555.048679113388062,Satsop River,40,266.507363309838070,4737.745088025760197,
-1,1,453,Marsh,0.764920000000000,Curr,Hist no salmon,13902,290.189922836005678,,13902,222380.125267685507424,776523555.048679113388062,Satsop River,40,425.054506461839480,7643.668139059884197,
-1,1,454,Marsh,3.442748000000000,Hist,Hist no salmon,14096,233.929418271282429,,14096,222380.125267685507424,776523555.048679113388062,Satsop River,40,762.009127667824487,34402.461151514398807,
-1,1,455,Marsh,2.225191000000000,Hist,Hist no salmon,13993,168.741424417904682,,13993,222380.125267685507424,776523555.048679113388062,Satsop River,40,594.589705795066493,22235.786537784064421,
-1,1,456,Pond,0.530102000000000,Hist,Hist salmon,14098,0.000000000000000,,14098,222380.125267685507424,776523555.048679113388062,Satsop River,40,325.784735741020540,5297.155857952572660,
-1,1,457,Marsh,2.736266000000000,Hist,Hist no salmon,20373,1329.195907002001150,,20373,222380.125267685507424,776523555.048679113388062,Satsop River,40,699.558002781676123,27342.367894472605258,
-1,1,458,Marsh,0.679655000000000,Hist,Hist no salmon,22731,1656.266442565688976,,22731,222380.125267685507424,776523555.048679113388062,Satsop River,40,356.348056522772481,6791.530059470396736,
-1,1,459,Marsh,7.251763000000000,Hist,Hist no salmon,22731,1642.571409951606029,,22731,222380.125267685507424,776523555.048679113388062,Satsop River,40,1325.844771579470034,72463.915377775498200,
-1,1,460,Marsh,0.610021000000000,Hist,Hist no salmon,20373,730.572329131326683,,20373,222380.125267685507424,776523555.048679113388062,Satsop River,40,506.763866188766713,6095.674054075271670,
-1,1,461,Marsh,0.175340000000000,Hist,Hist no salmon,14981,177.494406342992306,,14981,222380.125267685507424,776523555.048679113388062,Satsop River,40,163.203079046851343,1752.089929565767989,
-1,1,462,Pond,0.088914000000000,Curr,Hist no salmon,1963,404.826184625058602,,1963,118289.321295402623946,126156469.879530921578407,Upper Chehalis: Proposed Dam to Elk Creek,2,117.886155306608572,888.587984797558306,
-1,1,463,Pond,0.103544000000000,Hist,Hist salmon,4899,0.000000000000000,,4899,55554.058267856235034,72106875.751249000430107,Garrard Creek,25,190.741309579815095,1034.799035914804108,
-1,1,464,Marsh,0.065855000000000,Hist,Hist no salmon,6347,661.468229318178260,,6347,52529.756095652686781,68590327.366781875491142,Rock Creek (Lower Chehalis),28,103.829811218177582,658.131815573078825,
-1,1,465,Pond,0.733327000000000,Hist,Hist salmon,12993,0.000000000000000,,12993,111846.634780773121747,175346973.513960331678391,Cloquallum Creek,37,428.533937916694413,7328.067271546581651,
-1,1,466,Marsh,0.127612000000000,Curr,Hist no salmon,13906,212.402666972578629,,13906,222380.125267685507424,776523555.048679113388062,Satsop River,40,134.183292218881206,1275.191498426894441,
-1,1,467,Marsh,0.336518000000000,Hist,Hist no salmon,13913,223.609604940061814,,13913,222380.125267685507424,776523555.048679113388062,Satsop River,40,208.842781276667779,3362.743443610732356,
-1,1,468,Marsh,2.800742000000000,Hist,Hist no salmon,13916,273.830878386376526,,13916,222380.125267685507424,776523555.048679113388062,Satsop River,40,782.089098859949218,27987.075432055524288,
-1,1,469,Marsh,0.053752000000000,Both,Hist salmon,147,478.126824125419375,,147,87582.837988347251667,164879927.806114047765732,Upper Chehalis: Above Proposed Dam,1,104.634625532156605,537.182536348212011,
-1,1,470,Marsh,0.186598000000000,Hist,Hist salmon,8797,365.201123840770606,,8797,64500.793559666235524,70730227.349633023142815,Mox Chehalis Creek,34,180.103617829020607,1864.707398805600405,
-1,1,471,Marsh,0.054816000000000,Both,Hist no salmon,11401,273.472464901842329,,11401,111846.634780773121747,175346973.513960331678391,Cloquallum Creek,37,102.113624125974326,547.786159949000989,
-1,1,472,Marsh,0.584671000000000,Curr,Hist no salmon,13001,194.220879290822722,,13001,111846.634780773121747,175346973.513960331678391,Cloquallum Creek,37,349.994168908430595,5842.550419296195287,
-1,1,473,Marsh,10.095744000000000,Curr,Hist no salmon,13921,329.325387109394285,,13921,222380.125267685507424,776523555.048679113388062,Satsop River,40,1701.386321941071174,100883.835499676162726,
-1,1,474,Marsh,0.411566000000000,Curr,Hist salmon,5575,58.024838122857474,,5575,55554.058267856235034,72106875.751249000430107,Garrard Creek,25,276.576891725287737,4113.042477465989577,
-1,2,475,Slough,2.096855000000000,Curr,Hist salmon,5818,0.000000000000000,,5818,34889.509330777720606,17144842.197271723300219,Unnamed: Central Lowlands 4,27,1117.008125256480753,20955.165108953158779,Yes
-1,1,476,Marsh,0.051804000000000,Hist,Hist salmon,7570,162.806321191749277,,7570,67829.617527592563420,102901766.598401084542274,Porter Creek,32,101.790603007827031,517.691241024592955,
-1,1,477,Pond,8.346309000000000,Curr,Hist salmon,8803,118.771591354204247,,8803,64500.793559666235524,70730227.349633023142815,Mox Chehalis Creek,34,1452.233668149218374,83406.018692553232540,
-1,1,478,Marsh,0.016415000000000,Curr,Hist salmon,14689,506.291212355360756,,14689,222380.125267685507424,776523555.048679113388062,Satsop River,40,48.691601283473410,164.027790838617790,
-1,1,479,Marsh,0.011094000000000,Curr,Hist salmon,14689,560.535127539536347,,14689,222380.125267685507424,776523555.048679113388062,Satsop River,40,42.892125965876268,110.860952169238104,
-1,1,480,Marsh,2.530658000000000,Curr,Hist salmon,14699,0.000000000000000,,14699,222380.125267685507424,776523555.048679113388062,Satsop River,40,847.573055029649254,25287.773260128320544,
-1,1,481,Pond,0.070545000000000,Curr,Hist no salmon,10576,392.638435217757603,,10576,111846.634780773121747,175346973.513960331678391,Cloquallum Creek,37,102.321811585714983,704.961000828167357,
-1,1,482,Marsh,1.319093000000000,Hist,Hist salmon,11420,0.000000000000000,,11420,111846.634780773121747,175346973.513960331678391,Cloquallum Creek,37,495.692292995025412,13181.738554701410976,
-1,1,483,Marsh,0.150041000000000,Hist,Hist salmon,319,66.216664314712219,,319,87582.837988347251667,164879927.806114047765732,Upper Chehalis: Above Proposed Dam,1,143.476487386646909,1499.467442495725663,
-1,1,484,Pond,0.116578000000000,Hist,Hist salmon,20587,0.002497767374956,,20587,98751.225704972457606,77067740.308363378047943,Unnamed: Central Lowlands 6,20,142.618902635988917,1165.044477385580421,
-1,1,485,Slough,0.568798000000000,Both,Hist salmon,5951,0.000000000000000,,5951,38521.396498919821170,15187066.736874151974916,Mainstem: Lower Chehalis 4,60,638.193692987948339,5684.334449352584670,Yes
-1,1,486,Pond,0.410736000000000,Hist,Hist no salmon,6968,2497.806703338351326,,6968,39771.791102286122623,24612682.804720312356949,Unnamed: Black Hills 4,30,285.832347424051534,4104.657870919896595,
-1,1,487,Marsh,1.836659000000000,Hist,Hist salmon,11121,40.255627650572187,,11121,111846.634780773121747,175346973.513960331678391,Cloquallum Creek,37,613.138762005058425,18353.848863263698149,
-1,1,488,Marsh,0.429946000000000,Hist,Hist salmon,12799,65.254539578351697,,12799,111846.634780773121747,175346973.513960331678391,Cloquallum Creek,37,248.090282995567634,4296.359366775393937,
-1,1,489,Marsh,0.346309000000000,Curr,Hist salmon,5182,0.000000000000000,,5182,98751.225704972457606,77067740.308363378047943,Unnamed: Central Lowlands 6,20,252.550803382333811,3460.888142303937457,
-1,1,490,Pond,1.335423000000000,Curr,Hist salmon,701,0.000000000000000,,701,128713.250162538577570,324568132.476597189903259,South Fork Chehalis,5,668.115714626615954,13345.866322485706405,
-1,1,491,Marsh,0.138800000000000,Hist,Hist salmon,4000,1167.272223545887300,,4000,72962.203844451025361,93771104.135443136096001,Bunker Creek,10,135.547538130934470,1387.123822480363060,
-1,1,492,Marsh,0.562268000000000,Hist,Hist salmon,4657,338.562344561339785,,4657,90912.708609555149451,112473867.070502221584320,Lincoln Creek,19,355.669630528361267,5619.137945643066814,
-1,1,493,Pond,0.052743000000000,Both,Hist salmon,5718,140.718872924213201,,5718,159862.665859964530682,364384257.434201776981354,Black River,23,107.588441659068863,527.090852177240549,
-1,1,494,Marsh,0.629413000000000,Hist,Hist no salmon,7341,1732.320252058623055,,7341,67829.617527592563420,102901766.598401084542274,Porter Creek,32,380.413048643341313,6289.954977964879618,
-1,1,495,Marsh,9.322324000000000,Both,Hist salmon,2573,0.000000000000000,,2573,37122.234989205142483,8781882.017450014129281,Mainstem: Middle Chehalis 1,54,3000.961281619967849,93164.987524278854835,
-1,2,496,Pond,0.656669000000000,Hist,Hist salmon,3316,0.000000000000000,,3316,65306.643175367535150,54983150.600972734391689,Unnamed: Willapa Hills 2,6,554.711356004713480,6562.579757044254620,
-1,1,497,Marsh,1.306026000000000,Curr,Hist no salmon,5735,1677.791571243078806,,5735,27970.938181912708387,14303610.877944013103843,Unnamed: Black Hills 5,26,1099.842604312100320,13051.814704797372542,
-1,1,498,Marsh,2.084571000000000,Curr,Hist salmon,10400,823.657889618165541,,10400,64500.793559666235524,70730227.349633023142815,Mox Chehalis Creek,34,590.618690572799210,20831.280472868886136,
-1,1,499,Marsh,0.101220000000000,Curr,Hist salmon,6832,0.000000000000000,,6832,70790.401097194917384,102524081.591505512595177,Cedar Creek,29,161.689042042348831,1011.540817922485530,
-1,1,500,Marsh,1.994426000000000,Curr,Hist no salmon,853,414.086505090983167,,853,128713.250162538577570,324568132.476597189903259,South Fork Chehalis,5,740.909464390467633,19931.747519830860256,
-1,1,501,Marsh,0.170680000000000,Hist,Hist salmon,20562,0.000000000000000,,20562,98751.225704972457606,77067740.308363378047943,Unnamed: Central Lowlands 6,20,211.641935922989859,1705.712899647051017,
-1,1,502,Marsh,0.190010000000000,Hist,Hist salmon,8656,1195.287588840086983,,8656,67829.617527592563420,102901766.598401084542274,Porter Creek,32,201.892964109355319,1898.811093758256675,
-1,1,503,Pond,0.201188000000000,Curr,Hist no salmon,903,71.984267693255717,,903,128713.250162538577570,324568132.476597189903259,South Fork Chehalis,5,179.408369540059482,2010.613031163670939,
-1,1,504,Pond,0.199086000000000,Curr,Hist no salmon,2522,297.113812481191246,,2522,37122.234989205142483,8781882.017450014129281,Mainstem: Middle Chehalis 1,54,170.744012410891287,1989.618091541552303,
-1,1,505,Pond,0.012063000000000,Curr,Hist no salmon,5753,366.703088964658377,,5753,159862.665859964530682,364384257.434201776981354,Black River,23,41.164270503885085,120.553821564403947,
-1,1,506,Pond,0.011374000000000,Curr,Hist no salmon,5753,379.636326033246519,,5753,159862.665859964530682,364384257.434201776981354,Black River,23,41.037515806136227,113.670857267048063,
-1,1,507,Pond,0.009244000000000,Curr,Hist no salmon,5753,395.756932799764115,,5753,159862.665859964530682,364384257.434201776981354,Black River,23,38.728635797675508,92.383912437391203,
-1,1,508,Pond,0.032504000000000,Curr,Hist no salmon,5753,390.117763713597810,,5753,159862.665859964530682,364384257.434201776981354,Black River,23,85.785439664621009,324.834968794239899,
-1,1,509,Pond,0.009993000000000,Curr,Hist no salmon,5753,418.274906556968972,,5753,159862.665859964530682,364384257.434201776981354,Black River,23,39.651780357327922,99.862431501056705,
-1,1,510,Marsh,0.280868000000000,Hist,Hist salmon,8584,1489.582364721027488,,8584,67829.617527592563420,102901766.598401084542274,Porter Creek,32,206.190122070431642,2806.765113705610474,
-1,1,511,Pond,0.035168000000000,Hist,Hist salmon,3056,21.652746644932840,,3056,72962.203844451025361,93771104.135443136096001,Bunker Creek,10,73.164108639248923,351.457399977111322,
-1,1,512,Pond,0.031942000000000,Curr,Hist no salmon,19218,191.596724666806864,,19218,159862.665859964530682,364384257.434201776981354,Black River,23,75.462574651783498,319.217089160729870,
-1,1,513,Pond,0.032587000000000,Hist,Hist no salmon,20470,452.784923392857991,,20470,34108.605140610685339,18818520.316444125026464,Unnamed: Willapa Hills 4,8,67.386178337690751,325.667553759332634,
-1,1,514,Marsh,0.495176000000000,Curr,Hist salmon,4875,963.123457062665466,,4875,90912.708609555149451,112473867.070502221584320,Lincoln Creek,19,309.547348426524650,4948.617441406300713,
-1,1,515,Pond,0.175992000000000,Curr,Hist no salmon,19218,381.056291839355424,,19218,159862.665859964530682,364384257.434201776981354,Black River,23,170.221302125125248,1758.782316632646598,
-1,1,516,Pond,0.271256000000000,Hist,Hist salmon,20331,794.542797816503935,,20331,159862.665859964530682,364384257.434201776981354,Black River,23,245.058280236761590,2710.770658788027959,
-1,1,517,Pond,0.251609000000000,Curr,Hist no salmon,6291,157.768718507150425,,6291,159862.665859964530682,364384257.434201776981354,Black River,23,186.417511999749138,2514.448639243213165,
-1,1,518,Marsh,0.270125000000000,Hist,Hist salmon,6307,10.891960984579802,,6307,159862.665859964530682,364384257.434201776981354,Black River,23,271.176106789762912,2699.477351880164861,
-1,1,519,Pond,0.214842000000000,Curr,Hist salmon,7594,0.000000000000000,,7594,159862.665859964530682,364384257.434201776981354,Black River,23,212.070580753293541,2146.979908731054365,
-1,1,520,Pond,0.051456000000000,Curr,Hist salmon,822,97.126235727584046,,822,128713.250162538577570,324568132.476597189903259,South Fork Chehalis,5,90.422414964193706,514.241051858838318,
-1,2,521,Pond,0.460393000000000,Hist,Hist salmon,22599,199.210013056458138,,22599,59313.456616296323773,20382099.438309937715530,Mainstem: Middle Chehalis 2,55,302.691848039148397,4601.028359628363432,
-1,1,522,Marsh,0.059207000000000,Curr,Hist salmon,4599,485.599578793053865,,4599,90912.708609555149451,112473867.070502221584320,Lincoln Creek,19,93.384492127180664,591.691639771195923,
-1,1,523,Marsh,30.103124000000001,Both,Hist salmon,5998,0.000000000000000,4793,5998,159862.665859964530682,364384257.434201776981354,Black River,23,4599.279078971713716,300835.476383071567398,
-1,1,524,Pond,2.074773000000000,Hist,Hist salmon,6310,1051.808359756283380,,6310,159862.665859964530682,364384257.434201776981354,Black River,23,658.136890951458895,20734.052514790200803,
-1,1,525,Pond,0.032035000000000,Hist,Hist no salmon,8563,662.789146698510990,,8563,159862.665859964530682,364384257.434201776981354,Black River,23,70.006052175227410,320.129337501136320,
-1,2,526,Pond,7.568937000000000,Hist,Hist salmon,22598,0.000000000000000,,22598,59313.456616296323773,20382099.438309937715530,Mainstem: Middle Chehalis 2,55,1849.381236722341100,75641.708059981610859,
-1,1,527,Pond,0.481735000000000,Hist,Hist salmon,3393,36.186130355706965,,3393,41351.329529655922670,29855620.203990574926138,Unnamed: Central Lowlands 9,11,301.757827656317090,4814.315881392131814,
-1,1,528,Marsh,0.037657000000000,Hist,Hist salmon,3410,1499.722868998371723,,3410,41351.329529655922670,29855620.203990574926138,Unnamed: Central Lowlands 9,11,79.251383092245320,376.336220020782548,
-1,1,529,Marsh,1.769107000000000,Hist,Hist salmon,6905,133.334769811579378,,6905,159862.665859964530682,364384257.434201776981354,Black River,23,495.924596442644827,17679.345238657868322,
-1,1,530,Pond,1.017770000000000,Hist,Hist salmon,7642,776.510058434838470,,7642,159862.665859964530682,364384257.434201776981354,Black River,23,480.554674604422416,10170.884830083134148,
-1,1,531,Marsh,0.077759000000000,Both,Hist salmon,19257,147.347141997704853,,19257,159862.665859964530682,364384257.434201776981354,Black River,23,111.444943341012674,777.077273081177964,
-1,1,532,Marsh,4.038480000000000,Hist,Hist no salmon,7634,385.498899675982670,,7634,159862.665859964530682,364384257.434201776981354,Black River,23,1416.554483373336325,40357.857868496481387,
-1,1,533,Marsh,1.532306000000000,Curr,Hist salmon,4764,393.122623133228331,,4764,33120.890699998715718,13469576.136961460113525,Mainstem: Lower Chehalis 1,57,956.767892107751891,15313.327023689420457,
-1,1,534,Marsh,3.426027000000000,Curr,Hist salmon,4753,258.620288161422536,,4753,33120.890699998715718,13469576.136961460113525,Mainstem: Lower Chehalis 1,57,837.321482304733536,34238.461324888070521,
-1,1,535,Marsh,0.075891000000000,Hist,Hist no salmon,4947,564.502109136862600,,4947,40239.034924584579130,15952808.948135545477271,Mainstem: Lower Chehalis 2,58,118.178265686175536,758.426032127016356,Yes
-1,1,536,Marsh,0.195653000000000,Both,Hist no salmon,6117,539.425453794745067,,6117,159862.665859964530682,364384257.434201776981354,Black River,23,173.194619154062707,1955.256896928872266,
-1,1,537,Marsh,0.687131000000000,Curr,Hist no salmon,6117,240.177717482555209,,6117,159862.665859964530682,364384257.434201776981354,Black River,23,642.217458984514792,6866.838432774506146,
-1,1,538,Marsh,1.398694000000000,Hist,Hist salmon,19271,242.656788490552202,,19271,159862.665859964530682,364384257.434201776981354,Black River,23,600.167337148131082,13977.757481096930860,
-1,1,539,Marsh,0.290828000000000,Curr,Hist salmon,19269,752.803881697528936,,19269,159862.665859964530682,364384257.434201776981354,Black River,23,216.636036855766747,2906.376732057424306,
-1,1,540,Pond,1.771032000000000,Hist,Hist salmon,3788,71.648658228491115,,3788,59313.456616296323773,20382099.438309937715530,Mainstem: Middle Chehalis 2,55,828.252445050464303,17699.151086972164194,
-1,2,541,Marsh,2.178228000000000,Curr,Curr degrade,4748,1027.448621642117587,,4748,64116.909780659618264,34581500.544033728539944,Unnamed: Black River 1,21,881.896455454249121,21768.383011284313397,
-1,1,542,Pond,1.623504000000000,Curr,Hist no salmon,5383,165.881388689430054,,5383,106638.473340230484609,103623513.334606394171715,Scatter Creek,22,519.295205463415869,16224.533030144859367,
-1,1,543,Pond,0.086368000000000,Curr,Hist no salmon,5385,422.930879216774656,,5385,106638.473340230484609,103623513.334606394171715,Scatter Creek,22,149.358712755059230,863.114736292398675,
-1,1,544,Marsh,1.458454000000000,Curr,Hist no salmon,6340,1338.317124277846460,,6340,159862.665859964530682,364384257.434201776981354,Black River,23,494.678665773343312,14574.993566142722557,
-1,1,545,Marsh,1.995504000000000,Curr,Hist no salmon,6810,1106.570410609621149,,6810,159862.665859964530682,364384257.434201776981354,Black River,23,687.394779386640153,19941.930277742172620,
-1,1,546,Marsh,1.173154000000000,Curr,Hist no salmon,6750,1031.852744197920401,,6750,159862.665859964530682,364384257.434201776981354,Black River,23,486.764145702408712,11723.779664016617971,
-1,1,547,Marsh,3.487894000000000,Hist,Hist salmon,4137,121.997422791453843,,4137,49339.273498255643062,17306234.431499805301428,Mainstem: Middle Chehalis 3,56,1201.756979714254385,34856.923091628195834,
-1,1,548,Marsh,10.205227000000001,Hist,Hist salmon,7325,109.409111925547165,,7325,159862.665859964530682,364384257.434201776981354,Black River,23,1741.875970685305674,101984.038735102090868,
-1,1,549,Marsh,0.051267000000000,Both,Hist salmon,8320,71.731377051157708,,8320,159862.665859964530682,364384257.434201776981354,Black River,23,90.566308450750611,512.322055102527770,
-1,1,550,Pond,0.199539000000000,Hist,Hist salmon,4311,0.000000000000000,,4311,49339.273498255643062,17306234.431499805301428,Mainstem: Middle Chehalis 3,56,189.726931148727942,1994.122264212998061,Yes
-1,1,551,Marsh,4.416300000000000,Curr,Hist salmon,18548,201.304448529744718,,18548,138406.144823040289339,318898089.190657675266266,Skookumchuck River,18,1079.680446911564559,44134.696491973270895,
-1,1,552,Pond,2.021512000000000,Hist,Hist salmon,6384,132.008557214927976,,6384,159862.665859964530682,364384257.434201776981354,Black River,23,1329.470840928282314,20201.937791339070827,
-1,1,553,Pond,0.301657000000000,Curr,Hist salmon,6384,604.348479174560907,,6384,159862.665859964530682,364384257.434201776981354,Black River,23,273.711191210326547,3014.608848501707598,
-1,1,554,Marsh,0.166433000000000,Curr,Hist salmon,19131,856.133230968236376,,19131,57551.046467003296129,62244686.940613552927971,Salzer Creek,15,153.509466660070103,1663.279474501445065,
-1,1,555,Pond,0.561929000000000,Curr,Hist no salmon,18155,457.882877689638690,,18155,138406.144823040289339,318898089.190657675266266,Skookumchuck River,18,287.177043576041967,5615.711789437600601,
-1,1,556,Pond,0.351756000000000,Hist,Hist salmon,6371,0.000000000000000,,6371,159862.665859964530682,364384257.434201776981354,Black River,23,229.629694947472927,3515.253522384577082,
-1,1,557,Pond,0.412378000000000,Curr,Hist no salmon,6376,854.419661442312417,,6376,159862.665859964530682,364384257.434201776981354,Black River,23,316.902836057719469,4121.086714896145168,
-1,1,558,Marsh,3.914239000000000,Curr,Hist salmon,7179,0.000000000000000,,7179,159862.665859964530682,364384257.434201776981354,Black River,23,1580.457212375672043,39116.438928006624337,
-1,1,559,Pond,0.066536000000000,Hist,Hist salmon,7281,141.959707536928448,,7281,159862.665859964530682,364384257.434201776981354,Black River,23,121.636817307856504,664.916422457815656,
-1,1,560,Marsh,0.872195000000000,Curr,Hist salmon,23012,1419.077240095176421,,23012,159862.665859964530682,364384257.434201776981354,Black River,23,562.786480637665022,8716.257567962895337,
-1,1,561,Pond,0.070205000000000,Curr,Hist no salmon,5427,1909.090819229660838,,5427,106638.473340230484609,103623513.334606394171715,Scatter Creek,22,105.698687964280737,701.594254713375335,
-1,1,562,Pond,0.024234000000000,Curr,Hist no salmon,5427,1885.309512134737361,,5427,106638.473340230484609,103623513.334606394171715,Scatter Creek,22,58.286160549906448,242.184189208957946,
-1,1,563,Marsh,0.097677000000000,Curr,Hist no salmon,23010,142.981563501197428,,23010,159862.665859964530682,364384257.434201776981354,Black River,23,138.061360205324320,976.127748885160713,
-1,1,564,Pond,0.154072000000000,Curr,Hist no salmon,2379,396.069925360070329,,2379,151813.484517717675772,406226339.697148263454437,Newaukum River,12,161.642122041107314,1539.749136754230904,Yes
-1,1,565,Pond,0.158350000000000,Curr,Curr degrade,2384,444.191053325045004,,2384,151813.484517717675772,406226339.697148263454437,Newaukum River,12,199.587434395661688,1582.500879881896026,Yes
-1,1,566,Pond,0.149483000000000,Hist,Hist salmon,5456,1746.194589946010183,,5456,106638.473340230484609,103623513.334606394171715,Scatter Creek,22,151.852717436062960,1493.858913122765443,
-1,1,567,Pond,0.997541000000000,Curr,Hist no salmon,18751,137.332066895377437,,18751,138406.144823040289339,318898089.190657675266266,Skookumchuck River,18,411.562996598042048,9969.066254018265681,
-1,1,568,Marsh,1.202977000000000,Curr,Hist salmon,6707,374.986622304427556,,6707,159862.665859964530682,364384257.434201776981354,Black River,23,431.740020234547274,12021.903435740920031,
-1,1,569,Marsh,0.999723000000000,Hist,Hist salmon,3018,0.000000000000000,,3018,50132.307652337098261,42180804.244348973035812,Unnamed: Cascade Mountains 2,13,583.804634415609144,9990.958366081022177,
-1,1,570,Pond,41.996673000000001,Curr,Hist no salmon,18913,1232.648331212373478,,18913,138406.144823040289339,318898089.190657675266266,Skookumchuck River,18,3157.618518720756583,419700.877802942413837,
-1,1,571,Pond,0.765114000000000,Curr,Hist no salmon,18752,131.787807950064035,,18752,138406.144823040289339,318898089.190657675266266,Skookumchuck River,18,349.271342344257164,7646.273190022496237,
-1,1,572,Pond,1.313788000000000,Curr,Hist no salmon,18411,228.736599118234409,,18411,138406.144823040289339,318898089.190657675266266,Skookumchuck River,18,471.819854488785950,13129.518561051820143,
-1,1,573,Marsh,0.173996000000000,Hist,Hist no salmon,18110,1259.316128978472534,,18110,138406.144823040289339,318898089.190657675266266,Skookumchuck River,18,160.488344461560558,1738.847799316934925,
-1,1,574,Marsh,0.710263000000000,Hist,Hist salmon,5467,1490.859879258058982,,5467,159862.665859964530682,364384257.434201776981354,Black River,23,367.226287719034019,7097.995541592701557,
-1,1,575,Pond,0.154356000000000,Curr,Hist no salmon,6711,704.533788649961821,,6711,159862.665859964530682,364384257.434201776981354,Black River,23,180.110261202571792,1542.551174540172042,
-1,1,576,Pond,0.403531000000000,Curr,Hist no salmon,3023,502.043525841757400,,3023,50132.307652337098261,42180804.244348973035812,Unnamed: Cascade Mountains 2,13,295.459926983047524,4032.781017874504414,
-1,1,577,Marsh,0.099906000000000,Curr,Hist salmon,18923,731.258314325420997,,18923,138406.144823040289339,318898089.190657675266266,Skookumchuck River,18,130.086902007237086,998.435039618558790,
-1,1,578,Pond,0.240496000000000,Curr,Hist no salmon,20358,602.950555293010325,,20358,138406.144823040289339,318898089.190657675266266,Skookumchuck River,18,200.221130152643383,2403.437310350081589,
-1,1,579,Pond,0.414231000000000,Curr,Hist no salmon,18758,485.264990400478382,,18758,138406.144823040289339,318898089.190657675266266,Skookumchuck River,18,268.852100591987835,4139.684944848921987,
-1,1,580,Marsh,3.837641000000000,Curr,Hist no salmon,6064,1083.743651892480557,,6064,106638.473340230484609,103623513.334606394171715,Scatter Creek,22,823.325836907195821,38351.287960165020195,
-1,1,581,Marsh,0.146837000000000,Curr,Hist salmon,18450,0.000000000000000,,18450,138406.144823040289339,318898089.190657675266266,Skookumchuck River,18,161.961994092877006,1467.446410233656252,
-1,1,582,Pond,1.442372000000000,Curr,Hist no salmon,18440,0.000000000000000,,18440,138406.144823040289339,318898089.190657675266266,Skookumchuck River,18,540.292656965703031,14414.584492927066094,
-1,1,583,Pond,0.056086000000000,Curr,Hist no salmon,1593,612.856282555804455,,1593,151813.484517717675772,406226339.697148263454437,Newaukum River,12,96.157747065098889,560.515194637810168,
-1,1,584,Marsh,0.774247000000000,Hist,Hist no salmon,18769,713.886703189830541,,18769,138406.144823040289339,318898089.190657675266266,Skookumchuck River,18,451.435173500506153,7737.593942912388229,
-1,1,585,Marsh,0.348367000000000,Hist,Hist no salmon,18762,729.679805493509434,,18762,138406.144823040289339,318898089.190657675266266,Skookumchuck River,18,250.206647600058233,3481.472032913949533,
-1,1,586,Marsh,0.111134000000000,Curr,Hist salmon,6258,0.000000000000000,,6258,106638.473340230484609,103623513.334606394171715,Scatter Creek,22,129.602645952474830,1110.618483694910765,
-1,1,587,Marsh,1.726219000000000,Curr,Hist salmon,6058,39.262239865167750,,6058,106638.473340230484609,103623513.334606394171715,Scatter Creek,22,520.597295279886339,17250.913005303009413,
-1,1,588,Pond,10.565953000000000,Curr,Hist salmon,6059,209.503526207437744,,6059,106638.473340230484609,103623513.334606394171715,Scatter Creek,22,1375.235683667867761,105590.449129145010374,
-1,1,589,Pond,0.385145000000000,Curr,Hist salmon,1310,76.498177385463180,,1310,151813.484517717675772,406226339.697148263454437,Newaukum River,12,452.896353914142139,3849.047313085302903,
-1,1,590,Pond,2.667477000000000,Curr,Hist no salmon,23171,230.167798245937320,,23171,138406.144823040289339,318898089.190657675266266,Skookumchuck River,18,730.888137570157141,26657.823297199953231,
-1,1,591,Marsh,1.531139000000000,Curr,Hist salmon,22632,0.000000000000000,,22632,106638.473340230484609,103623513.334606394171715,Scatter Creek,22,624.161207039315968,15301.538019278237698,
-1,1,592,Marsh,0.088749000000000,Both,Hist salmon,2026,83.023229347846978,,2026,151813.484517717675772,406226339.697148263454437,Newaukum River,12,122.933998923698454,886.943096635128200,
-1,1,593,Marsh,0.098298000000000,Hist,Hist salmon,2784,316.599727766259605,,2784,151813.484517717675772,406226339.697148263454437,Newaukum River,12,119.948955965831900,982.373563489185813,
-1,1,594,Marsh,0.105716000000000,Curr,Hist salmon,18934,609.515745723147234,,18934,138406.144823040289339,318898089.190657675266266,Skookumchuck River,18,144.974276867630095,1056.489117625131712,
-1,1,595,Pond,0.178369000000000,Curr,Hist no salmon,18018,80.269661990169652,,18018,138406.144823040289339,318898089.190657675266266,Skookumchuck River,18,174.132548966532767,1782.558927095466061,
-1,1,596,Marsh,0.444783000000000,Both,Hist no salmon,1742,168.442135810924412,,1742,151813.484517717675772,406226339.697148263454437,Newaukum River,12,293.189329541301277,4445.088090534498406,
-1,1,597,Marsh,0.124443000000000,Hist,Hist salmon,5015,0.000000000000000,,5015,76009.236526847191271,159121473.122915714979172,Upper Skookumchuck,51,134.035574526490336,1243.651859509751375,
-1,1,598,Marsh,0.420716000000000,Hist,Hist no salmon,18831,260.448620279396778,,18831,138406.144823040289339,318898089.190657675266266,Skookumchuck River,18,290.288227224555669,4204.572133111785661,
-1,1,599,Pond,0.017504000000000,Curr,Hist salmon,17838,0.000000000000000,,17838,151813.484517717675772,406226339.697148263454437,Newaukum River,12,55.849984896217094,174.936324762139719,
-1,1,600,Marsh,3.400441000000000,Hist,Hist no salmon,4969,557.149691206935472,,4969,76009.236526847191271,159121473.122915714979172,Upper Skookumchuck,51,946.744316997544502,33983.421354275313206,
-1,1,601,Marsh,0.083152000000000,Both,Hist no salmon,4190,1578.769935430502301,,4190,151813.484517717675772,406226339.697148263454437,Newaukum River,12,108.345198636339745,831.016788421396541,
-1,1,602,Lake,232.184280000000001,Curr,Hist salmon,7724,0.000000000000000,,7724,159862.665859964530682,364384257.434201776981354,Black River,23,9700.844537532428149,2320264.927067555487156,
-1,1,603,Pond,0.037528000000000,Curr,Hist no salmon,7125,10222.602383871286293,,7125,378317.145195854303893,263575921.850556135177612,Lower Chehalis Estuary,50,85.639820183304863,375.103736953309522,
-1,1,604,Pond,0.329189000000000,Curr,Hist no salmon,7125,9493.066053535016181,,7125,378317.145195854303893,263575921.850556135177612,Lower Chehalis Estuary,50,220.929447134562849,3290.327722541820094,
-1,1,605,Pond,5.931045000000000,Curr,Hist no salmon,10603,10390.943341136464369,,10603,378317.145195854303893,263575921.850556135177612,Lower Chehalis Estuary,50,1101.196581543277944,59281.997565391371609,
-1,1,606,Marsh,0.092465000000000,Curr,Hist no salmon,7127,5097.246179794886302,,7127,378317.145195854303893,263575921.850556135177612,Lower Chehalis Estuary,50,166.388459005565437,924.205159815425304,
-1,1,607,Pond,0.053578000000000,Curr,Hist no salmon,21810,2172.775829045260707,,21810,378317.145195854303893,263575921.850556135177612,Lower Chehalis Estuary,50,106.761171916758087,535.522828502741959,
-1,1,608,Marsh,1.167886000000000,Curr,Curr degrade,21810,1662.819735884738748,,21810,378317.145195854303893,263575921.850556135177612,Lower Chehalis Estuary,50,802.463856545474300,11673.305633834403125,
-1,1,609,Marsh,3.395378000000000,Curr,Hist salmon,11192,97.856103580470048,,11192,378317.145195854303893,263575921.850556135177612,Lower Chehalis Estuary,50,1033.710600478753349,33935.866321716275706,
-1,1,610,Pond,0.256906000000000,Hist,Hist salmon,10662,100.352761505821150,,10662,378317.145195854303893,263575921.850556135177612,Lower Chehalis Estuary,50,241.563347955959529,2567.674150924990954,
-1,1,611,Marsh,1.688858000000000,Both,Hist salmon,11389,226.767606296426919,,11389,230932.463257765833987,638216095.057497859001160,Humptulips River,45,1215.070529317703404,16879.343835804236733,
-1,1,612,Marsh,4.611478000000000,Curr,Hist no salmon,14646,935.326311212994938,,14646,230932.463257765833987,638216095.057497859001160,Humptulips River,45,826.788425285512517,46087.649008698113903,
-1,1,613,Marsh,1.780023000000000,Hist,Hist salmon,13184,0.000000000000000,,13184,230932.463257765833987,638216095.057497859001160,Humptulips River,45,768.867243351040202,17789.976312252001662,
-1,1,614,Marsh,7.023614000000000,Curr,Hist no salmon,23297,1002.445456427833506,,23297,230932.463257765833987,638216095.057497859001160,Humptulips River,45,997.202838595936896,70195.055689635468298,
-1,1,615,Marsh,1.661023000000000,Hist,Hist salmon,12838,0.000000000000000,,12838,230932.463257765833987,638216095.057497859001160,Humptulips River,45,593.222819655742114,16600.738048151222756,
-1,1,616,Pond,0.150315000000000,Curr,Hist no salmon,21574,55.140292874451902,,21574,230932.463257765833987,638216095.057497859001160,Humptulips River,45,170.501355578800599,1502.220298261339622,
-1,1,617,Marsh,0.213124000000000,Both,Hist salmon,21989,64.966803133650387,,21989,49308.557195515604690,47291303.365128621459007,Elk River,47,260.104036571044617,2130.141505205929207,
-1,1,618,Marsh,0.084258000000000,Hist,Hist no salmon,22476,374.193546977863321,,22476,230932.463257765833987,638216095.057497859001160,Humptulips River,45,118.961219574401284,842.087208208996685,
-1,1,619,Marsh,0.434650000000000,Both,Hist no salmon,15444,425.756701712375957,,15444,230932.463257765833987,638216095.057497859001160,Humptulips River,45,242.250758001085870,4343.692263557545630,
-1,1,620,Marsh,2.572913000000000,Curr,Hist no salmon,16308,477.091729461888178,,16308,230932.463257765833987,638216095.057497859001160,Humptulips River,45,681.311848469213487,25711.975698548463697,
-1,1,621,Marsh,0.306442000000000,Hist,Hist no salmon,16307,141.770188376069143,,16307,230932.463257765833987,638216095.057497859001160,Humptulips River,45,202.020406270054565,3062.371982029533683,
-1,1,622,Marsh,0.209829000000000,Curr,Hist no salmon,16338,281.460183720389352,,16338,230932.463257765833987,638216095.057497859001160,Humptulips River,45,174.400431179381513,2096.886353819227679,
-1,1,623,Marsh,0.359526000000000,Both,Hist salmon,7848,0.000000000000000,,7848,378317.145195854303893,263575921.850556135177612,Lower Chehalis Estuary,50,228.645459246867517,3593.248950197593786,
-1,1,624,Marsh,0.631668000000000,Both,Hist no salmon,13894,495.230685660615904,,13894,230932.463257765833987,638216095.057497859001160,Humptulips River,45,354.810161699155799,6312.732933703106937,
-1,1,625,Pond,3.545342000000000,Curr,Hist no salmon,8219,109.615844467353426,,8219,378317.145195854303893,263575921.850556135177612,Lower Chehalis Estuary,50,1385.524883919986678,35433.171760623037699,Yes
-1,1,626,Pond,0.610479000000000,Hist,Hist no salmon,16847,240.344939783765284,,16847,230932.463257765833987,638216095.057497859001160,Humptulips River,45,327.331187598771976,6100.530505871596688,
-1,1,627,Marsh,5.686302000000000,Curr,Hist no salmon,8227,359.198157741103444,,8227,378317.145195854303893,263575921.850556135177612,Lower Chehalis Estuary,50,964.057265673902407,56830.451192133645236,
-1,1,628,Marsh,26.685873000000001,Both,Hist salmon,10176,13.106160819877944,7468,10176,151947.647425919829402,266325666.708538889884949,Wishkah River,43,2286.124786488870541,266698.534717864939012,
-1,1,629,Marsh,6.669859000000000,Hist,Hist salmon,11717,56.019503088628170,,11717,151947.647425919829402,266325666.708538889884949,Wishkah River,43,1308.255493108312976,66656.807075760516454,
-1,1,630,Marsh,0.197474000000000,Curr,Hist salmon,21328,0.000000000000000,,21328,128409.154010552825639,234704536.754735738039017,Hoquiam River,44,226.260733784375162,1973.483498620179716,
-1,1,631,Pond,0.651845000000000,Curr,Curr degrade,8292,0.002484614121643,,8292,67420.654691214382183,87038278.247085735201836,Upper Chehalis Estuary,49,544.720068960922617,6514.618353718335129,
-1,1,632,Pond,0.324741000000000,Curr,Hist no salmon,14046,77.106975454352195,,14046,151947.647425919829402,266325666.708538889884949,Wishkah River,43,330.990882989089584,3245.246843798245209,
-1,1,633,Pond,0.585341000000000,Hist,Hist salmon,9401,0.000000000000000,,9401,246250.590740413172171,507221006.855407536029816,Wynoochee River,42,609.408577749599317,5849.832475602887826,
-1,1,634,Pond,0.735137000000000,Hist,Hist no salmon,14945,171.820707385607903,,14945,151947.647425919829402,266325666.708538889884949,Wishkah River,43,327.595772695658411,7346.375304663163661,
-1,1,635,Marsh,0.027978000000000,Hist,Hist salmon,14451,0.000000000000000,,14451,151947.647425919829402,266325666.708538889884949,Wishkah River,43,69.747039755359026,279.592612861486487,
-1,1,636,Marsh,1.028522000000000,Hist,Hist salmon,20832,19.198105981968489,,20832,246250.590740413172171,507221006.855407536029816,Wynoochee River,42,532.140451568232493,10278.746072321946485,
-1,1,637,Marsh,0.066094000000000,Curr,Hist salmon,14453,0.000000000000000,,14453,151947.647425919829402,266325666.708538889884949,Wishkah River,43,107.052638811042655,660.491182426466708,
-1,1,638,Marsh,1.050835000000000,Both,Hist no salmon,16864,1064.706818499618748,,16864,246250.590740413172171,507221006.855407536029816,Wynoochee River,42,496.861754316596091,10500.652760596793087,
-1,1,639,Marsh,0.367974000000000,Curr,Hist salmon,9159,0.000000000000000,,9159,246250.590740413172171,507221006.855407536029816,Wynoochee River,42,260.853601984812656,3677.466757370091727,Yes
-1,1,640,Marsh,1.035645000000000,Both,Hist salmon,16891,111.415008511721311,,16891,246250.590740413172171,507221006.855407536029816,Wynoochee River,42,575.464216208711377,10348.706715960459405,
-1,1,641,Pond,1.957611000000000,Curr,Hist no salmon,8419,48.310613943012378,,8419,246250.590740413172171,507221006.855407536029816,Wynoochee River,42,668.085935061244982,19564.012648382922634,Yes
-1,1,642,Marsh,0.230995000000000,Both,Hist salmon,9157,11.493245144610778,,9157,246250.590740413172171,507221006.855407536029816,Wynoochee River,42,221.994703056139230,2308.517544485435337,
-1,1,643,Marsh,0.108302000000000,Hist,Hist salmon,9778,684.529082955345302,,9778,246250.590740413172171,507221006.855407536029816,Wynoochee River,42,140.308855347802677,1082.340384634702559,
-1,1,644,Marsh,1.653194000000000,Both,Hist salmon,14058,484.980506663786571,,14058,246250.590740413172171,507221006.855407536029816,Wynoochee River,42,530.584306850855342,16520.627022994383879,
-1,1,645,Marsh,0.030552000000000,Both,Hist salmon,14536,173.205716162497851,,14536,246250.590740413172171,507221006.855407536029816,Wynoochee River,42,91.475020650285330,305.311500937812809,
-1,1,646,Pond,0.190026000000000,Hist,Hist salmon,8416,93.525080313172779,,8416,246250.590740413172171,507221006.855407536029816,Wynoochee River,42,321.042984341017814,1899.085641660745296,Yes
-1,1,647,Marsh,3.417234000000000,Curr,Hist salmon,16397,0.025179508638769,,16397,246250.590740413172171,507221006.855407536029816,Wynoochee River,42,706.029590103789133,34147.550017431785818,
-1,1,648,Marsh,0.680988000000000,Both,Hist salmon,17226,82.401484294557505,,17226,246250.590740413172171,507221006.855407536029816,Wynoochee River,42,454.740175523713049,6804.662597591774102,
-1,1,649,Marsh,1.282678000000000,Both,Hist no salmon,17224,321.280439868976146,,17224,246250.590740413172171,507221006.855407536029816,Wynoochee River,42,451.011858762336260,12816.903156129135823,
-1,1,650,Marsh,0.617404000000000,Both,Hist salmon,7789,116.508111383291833,,7789,67420.654691214382183,87038278.247085735201836,Upper Chehalis Estuary,49,344.702278855795782,6170.228712953450668,
-1,1,651,Pond,0.078929000000000,Both,Hist salmon,20886,0.000000000000000,,20886,246250.590740413172171,507221006.855407536029816,Wynoochee River,42,119.664719767865719,788.795289024936210,
-1,1,652,Marsh,0.891953000000000,Both,Hist salmon,17232,88.625673536286413,,17232,246250.590740413172171,507221006.855407536029816,Wynoochee River,42,385.185397522029461,8912.688067138289625,
-1,1,653,Pond,0.154127000000000,Hist,Hist no salmon,17745,918.229187795023449,,17745,246250.590740413172171,507221006.855407536029816,Wynoochee River,42,162.544261530556923,1540.021587014000261,
-1,1,654,Marsh,1.055876000000000,Hist,Hist no salmon,17632,0.000000000000000,,17632,246250.590740413172171,507221006.855407536029816,Wynoochee River,42,426.328596019819713,10550.306962967759318,
-1,1,655,Marsh,0.541194000000000,Hist,Hist no salmon,17632,0.000000000000000,,17632,246250.590740413172171,507221006.855407536029816,Wynoochee River,42,332.034492831185105,5407.611397093305641,
-1,1,656,Marsh,5.952011000000000,Both,Hist salmon,20273,230.708197858034282,,20273,222380.125267685507424,776523555.048679113388062,Satsop River,40,1795.255213642643184,59479.212508753400471,
-1,1,657,Pond,0.323054000000000,Hist,Hist no salmon,17775,1288.675015074933526,,17775,246250.590740413172171,507221006.855407536029816,Wynoochee River,42,282.717759069683666,3227.857624113443308,
-1,1,658,Pond,0.150956000000000,Hist,Hist no salmon,17782,6026.312400805612015,,17782,246250.590740413172171,507221006.855407536029816,Wynoochee River,42,153.136337348066377,1508.258429218413085,
-1,1,659,Pond,0.076629000000000,Curr,Hist salmon,8461,0.000000000000000,,8461,48290.055449476276408,24797583.336042989045382,Mainstem: Lower Chehalis 7,63,108.777519279650946,765.802743754030644,Yes
-1,1,660,Marsh,1.866556000000000,Hist,Hist no salmon,14818,238.814140036934617,,14818,222380.125267685507424,776523555.048679113388062,Satsop River,40,703.032691243279032,18652.322320357605349,
-1,1,661,Marsh,0.475923000000000,Both,Hist salmon,15942,59.519751731045844,,15942,222380.125267685507424,776523555.048679113388062,Satsop River,40,289.354482171218194,4755.734398166108804,
-1,1,662,Pond,0.110418000000000,Hist,Hist no salmon,20262,495.078982543059908,,20262,222380.125267685507424,776523555.048679113388062,Satsop River,40,133.595433120049165,1103.444405885867354,
-1,1,663,Marsh,0.577978000000000,Both,Hist salmon,14254,151.979178339749637,,14254,222380.125267685507424,776523555.048679113388062,Satsop River,40,371.935325679989774,5775.690132032014844,
-1,1,664,Marsh,0.661969000000000,Hist,Hist salmon,8121,1389.653331828384808,,8121,61832.701814796862891,85343223.067351639270782,Unnamed: Central Lowlands 2,36,735.130324412927393,6615.484127982240352,
-1,1,665,Marsh,1.349963000000000,Both,Hist salmon,13238,0.000000000000000,,13238,222380.125267685507424,776523555.048679113388062,Satsop River,40,543.990513248496086,13490.126438346678697,
-1,1,666,Marsh,0.122783000000000,Curr,Hist salmon,15036,234.042404154509541,,15036,222380.125267685507424,776523555.048679113388062,Satsop River,40,142.808550431647831,1226.956700730625926,
-1,1,667,Marsh,1.777216000000000,Curr,Hist salmon,15037,187.282762869832823,,15037,222380.125267685507424,776523555.048679113388062,Satsop River,40,603.490700380222961,17759.468117675201938,
-1,1,668,Pond,0.645681000000000,Both,Hist salmon,3910,1331.572037994571929,,3910,76524.840528758461005,151273081.305056989192963,Elk Creek,3,422.726192918227639,6452.953684020069886,
-1,1,669,Pond,0.456957000000000,Curr,Hist no salmon,8682,376.702813790341622,,8682,72380.641822059013066,39697893.786662034690380,Mainstem: Lower Chehalis 6,62,264.858689256472701,4566.615761064577782,
-1,1,670,Pond,0.280195000000000,Curr,Hist no salmon,8981,370.697282247336545,,8981,72380.641822059013066,39697893.786662034690380,Mainstem: Lower Chehalis 6,62,208.573980319072803,2800.134470081627569,
-1,1,671,Marsh,2.658760000000000,Hist,Hist salmon,13139,594.975632837100875,,13139,222380.125267685507424,776523555.048679113388062,Satsop River,40,752.420879421942459,26569.147765369489207,
-1,1,672,Marsh,0.524756000000000,Curr,Hist salmon,13521,750.457574904039802,,13521,222380.125267685507424,776523555.048679113388062,Satsop River,40,543.452474387592929,5243.833353963832451,
-1,1,673,Marsh,0.050241000000000,Curr,Hist salmon,13521,957.577652830860984,,13521,222380.125267685507424,776523555.048679113388062,Satsop River,40,114.685085737724123,502.054132512798560,
-1,1,674,Marsh,0.043237000000000,Curr,Hist salmon,13521,1054.888687897453337,,13521,222380.125267685507424,776523555.048679113388062,Satsop River,40,100.450406681614808,432.062277860362656,
-1,1,675,Marsh,0.026496000000000,Curr,Hist salmon,13537,964.402943624560521,,13537,222380.125267685507424,776523555.048679113388062,Satsop River,40,70.506429894813195,264.767058453647451,
-1,1,676,Marsh,0.053386000000000,Curr,Hist salmon,13533,1222.490841140303473,,13533,222380.125267685507424,776523555.048679113388062,Satsop River,40,90.619419122280107,533.474864195906548,
-1,1,677,Marsh,0.015454000000000,Curr,Hist salmon,13533,1278.616653013539917,,13533,222380.125267685507424,776523555.048679113388062,Satsop River,40,51.063791209502519,154.426513190950942,
-1,1,678,Marsh,1.480910000000000,Curr,Hist salmon,13539,1003.433378055137382,,13539,222380.125267685507424,776523555.048679113388062,Satsop River,40,826.389758074537099,14798.487225033190043,
-1,1,679,Marsh,0.310476000000000,Both,Hist salmon,13541,122.999662262776809,,13541,222380.125267685507424,776523555.048679113388062,Satsop River,40,316.673079769536457,3102.526422997383634,
-1,1,680,Marsh,0.107628000000000,Curr,Hist salmon,3897,1279.453313864913753,,3897,76524.840528758461005,151273081.305056989192963,Elk Creek,3,137.562512461127255,1075.631067435072509,
-1,1,681,Pond,1.087307000000000,Hist,Hist salmon,9197,200.962413322499543,,9197,72380.641822059013066,39697893.786662034690380,Mainstem: Lower Chehalis 6,62,628.380928086302561,10865.994405084484242,
-1,1,682,Marsh,4.996074000000000,Hist,Hist salmon,13567,0.000000000000000,,13567,222380.125267685507424,776523555.048679113388062,Satsop River,40,1925.931795116176090,49923.876191341936646,
-1,1,683,Pond,0.066892000000000,Both,Hist salmon,20733,933.993204613316948,,20733,76524.840528758461005,151273081.305056989192963,Elk Creek,3,100.831383674603501,668.516203600276185,
-1,1,684,Pond,0.318350000000000,Curr,Hist no salmon,9302,18.507704536987575,,9302,72380.641822059013066,39697893.786662034690380,Mainstem: Lower Chehalis 6,62,221.893163569339890,3181.409426561520831,
-1,1,685,Pond,0.795265000000000,Curr,Hist no salmon,9232,22.399708879327783,,9232,72380.641822059013066,39697893.786662034690380,Mainstem: Lower Chehalis 6,62,389.592972849732689,7947.432309159577017,
-1,1,686,Pond,0.159455000000000,Both,Hist salmon,19524,0.000000000000000,,19524,76524.840528758461005,151273081.305056989192963,Elk Creek,3,214.298965569517293,1593.576178098716809,
-1,1,687,Marsh,1.890654000000000,Both,Hist salmon,3716,0.000000000000000,,3716,76524.840528758461005,151273081.305056989192963,Elk Creek,3,779.093930832166961,18895.043874329043319,
-1,1,688,Marsh,0.428670000000000,Hist,Hist no salmon,15353,963.858623843536066,,15353,222380.125267685507424,776523555.048679113388062,Satsop River,40,248.452196003256148,4283.532900320554290,
-1,1,689,Marsh,0.307847000000000,Hist,Hist salmon,19934,332.463874054768667,,19934,118289.321295402623946,126156469.879530921578407,Upper Chehalis: Proposed Dam to Elk Creek,2,215.246464013821935,3076.597240330273507,
-1,1,690,Marsh,0.080337000000000,Both,Hist salmon,19537,0.000000000000000,,19537,76524.840528758461005,151273081.305056989192963,Elk Creek,3,111.461607312738650,802.875629242497553,
-1,1,691,Marsh,0.256976000000000,Hist,Hist salmon,6475,609.413683678239522,,6475,52529.756095652686781,68590327.366781875491142,Rock Creek (Lower Chehalis),28,221.521957931348936,2568.131652304502495,
-1,1,692,Pond,0.085584000000000,Hist,Hist salmon,8955,733.795336819930867,,8955,111846.634780773121747,175346973.513960331678391,Cloquallum Creek,37,107.065267569809677,855.277404285486455,
-1,1,693,Marsh,0.229329000000000,Both,Hist no salmon,12815,283.601585386711065,,12815,222380.125267685507424,776523555.048679113388062,Satsop River,40,181.485602167193690,2291.678081344071416,
-1,1,694,Marsh,0.611524000000000,Both,Hist salmon,12815,136.803078906876721,,12815,222380.125267685507424,776523555.048679113388062,Satsop River,40,287.024826620096860,6110.944608923075066,
-1,1,695,Marsh,4.195691000000000,Hist,Hist salmon,12815,15.016821210653077,,12815,222380.125267685507424,776523555.048679113388062,Satsop River,40,940.086269605920620,41927.400971140530601,
-1,1,696,Marsh,0.109213000000000,Hist,Hist no salmon,13631,402.447030470184700,,13631,222380.125267685507424,776523555.048679113388062,Satsop River,40,182.889732047389856,1091.352298991664156,
-1,1,697,Marsh,0.466248000000000,Curr,Hist no salmon,15652,134.942500898807054,,15652,222380.125267685507424,776523555.048679113388062,Satsop River,40,304.611123264155367,4659.051751871508714,
-1,1,698,Marsh,0.945447000000000,Curr,Hist salmon,13657,162.462444628114440,,13657,222380.125267685507424,776523555.048679113388062,Satsop River,40,433.514634832704360,9447.584397861257457,
-1,1,699,Marsh,0.100633000000000,Hist,Hist no salmon,13256,391.063981937789038,,13256,222380.125267685507424,776523555.048679113388062,Satsop River,40,115.694056002630575,1005.616220209091125,
-1,1,700,Marsh,0.286029000000000,Hist,Hist salmon,13393,458.797716400148261,,13393,222380.125267685507424,776523555.048679113388062,Satsop River,40,206.843587868447969,2858.249525001798702,
-1,1,701,Marsh,0.290352000000000,Hist,Hist no salmon,13366,735.570145983843190,,13366,222380.125267685507424,776523555.048679113388062,Satsop River,40,210.957063641035035,2901.440575125024679,
-1,1,702,Marsh,2.271879000000000,Hist,Hist no salmon,13401,858.668029100871195,,13401,222380.125267685507424,776523555.048679113388062,Satsop River,40,1026.788463135063239,22702.465960445562814,
-1,1,703,Marsh,1.847264000000000,Hist,Hist salmon,13379,764.154058130672183,,13379,222380.125267685507424,776523555.048679113388062,Satsop River,40,756.459082802289231,18459.313501078861009,
-1,1,704,Marsh,0.728022000000000,Hist,Hist salmon,13413,267.614365025037785,,13413,222380.125267685507424,776523555.048679113388062,Satsop River,40,327.993584064919958,7274.953465422137015,
-1,1,705,Marsh,3.672159000000000,Curr,Hist salmon,13425,536.180692763358365,,13425,222380.125267685507424,776523555.048679113388062,Satsop River,40,1222.528434889265100,36694.714315435667231,
-1,1,706,Marsh,0.984035000000000,Curr,Hist salmon,13665,880.951636893323439,,13665,222380.125267685507424,776523555.048679113388062,Satsop River,40,441.460009277884524,9833.124317539593903,
-1,1,707,Marsh,0.633061000000000,Curr,Hist no salmon,22642,650.052439308490989,,22642,222380.125267685507424,776523555.048679113388062,Satsop River,40,286.628988642048512,6325.888726219657656,
-1,1,708,Marsh,0.732593000000000,Curr,Hist salmon,5854,0.000000000000000,,5854,34889.509330777720606,17144842.197271723300219,Unnamed: Central Lowlands 4,27,486.668829408434135,7321.300946088676938,
-1,1,709,Marsh,2.234166000000000,Curr,Hist salmon,7790,33.661783092357965,,7790,64500.793559666235524,70730227.349633023142815,Mox Chehalis Creek,34,652.889443009083038,22327.012980762199732,Yes
-1,1,710,Marsh,0.268087000000000,Hist,Hist salmon,13438,203.481682698731390,,13438,222380.125267685507424,776523555.048679113388062,Satsop River,40,247.020775528195884,2678.962906292385924,
-1,1,711,Marsh,0.390658000000000,Hist,Hist no salmon,13371,148.447565578517469,,13371,222380.125267685507424,776523555.048679113388062,Satsop River,40,223.638366919508485,3903.774658049757363,
-1,1,712,Marsh,0.115507000000000,Hist,Hist no salmon,13379,772.159910002796664,,13379,222380.125267685507424,776523555.048679113388062,Satsop River,40,134.054126864084509,1154.234075374068198,
-1,1,713,Marsh,0.094242000000000,Curr,Hist no salmon,13378,351.523413858707499,,13378,222380.125267685507424,776523555.048679113388062,Satsop River,40,137.542750358706968,941.747155613625296,
-1,1,714,Marsh,0.105601000000000,Curr,Hist no salmon,13378,336.000355542848240,,13378,222380.125267685507424,776523555.048679113388062,Satsop River,40,117.989229724758076,1055.249447563692911,
-1,1,715,Marsh,1.626979000000000,Hist,Hist salmon,13416,422.518757025380637,,13416,222380.125267685507424,776523555.048679113388062,Satsop River,40,522.897133634156262,16258.003286300998298,
-1,1,716,Marsh,0.271167000000000,Hist,Hist salmon,13418,429.055789872113337,,13418,222380.125267685507424,776523555.048679113388062,Satsop River,40,199.019715308957501,2709.698493694413628,
-1,1,717,Marsh,0.548318000000000,Curr,Hist no salmon,13425,498.282892107969303,,13425,222380.125267685507424,776523555.048679113388062,Satsop River,40,292.858270734924247,5479.159745558903523,
-1,1,718,Marsh,5.196819000000000,Curr,Hist salmon,16344,0.000000000000000,,16344,222380.125267685507424,776523555.048679113388062,Satsop River,40,1260.693507667878748,51928.285426678463409,
-1,1,719,Marsh,1.297977000000000,Hist,Hist salmon,7368,1115.059143223178125,,7368,25489.615299052060436,11565107.814306572079659,Mainstem: Lower Chehalis 5,61,519.624318922697285,12971.400266794642448,
-1,1,720,Pond,1.053646000000000,Hist,Hist salmon,7806,152.138466862210947,,7806,64500.793559666235524,70730227.349633023142815,Mox Chehalis Creek,34,569.343517461799252,10529.494306958553352,
-1,1,721,Marsh,0.459516000000000,Hist,Hist salmon,12990,534.773660925683885,,12990,111846.634780773121747,175346973.513960331678391,Cloquallum Creek,37,258.927371944565152,4591.891491563393174,
-1,1,722,Marsh,1.170745000000000,Curr,Hist salmon,13372,165.340525304567080,,13372,222380.125267685507424,776523555.048679113388062,Satsop River,40,592.819509869471517,11699.037755836719953,
-1,1,723,Marsh,0.756164000000000,Hist,Hist no salmon,13373,339.542175501720578,,13373,222380.125267685507424,776523555.048679113388062,Satsop River,40,388.530162520691988,7556.191875616523248,
-1,1,724,Marsh,0.784084000000000,Hist,Hist no salmon,14079,235.784212562575874,,14079,222380.125267685507424,776523555.048679113388062,Satsop River,40,326.139636524424873,7835.150028320318597,
-1,1,725,Marsh,1.556663000000000,Hist,Hist no salmon,13913,270.638897158762404,,13913,222380.125267685507424,776523555.048679113388062,Satsop River,40,717.606650690886454,15555.337464940987047,
-1,1,726,Marsh,1.337399000000000,Hist,Hist salmon,14172,0.000000000000000,,14172,222380.125267685507424,776523555.048679113388062,Satsop River,40,592.687149284817451,13364.213885156699689,
-1,1,727,Marsh,2.876032000000000,Hist,Hist salmon,14173,49.588391827069806,,14173,222380.125267685507424,776523555.048679113388062,Satsop River,40,771.821744499548231,28739.265015940538433,
-1,1,728,Marsh,0.053972000000000,Both,Hist salmon,149,755.388275826951144,,149,87582.837988347251667,164879927.806114047765732,Upper Chehalis: Above Proposed Dam,1,90.295632149782946,539.381233800443283,
-1,1,729,Marsh,0.036529000000000,Both,Hist salmon,149,487.875899320621215,,149,87582.837988347251667,164879927.806114047765732,Upper Chehalis: Above Proposed Dam,1,78.961744051898080,365.057514069871388,
-1,1,730,Marsh,0.071189000000000,Hist,Hist salmon,5495,420.525241832592599,,5495,55554.058267856235034,72106875.751249000430107,Garrard Creek,25,109.600698319038244,711.443470955154339,
-1,1,731,Marsh,0.371714000000000,Curr,Hist no salmon,6876,995.162457924757064,,6876,25489.615299052060436,11565107.814306572079659,Mainstem: Lower Chehalis 5,61,441.439966133868211,3714.737655593258751,
-1,1,732,Marsh,1.172048000000000,Curr,Hist salmon,12999,676.007065697587223,,12999,111846.634780773121747,175346973.513960331678391,Cloquallum Creek,37,602.602396324232927,11712.099580026773765,
-1,1,733,Marsh,0.571096000000000,Curr,Hist salmon,22731,976.705183812137989,,22731,222380.125267685507424,776523555.048679113388062,Satsop River,40,283.703125518437389,5706.733004649421673,
-1,1,734,Marsh,1.946729000000000,Hist,Hist salmon,22731,613.653434820528787,,22731,222380.125267685507424,776523555.048679113388062,Satsop River,40,783.509445654648516,19452.896914110551734,
-1,1,735,Marsh,1.382873000000000,Curr,Hist salmon,14981,1819.856191200053217,,14981,222380.125267685507424,776523555.048679113388062,Satsop River,40,707.321231569154975,13818.401342981997004,
-1,1,736,Marsh,0.091653000000000,Both,Hist no salmon,147,961.665889622602208,,147,87582.837988347251667,164879927.806114047765732,Upper Chehalis: Above Proposed Dam,1,115.199920054806483,915.949171708443828,
-1,1,737,Marsh,0.262704000000000,Hist,Hist salmon,5816,1372.834255346881037,,5816,34889.509330777720606,17144842.197271723300219,Unnamed: Central Lowlands 4,27,211.512368460625567,2625.367529350657605,
-1,1,738,Marsh,0.870027000000000,Curr,Hist salmon,6650,319.586156502599749,,6650,38521.396498919821170,15187066.736874151974916,Mainstem: Lower Chehalis 4,60,427.987261478759308,8694.688483007117611,
-1,1,739,Marsh,0.909598000000000,Hist,Hist salmon,13001,241.015718214324806,,13001,111846.634780773121747,175346973.513960331678391,Cloquallum Creek,37,356.883723402351109,9089.489206973557884,
-1,1,740,Pond,0.082972000000000,Hist,Hist salmon,20581,1161.822333645341587,,20581,98751.225704972457606,77067740.308363378047943,Unnamed: Central Lowlands 6,20,106.410206321857189,829.201870175380691,
-1,1,741,Marsh,0.490662000000000,Curr,Hist salmon,5816,379.619763685679061,,5816,34889.509330777720606,17144842.197271723300219,Unnamed: Central Lowlands 4,27,595.444449094401534,4903.493336739688857,
-1,1,742,Marsh,0.204098000000000,Hist,Hist salmon,6652,397.200379922298509,,6652,70790.401097194917384,102524081.591505512595177,Cedar Creek,29,246.013188695447695,2039.665747277640094,
-1,1,743,Marsh,0.134488000000000,Curr,Hist salmon,6585,0.000000000000000,,6585,70790.401097194917384,102524081.591505512595177,Cedar Creek,29,193.722343902789419,1344.014856007106573,
-1,1,744,Marsh,1.102459000000000,Hist,Hist no salmon,7577,285.355546835277949,,7577,67829.617527592563420,102901766.598401084542274,Porter Creek,32,468.956225126420065,11017.241380908799329,
-1,1,745,Pond,0.222394000000000,Curr,Hist no salmon,9463,323.982458598995549,,9463,64500.793559666235524,70730227.349633023142815,Mox Chehalis Creek,34,180.594924781981916,2222.437991808701099,
-1,1,746,Marsh,0.088432000000000,Hist,Hist salmon,12498,213.751959532685589,,12498,111846.634780773121747,175346973.513960331678391,Cloquallum Creek,37,178.013004641376739,883.691957454970520,
-1,1,747,Pond,4.049407000000000,Hist,Hist salmon,5820,15.263008365762698,,5820,38521.396498919821170,15187066.736874151974916,Mainstem: Lower Chehalis 4,60,1541.618445765763909,40468.197485278979002,Yes
-1,1,748,Marsh,3.748405000000000,Curr,Hist salmon,8809,347.135888356393707,,8809,64500.793559666235524,70730227.349633023142815,Mox Chehalis Creek,34,858.283388879722452,37458.343775546629331,
-1,1,749,Marsh,0.163772000000000,Hist,Hist salmon,12500,0.000000000000000,,12500,111846.634780773121747,175346973.513960331678391,Cloquallum Creek,37,224.095455301321010,1636.550659437873037,
-1,1,750,Marsh,0.157922000000000,Hist,Hist no salmon,2619,1036.975433648854732,,2619,48209.614123100487632,34704709.802221670746803,Unnamed: Willapa Hills 3,4,154.025258152758056,1578.237142066745264,
-1,1,751,Marsh,0.110437000000000,Hist,Hist no salmon,4522,207.395275095227447,,4522,90912.708609555149451,112473867.070502221584320,Lincoln Creek,19,133.875099321898574,1103.670778271685549,
-1,1,752,Marsh,1.389062000000000,Hist,Hist salmon,5872,0.000000000000000,,5872,38521.396498919821170,15187066.736874151974916,Mainstem: Lower Chehalis 4,60,586.597589261557687,13881.731928603752749,
-1,1,753,Marsh,0.365171000000000,Hist,Hist salmon,10589,0.000000000000000,,10589,111846.634780773121747,175346973.513960331678391,Cloquallum Creek,37,297.147572935000539,3649.180972394049149,
-1,1,754,Marsh,4.887744000000000,Hist,Hist salmon,4236,0.000000000000000,,4236,72962.203844451025361,93771104.135443136096001,Bunker Creek,10,1311.402984450108534,48846.848392589192372,
-1,1,755,Marsh,0.266840000000000,Hist,Hist salmon,19485,0.000000000000000,,19485,72962.203844451025361,93771104.135443136096001,Bunker Creek,10,229.806948955910570,2666.727940818850584,
-1,1,756,Marsh,0.481386000000000,Hist,Hist salmon,19482,0.000000000000000,,19482,72962.203844451025361,93771104.135443136096001,Bunker Creek,10,278.242955297236733,4810.843104828458308,
-1,1,757,Marsh,0.103267000000000,Hist,Hist no salmon,8201,3226.688793434167110,,8201,39771.791102286122623,24612682.804720312356949,Unnamed: Black Hills 4,30,125.420973073396766,1031.984451989538456,
-1,1,758,Marsh,0.940024000000000,Curr,Hist salmon,20087,2733.249962141432661,,20087,67829.617527592563420,102901766.598401084542274,Porter Creek,32,456.003243880314642,9393.848575403093491,
-1,1,759,Marsh,0.587880000000000,Hist,Hist salmon,11120,0.000000000000000,,11120,111846.634780773121747,175346973.513960331678391,Cloquallum Creek,37,275.380555566945532,5874.717609864365841,
-1,1,760,Pond,0.466268000000000,Curr,Hist salmon,12800,316.092882814462371,,12800,111846.634780773121747,175346973.513960331678391,Cloquallum Creek,37,270.891773388120839,4659.308429713792975,
-1,1,761,Marsh,0.186347000000000,Both,Hist no salmon,237,962.998768656301763,,237,128713.250162538577570,324568132.476597189903259,South Fork Chehalis,5,240.141648269064376,1862.299310698385625,
-1,1,762,Marsh,3.131798000000000,Hist,Hist no salmon,7341,2552.902931748238188,,7341,70790.401097194917384,102524081.591505512595177,Cedar Creek,29,1536.971006078737446,31297.291581167886761,
-1,1,763,Marsh,0.045096000000000,Hist,Hist no salmon,8201,1772.380127617124799,,8201,67829.617527592563420,102901766.598401084542274,Porter Creek,32,84.458467330796722,450.659670505531608,
-1,1,764,Pond,0.038663000000000,Both,Hist salmon,5724,771.662196524796968,,5724,159862.665859964530682,364384257.434201776981354,Black River,23,77.140795253941661,386.377628162828557,
-1,1,765,Marsh,0.133024000000000,Hist,Hist salmon,8645,3158.803617507485797,,8645,67829.617527592563420,102901766.598401084542274,Porter Creek,32,148.201350494337845,1329.334122067673434,
-1,1,766,Marsh,3.407295000000000,Hist,Hist salmon,10400,0.035325521991737,,10400,64500.793559666235524,70730227.349633023142815,Mox Chehalis Creek,34,1845.903882576984643,34049.399200528321671,
-1,1,767,Marsh,0.040076000000000,Both,Hist no salmon,16,413.358505848850655,,16,128713.250162538577570,324568132.476597189903259,South Fork Chehalis,5,75.720659827358276,400.499947600424719,
-1,1,768,Marsh,3.708404000000000,Curr,Hist salmon,1072,0.000000000000000,,1072,128713.250162538577570,324568132.476597189903259,South Fork Chehalis,5,1069.918284877227507,37060.845649555754790,
-1,1,769,Marsh,1.281312000000000,Hist,Hist salmon,19469,0.000000000000000,,19469,72962.203844451025361,93771104.135443136096001,Bunker Creek,10,469.699938881695687,12805.048247048614940,
-1,1,770,Pond,0.282366000000000,Curr,Hist no salmon,643,414.058716287038578,,643,128713.250162538577570,324568132.476597189903259,South Fork Chehalis,5,240.360210255742999,2821.888394624571902,
-1,1,771,Marsh,2.454260000000000,Hist,Hist salmon,4792,0.000000000000000,,4792,90912.708609555149451,112473867.070502221584320,Lincoln Creek,19,775.516381771153192,24527.005035445628891,
-1,1,772,Marsh,0.362372000000000,Hist,Hist salmon,20553,0.000000000000000,,20553,98751.225704972457606,77067740.308363378047943,Unnamed: Central Lowlands 6,20,320.828307041879725,3621.405620863417880,
-1,1,773,Pond,0.030803000000000,Both,Hist no salmon,5743,691.722554585876424,,5743,159862.665859964530682,364384257.434201776981354,Black River,23,66.706213341956399,307.831315193437376,
-1,1,774,Pond,0.029320000000000,Curr,Hist no salmon,5753,332.241235144863083,,5753,159862.665859964530682,364384257.434201776981354,Black River,23,81.474628022124691,293.015008917666080,
-1,1,775,Pond,0.010856000000000,Curr,Hist no salmon,5753,441.465194924192076,,5753,159862.665859964530682,364384257.434201776981354,Black River,23,39.275430090213575,108.488871918767558,
-1,1,776,Pond,0.008598000000000,Curr,Hist no salmon,5753,411.133560137877510,,5753,159862.665859964530682,364384257.434201776981354,Black River,23,37.254015960704770,85.921337640387037,
-1,1,777,Marsh,0.202193000000000,Hist,Hist no salmon,8584,1338.476280388519172,,8584,67829.617527592563420,102901766.598401084542274,Porter Creek,32,165.732360857092146,2020.553378364172431,
-1,1,778,Marsh,0.057127000000000,Hist,Hist no salmon,8656,2040.214513068588076,,8656,67829.617527592563420,102901766.598401084542274,Porter Creek,32,87.083550745621096,570.881638600057840,
-1,1,779,Pond,0.029307000000000,Curr,Hist no salmon,19218,208.170312889488400,,19218,159862.665859964530682,364384257.434201776981354,Black River,23,73.663197056165359,292.881620784648817,
-1,1,780,Marsh,7.301844000000000,Curr,Hist salmon,23285,226.284284779620890,,23285,70790.401097194917384,102524081.591505512595177,Cedar Creek,29,2398.357316802113019,72969.698783472835203,
-1,1,781,Marsh,0.400102000000000,Curr,Hist salmon,23285,1315.739284862829663,,23285,70790.401097194917384,102524081.591505512595177,Cedar Creek,29,249.398301283699794,3998.349004931826585,
-1,1,782,Marsh,0.159411000000000,Curr,Hist salmon,1201,581.872907038042854,,1201,128713.250162538577570,324568132.476597189903259,South Fork Chehalis,5,163.172887320314345,1593.105047814661930,
-1,1,783,Marsh,1.511237000000000,Curr,Hist salmon,1768,145.784920249106705,,1768,128713.250162538577570,324568132.476597189903259,South Fork Chehalis,5,633.578066922982430,15102.878285492039140,
-1,1,784,Pond,0.204568000000000,Hist,Hist no salmon,20475,650.745441645706137,,20475,128713.250162538577570,324568132.476597189903259,South Fork Chehalis,5,174.530587303356697,2044.393628361928450,
-1,1,785,Marsh,0.076208000000000,Curr,Hist salmon,4875,0.000000000000000,,4875,90912.708609555149451,112473867.070502221584320,Lincoln Creek,19,111.048600518735029,761.592724993036882,
-1,1,786,Pond,0.032667000000000,Curr,Hist no salmon,19218,227.046936787123855,,19218,159862.665859964530682,364384257.434201776981354,Black River,23,80.395619983459198,326.458623871578425,
-1,1,787,Pond,0.350747000000000,Hist,Hist salmon,6275,0.000000000000000,,6275,159862.665859964530682,364384257.434201776981354,Black River,23,250.690462185710231,3505.166949355166253,
-1,1,788,Pond,0.423189000000000,Hist,Hist salmon,20339,1050.801240150049125,,20339,159862.665859964530682,364384257.434201776981354,Black River,23,331.156300814659858,4229.085707688471302,
-1,1,789,Marsh,0.027694000000000,Hist,Hist no salmon,334,124.700673467849484,,334,128713.250162538577570,324568132.476597189903259,South Fork Chehalis,5,67.557837268565024,276.763474242774578,
-1,1,790,Marsh,0.473281000000000,Hist,Hist salmon,1208,129.954442644154852,,1208,128713.250162538577570,324568132.476597189903259,South Fork Chehalis,5,312.583473492401254,4729.837185555476935,
-1,1,791,Marsh,7.001928000000000,Hist,Hist salmon,1214,37.365006944355486,,1214,128713.250162538577570,324568132.476597189903259,South Fork Chehalis,5,1269.918880241362103,69975.245726791923516,
-1,1,792,Marsh,0.412099000000000,Hist,Hist salmon,6906,1172.462013287460422,,6906,159862.665859964530682,364384257.434201776981354,Black River,23,265.508863040242261,4118.261555314858015,
-1,1,793,Marsh,1.235375000000000,Hist,Hist salmon,822,48.634728358165795,,822,128713.250162538577570,324568132.476597189903259,South Fork Chehalis,5,525.798726176880450,12345.954588797168981,
-1,1,794,Marsh,1.324559000000000,Curr,Hist no salmon,20451,1087.398035371405740,,20451,59791.565918335734750,95616163.941657066345215,Stearns Creek,9,599.103445243291731,13237.272108290511824,
-1,1,795,Marsh,0.525618000000000,Curr,Hist salmon,2739,20.777906897671933,,2739,34108.605140610685339,18818520.316444125026464,Unnamed: Willapa Hills 4,8,299.911375569350525,5252.879446260693840,
-1,1,796,Marsh,0.847816000000000,Hist,Hist salmon,6309,895.449539197066997,,6309,159862.665859964530682,364384257.434201776981354,Black River,23,376.600317717924781,8472.579445427270912,
-1,1,797,Marsh,0.093995000000000,Hist,Hist no salmon,3395,248.195121534776064,,3395,41351.329529655922670,29855620.203990574926138,Unnamed: Central Lowlands 9,11,114.497962660252412,939.359468964420898,
-1,1,798,Pond,15.581334999999999,Hist,Hist salmon,23089,135.372632151076544,,23089,40239.034924584579130,15952808.948135545477271,Mainstem: Lower Chehalis 2,58,4938.458695931288275,155713.540590406628326,Yes
-1,1,799,Marsh,2.244950000000000,Curr,Hist salmon,7642,173.796563155528105,,7642,159862.665859964530682,364384257.434201776981354,Black River,23,930.013307743645441,22434.461003190324845,
-1,1,800,Marsh,3.977242000000000,Curr,Hist salmon,7642,0.001553707231116,,7642,159862.665859964530682,364384257.434201776981354,Black River,23,1132.819435243525959,39745.771876889593841,
-1,1,801,Marsh,8.970025000000000,Both,Hist salmon,6336,0.000000000000000,4791,6336,159862.665859964530682,364384257.434201776981354,Black River,23,3413.373432041874821,89641.695271977674565,
-1,1,802,Marsh,0.659540000000000,Curr,Hist no salmon,6115,154.193060003904691,,6115,159862.665859964530682,364384257.434201776981354,Black River,23,323.085862068235997,6591.098438858154623,
-1,1,803,Pond,0.143972000000000,Curr,Hist no salmon,3270,486.057190718266611,,3270,59791.565918335734750,95616163.941657066345215,Stearns Creek,9,146.804870554680093,1438.814324133676564,
-1,1,804,Pond,0.130966000000000,Curr,Hist salmon,19368,142.283912040190444,,19368,30557.096101777366130,15401248.625216420739889,Unnamed: Central Lowlands 7,17,147.125673178472397,1308.827434748822270,
-1,1,805,Marsh,0.568480000000000,Both,Hist no salmon,6117,630.626143090436926,,6117,159862.665859964530682,364384257.434201776981354,Black River,23,340.448591173593115,5681.102719599013653,
-1,1,806,Pond,3.587815000000000,Hist,Hist salmon,19269,593.939084492980214,,19269,159862.665859964530682,364384257.434201776981354,Black River,23,1257.165889234418955,35854.618712903582491,
-1,1,807,Marsh,0.129416000000000,Curr,Hist no salmon,2755,27.224205306373889,,2755,59791.565918335734750,95616163.941657066345215,Stearns Creek,9,138.989973892838037,1293.342731939847226,
-1,1,808,Marsh,0.424386000000000,Curr,Hist salmon,3788,194.683354554245653,,3788,59313.456616296323773,20382099.438309937715530,Mainstem: Middle Chehalis 2,55,324.874775916873887,4241.183471811070376,
-1,1,809,Marsh,0.094745000000000,Hist,Hist salmon,5207,0.000000000000000,,5207,64116.909780659618264,34581500.544033728539944,Unnamed: Black River 1,21,123.428561937294290,946.837175451188273,
-1,1,810,Pond,0.328535000000000,Curr,Hist no salmon,5383,286.425750121301178,,5383,106638.473340230484609,103623513.334606394171715,Scatter Creek,22,294.531465468167085,3283.221866389444585,
-1,1,811,Pond,0.056308000000000,Curr,Hist no salmon,5387,403.598205994416730,,5387,106638.473340230484609,103623513.334606394171715,Scatter Creek,22,126.671741176720275,562.717372005469770,
-1,1,812,Pond,0.056857000000000,Curr,Hist no salmon,4295,10.416155887270275,,4295,49339.273498255643062,17306234.431499805301428,Mainstem: Middle Chehalis 3,56,86.614058811920557,568.209351240018464,
-1,1,813,Marsh,1.689565000000000,Hist,Hist salmon,6749,435.431050806821759,,6749,159862.665859964530682,364384257.434201776981354,Black River,23,726.053238815951090,16884.507606541115820,
-1,1,814,Marsh,4.624194000000000,Both,Hist no salmon,7152,730.510315039968077,,7152,159862.665859964530682,364384257.434201776981354,Black River,23,1255.203650252422904,46211.276149608689593,
-1,1,815,Marsh,1.796978000000000,Hist,Hist no salmon,6606,499.878807314202902,,6606,159862.665859964530682,364384257.434201776981354,Black River,23,568.261559382184032,17957.948105042709358,
-1,1,816,Pond,0.214995000000000,Hist,Hist no salmon,1163,1643.454105763842108,,1163,59791.565918335734750,95616163.941657066345215,Stearns Creek,9,189.244288101552428,2148.596088428117127,
-1,1,817,Pond,0.061443000000000,Hist,Hist salmon,1710,0.000000000000000,,1710,59791.565918335734750,95616163.941657066345215,Stearns Creek,9,93.418795707226536,614.042103370763584,
-1,1,818,Pond,0.108494000000000,Curr,Hist no salmon,17963,720.333101020475056,,17963,151813.484517717675772,406226339.697148263454437,Newaukum River,12,129.470296536741813,1084.260156186018776,Yes
-1,1,819,Marsh,0.558395000000000,Curr,Hist salmon,4309,0.000000000000000,,4309,49339.273498255643062,17306234.431499805301428,Mainstem: Middle Chehalis 3,56,347.195345176943761,5580.403271634268094,Yes
-1,1,820,Pond,0.320976000000000,Curr,Hist no salmon,5412,997.709751704982295,,5412,106638.473340230484609,103623513.334606394171715,Scatter Creek,22,217.186648983583837,3207.683995177370434,
-1,1,821,Pond,5.767756000000000,Curr,Curr degrade,6378,570.016488390775976,,6378,159862.665859964530682,364384257.434201776981354,Black River,23,1645.644327446847910,57639.777113834657939,
-1,1,822,Marsh,1.274914000000000,Curr,Hist salmon,6382,56.991242233822632,,6382,159862.665859964530682,364384257.434201776981354,Black River,23,522.147028079550523,12740.812496863887645,
-1,1,823,Pond,0.029417000000000,Curr,Hist no salmon,6369,729.898745135626427,,6369,159862.665859964530682,364384257.434201776981354,Black River,23,65.771385436571705,293.981503173635417,
-1,1,824,Marsh,0.476685000000000,Curr,Hist no salmon,6614,434.494728534613103,,6614,159862.665859964530682,364384257.434201776981354,Black River,23,290.793663399374850,4763.704658938494504,
-1,1,825,Pond,0.640940000000000,Hist,Hist no salmon,7170,602.017030910990343,,7170,159862.665859964530682,364384257.434201776981354,Black River,23,294.224022457132776,6405.149253942570795,
-1,1,826,Marsh,0.307986000000000,Curr,Hist salmon,18997,84.615388631002475,,18997,57551.046467003296129,62244686.940613552927971,Salzer Creek,15,209.022360040520994,3077.918915139482579,
-1,1,827,Marsh,11.683339999999999,Curr,Hist salmon,18282,0.000000000000000,,18282,138406.144823040289339,318898089.190657675266266,Skookumchuck River,18,2214.053949832300532,116758.445810697114212,
-1,1,828,Marsh,0.902801000000000,Curr,Hist no salmon,6384,806.598936052695308,,6384,106638.473340230484609,103623513.334606394171715,Scatter Creek,22,585.141137224913109,9022.138467443965055,
-1,1,829,Marsh,0.236247000000000,Curr,Hist salmon,6374,0.000000000000000,,6374,159862.665859964530682,364384257.434201776981354,Black River,23,293.660641084134625,2360.927806189155945,
-1,1,830,Pond,0.309822000000000,Curr,Hist no salmon,6376,661.728150360730638,,6376,159862.665859964530682,364384257.434201776981354,Black River,23,204.503012189407684,3096.200360066433404,
-1,1,831,Marsh,10.743637000000000,Hist,Hist salmon,6615,763.993896081935759,,6615,159862.665859964530682,364384257.434201776981354,Black River,23,2304.277230732415774,107365.526453842627234,
-1,1,832,Pond,0.704558000000000,Curr,Hist no salmon,7280,353.684730447571098,,7280,159862.665859964530682,364384257.434201776981354,Black River,23,386.204507542329566,7040.891914000491852,
-1,1,833,Pond,2.185043000000000,Curr,Hist no salmon,7273,2096.667796701682164,,7273,159862.665859964530682,364384257.434201776981354,Black River,23,599.181767384986529,21835.760345158767450,
-1,1,834,Marsh,1.509118000000000,Hist,Hist salmon,18535,128.086270094975305,,18535,138406.144823040289339,318898089.190657675266266,Skookumchuck River,18,608.950796692256972,15081.502105261413817,
-1,1,835,Pond,0.517282000000000,Curr,Hist no salmon,6376,1743.599419153709277,,6376,159862.665859964530682,364384257.434201776981354,Black River,23,531.633738766987449,5169.449565411367985,
-1,1,836,Marsh,0.353444000000000,Curr,Hist salmon,6690,643.034568666220480,,6690,159862.665859964530682,364384257.434201776981354,Black River,23,245.043298812412871,3532.126715051353131,
-1,1,837,Pond,0.169503000000000,Curr,Hist no salmon,7297,2777.041882087593422,,7297,159862.665859964530682,364384257.434201776981354,Black River,23,185.798596831701417,1693.890332514622060,
-1,1,838,Pond,0.140644000000000,Curr,Hist salmon,2379,286.183480478497927,,2379,151813.484517717675772,406226339.697148263454437,Newaukum River,12,144.030874174545062,1405.551674381679959,Yes
-1,1,839,Pond,0.020449000000000,Curr,Hist no salmon,5427,1947.229478440022831,,5427,106638.473340230484609,103623513.334606394171715,Scatter Creek,22,54.432701309253069,204.353404051641405,
-1,1,840,Marsh,0.961574000000000,Hist,Hist salmon,23013,1124.661640894795255,,23013,159862.665859964530682,364384257.434201776981354,Black River,23,523.795775372091498,9609.469789831258822,
-1,1,841,Marsh,0.686897000000000,Hist,Hist salmon,23011,384.543485972466726,,23011,159862.665859964530682,364384257.434201776981354,Black River,23,412.534910023498924,6864.482417269790858,
-1,1,842,Marsh,0.111494000000000,Curr,Hist no salmon,23013,772.950258596902586,,23013,159862.665859964530682,364384257.434201776981354,Black River,23,136.109757591780976,1114.210434996025924,
-1,1,843,Pond,7.440612000000000,Curr,Hist no salmon,18399,65.696621811585615,,18399,138406.144823040289339,318898089.190657675266266,Skookumchuck River,18,1225.666887201384725,74358.668963071904727,
-1,1,844,Marsh,0.376135000000000,Curr,Hist salmon,23014,686.830704529433774,,23014,159862.665859964530682,364384257.434201776981354,Black River,23,264.963342935026560,3758.896920642925579,
-1,1,845,Marsh,2.294388000000000,Curr,Hist salmon,7203,0.000000000000000,,7203,159862.665859964530682,364384257.434201776981354,Black River,23,583.126449583941735,22928.667725700481242,
-1,1,846,Pond,0.026150000000000,Curr,Hist no salmon,18911,189.795646284990227,,18911,138406.144823040289339,318898089.190657675266266,Skookumchuck River,18,64.567104682335696,261.332589032229407,
-1,1,847,Pond,8.724694000000000,Curr,Hist no salmon,18752,123.576644584573330,,18752,138406.144823040289339,318898089.190657675266266,Skookumchuck River,18,1159.185812754303470,87191.496015852026176,
-1,1,848,Pond,6.835487000000000,Curr,Hist no salmon,18408,47.761145347795726,,18408,138406.144823040289339,318898089.190657675266266,Skookumchuck River,18,1107.335805958767651,68311.342261622121441,
-1,1,849,Marsh,8.982374999999999,Hist,Hist salmon,18168,0.000000000000000,,18168,138406.144823040289339,318898089.190657675266266,Skookumchuck River,18,2342.491015525491093,89766.056432338533341,
-1,1,850,Marsh,0.105773000000000,Curr,Hist salmon,6703,334.764867754887121,,6703,159862.665859964530682,364384257.434201776981354,Black River,23,133.141638781989968,1057.037452018493696,
-1,1,851,Pond,0.022987000000000,Hist,Hist salmon,2478,395.641569520843575,,2478,151813.484517717675772,406226339.697148263454437,Newaukum River,12,59.410558995879029,229.722471766357557,Yes
-1,1,852,Pond,1.053332000000000,Curr,Hist no salmon,18754,69.451290860704390,,18754,138406.144823040289339,318898089.190657675266266,Skookumchuck River,18,852.608030434926377,10526.618953379294908,
-1,1,853,Pond,9.223703000000000,Curr,Hist no salmon,18757,134.739347266222296,,18757,138406.144823040289339,318898089.190657675266266,Skookumchuck River,18,2122.864561040143144,92178.407133333748789,
-1,1,854,Pond,0.283251000000000,Curr,Hist no salmon,1280,36.071916884032959,,1280,151813.484517717675772,406226339.697148263454437,Newaukum River,12,214.549562335972468,2830.733176797305077,
-1,1,855,Pond,0.879756000000000,Curr,Hist salmon,1281,205.056449366484827,,1281,151813.484517717675772,406226339.697148263454437,Newaukum River,12,484.724220261341372,8792.060445188350059,
-1,1,856,Pond,0.020633000000000,Curr,Hist no salmon,2503,314.214056931173957,,2503,151813.484517717675772,406226339.697148263454437,Newaukum River,12,54.454309931526168,206.197436702089732,
-1,1,857,Marsh,0.622320000000000,Curr,Hist salmon,18679,585.358972999035700,,18679,138406.144823040289339,318898089.190657675266266,Skookumchuck River,18,437.712793902395219,6219.274250750429019,
-1,1,858,Pond,0.203055000000000,Curr,Hist no salmon,18845,748.611996692745038,,18845,138406.144823040289339,318898089.190657675266266,Skookumchuck River,18,189.144812518952108,2029.261286855848994,
-1,1,859,Pond,2.162190000000000,Curr,Hist no salmon,18760,401.196762820721119,,18760,138406.144823040289339,318898089.190657675266266,Skookumchuck River,18,656.603971322932125,21608.188583679730073,
-1,1,860,Marsh,0.281312000000000,Both,Hist salmon,2508,0.000000000000000,,2508,151813.484517717675772,406226339.697148263454437,Newaukum River,12,253.287209863259477,2811.358321375192645,
-1,1,861,Marsh,0.051477000000000,Curr,Hist no salmon,3024,503.018779770085075,,3024,50132.307652337098261,42180804.244348973035812,Unnamed: Cascade Mountains 2,13,83.487623798012891,514.450215116397089,
-1,1,862,Pond,0.041657000000000,Both,Hist no salmon,19090,920.745928478894598,,19090,57551.046467003296129,62244686.940613552927971,Salzer Creek,15,86.815793961634242,416.308228233901161,
-1,1,863,Pond,2.181103000000000,Curr,Hist no salmon,18439,0.000000000000000,,18439,138406.144823040289339,318898089.190657675266266,Skookumchuck River,18,828.385221754418353,21797.220757397051784,
-1,1,864,Pond,6.459206000000000,Curr,Hist no salmon,18438,0.000000000000000,,18438,138406.144823040289339,318898089.190657675266266,Skookumchuck River,18,1199.777570233694178,64551.183320702999481,
-1,1,865,Marsh,11.679155000000000,Curr,Hist salmon,18699,0.000000000000000,,18699,138406.144823040289339,318898089.190657675266266,Skookumchuck River,18,2760.245150216873299,116718.183403150382219,
-1,1,866,Pond,2.689756000000000,Curr,Hist no salmon,18861,534.371928669126191,,18861,138406.144823040289339,318898089.190657675266266,Skookumchuck River,18,669.098517749299390,26880.588521917521575,
-1,1,867,Pond,6.289398000000000,Curr,Curr degrade,18861,61.182592464893212,,18861,138406.144823040289339,318898089.190657675266266,Skookumchuck River,18,1665.062146739422360,62854.306767625290377,
-1,1,868,Pond,4.928273000000000,Curr,Hist salmon,6261,7.879559301703720,,6261,106638.473340230484609,103623513.334606394171715,Scatter Creek,22,1339.489949522674124,49250.803770376012835,
-1,1,869,Marsh,0.054860000000000,Both,Hist salmon,2096,0.000000000000000,,2096,151813.484517717675772,406226339.697148263454437,Newaukum River,12,87.500440815159408,548.257834141978151,
-1,1,870,Marsh,0.057946000000000,Hist,Hist no salmon,18770,442.339816486812197,,18770,138406.144823040289339,318898089.190657675266266,Skookumchuck River,18,91.008688656667175,579.099024613110601,
-1,1,871,Marsh,0.031328000000000,Hist,Hist salmon,3115,408.304681247212784,,3115,151813.484517717675772,406226339.697148263454437,Newaukum River,12,68.859685203655431,313.086929177927686,
-1,1,872,Marsh,0.261525000000000,Both,Hist salmon,17877,0.000000000000000,,17877,151813.484517717675772,406226339.697148263454437,Newaukum River,12,283.620834334508174,2613.618750374451793,
-1,1,873,Marsh,4.154878000000000,Hist,Hist salmon,18328,0.000000000000000,,18328,138406.144823040289339,318898089.190657675266266,Skookumchuck River,18,943.116114309535760,41522.580922515553539,
-1,1,874,Marsh,0.032129000000000,Hist,Hist salmon,1350,0.000000000000000,,1350,151813.484517717675772,406226339.697148263454437,Newaukum River,12,69.060944481737522,321.084951121376093,
-1,1,875,Marsh,0.021207000000000,Hist,Hist no salmon,2780,654.983397219516064,,2780,151813.484517717675772,406226339.697148263454437,Newaukum River,12,55.004475428120422,211.934329956610782,
-1,1,876,Marsh,0.583872000000000,Hist,Hist salmon,18935,16.166107856116962,,18935,138406.144823040289339,318898089.190657675266266,Skookumchuck River,18,308.535373840961995,5835.013367159082009,
-1,1,877,Pond,0.108036000000000,Curr,Hist no salmon,1441,156.166845783367506,,1441,151813.484517717675772,406226339.697148263454437,Newaukum River,12,142.395471163367830,1079.697303843428699,
-1,1,878,Pond,0.920852000000000,Curr,Hist no salmon,1736,0.000000000000000,,1736,151813.484517717675772,406226339.697148263454437,Newaukum River,12,427.169510449004690,9202.832502095008749,
-1,1,879,Marsh,0.574764000000000,Curr,Hist salmon,1830,0.000000000000000,,1830,151813.484517717675772,406226339.697148263454437,Newaukum River,12,342.189002634210226,5744.100861242063729,
-1,1,880,Lake,1.061489000000000,Curr,Hist no salmon,22564,220.623799094753309,,22564,76009.236526847191271,159121473.122915714979172,Upper Skookumchuck,51,391.217278186472697,10608.203446920646456,
-1,1,881,Pond,0.097307000000000,Curr,Hist salmon,2058,76.733390512702869,,2058,151813.484517717675772,406226339.697148263454437,Newaukum River,12,119.620448826090509,972.465800483838166,
-1,1,882,Marsh,0.438118000000000,Curr,Hist salmon,2073,409.136705630179677,,2073,151813.484517717675772,406226339.697148263454437,Newaukum River,12,403.872609204771095,4378.489691359698554,
-1,1,883,Marsh,0.986397000000000,Hist,Hist no salmon,22789,1003.423184143646722,,22789,151813.484517717675772,406226339.697148263454437,Newaukum River,12,505.951518649090133,9857.870871146333229,
-1,1,884,Marsh,1.288258000000000,Hist,Hist salmon,18898,0.000000000000000,,18898,138406.144823040289339,318898089.190657675266266,Skookumchuck River,18,502.480632595043346,12874.582233894456294,
-1,1,885,Pond,0.132267000000000,Curr,Hist no salmon,2469,734.469100518664732,,2469,151813.484517717675772,406226339.697148263454437,Newaukum River,12,155.283535430353453,1321.862275599832401,
-1,1,886,Marsh,0.679004000000000,Hist,Hist salmon,3161,0.000000000000000,,3161,151813.484517717675772,406226339.697148263454437,Newaukum River,12,413.752230700014991,6785.858354511388825,
-1,1,887,Marsh,4.418169000000000,Hist,Hist salmon,2688,0.000000000000000,,2688,151813.484517717675772,406226339.697148263454437,Newaukum River,12,2071.818429329694936,44154.690617815351288,
-1,1,888,Marsh,0.062369000000000,Hist,Hist salmon,1432,308.190106142287277,,1432,151813.484517717675772,406226339.697148263454437,Newaukum River,12,117.476622067970922,623.306495825252910,
-1,1,889,Marsh,0.668558000000000,Hist,Hist no salmon,4269,398.691284270640381,,4269,76009.236526847191271,159121473.122915714979172,Upper Skookumchuck,51,314.696133175702812,6681.548303522280548,
-1,1,890,Pond,0.558392000000000,Hist,Hist no salmon,4426,1333.039699768019091,,4426,76009.236526847191271,159121473.122915714979172,Upper Skookumchuck,51,316.102053399482827,5580.540575460822765,
-1,1,891,Marsh,0.277727000000000,Hist,Hist no salmon,4433,546.597688527032574,,4433,76009.236526847191271,159121473.122915714979172,Upper Skookumchuck,51,208.103848752710803,2775.598751948694371,
-1,1,892,Pond,0.686698000000000,Both,Hist no salmon,2875,359.313327526941464,,2875,151813.484517717675772,406226339.697148263454437,Newaukum River,12,388.118957134368031,6862.919987373464210,
-1,1,893,Pond,0.518901000000000,Hist,Hist no salmon,4468,1909.561659716647455,,4468,76009.236526847191271,159121473.122915714979172,Upper Skookumchuck,51,282.583686770340819,5185.958919992160190,
-1,1,894,Marsh,53.593651999999999,Curr,Hist no salmon,21810,3977.721993502176247,,21810,378317.145195854303893,263575921.850556135177612,Lower Chehalis Estuary,50,9245.582818782097092,535680.705431139096618,
-1,1,895,Marsh,36.243887999999998,Hist,Hist salmon,13123,0.000000000000000,5208,13123,222380.125267685507424,776523555.048679113388062,Satsop River,40,11429.800102285636967,362179.200344792683609,
-1,1,896,Marsh,39.865724999999998,Both,Hist salmon,19224,5.958318450136269,4794,19224,159862.665859964530682,364384257.434201776981354,Black River,23,5713.254843453930334,398398.206591099384241,Yes
-1,1,897,Marsh,25.062539999999998,Hist,Hist salmon,6688,0.000000000000000,,6688,159862.665859964530682,364384257.434201776981354,Black River,23,3734.566053902597559,250461.171547461417504,
-1,1,898,Pond,0.199849000000000,Curr,Hist no salmon,7125,10317.810724574477717,,7125,378317.145195854303893,263575921.850556135177612,Lower Chehalis Estuary,50,245.129544320112871,1997.554020156130036,
-1,1,899,Pond,0.288807000000000,Both,Hist no salmon,10604,3114.211859945068682,,10604,378317.145195854303893,263575921.850556135177612,Lower Chehalis Estuary,50,266.706197836875333,2886.625894493659416,
-1,1,900,Pond,1.068830000000000,Curr,Hist no salmon,21810,3071.010502226616154,,21810,378317.145195854303893,263575921.850556135177612,Lower Chehalis Estuary,50,756.087192683844705,10683.233421792068839,
-1,1,901,Marsh,0.108619000000000,Curr,Hist no salmon,7127,5537.686249383421455,,7127,378317.145195854303893,263575921.850556135177612,Lower Chehalis Estuary,50,134.002056885360219,1085.669989530631028,
-1,1,902,Marsh,1.165519000000000,Hist,Hist no salmon,21810,2557.306205978481103,,21810,378317.145195854303893,263575921.850556135177612,Lower Chehalis Estuary,50,455.806719354010454,11649.689696233532231,
-1,1,903,Marsh,1.633422000000000,Curr,Hist no salmon,11191,750.092650763066899,,11191,378317.145195854303893,263575921.850556135177612,Lower Chehalis Estuary,50,778.929419586368908,16325.621724143404208,
-1,1,904,Marsh,0.211675000000000,Hist,Hist no salmon,22432,1004.993358123430085,,22432,230932.463257765833987,638216095.057497859001160,Humptulips River,45,175.557733016267576,2115.592850487611940,
-1,1,905,Marsh,0.800649000000000,Both,Hist no salmon,21796,2308.621780513061822,,21796,378317.145195854303893,263575921.850556135177612,Lower Chehalis Estuary,50,426.476895183796273,8002.603053932240073,
-1,1,906,Pond,1.146885000000000,Both,Hist salmon,11588,96.484191859296374,,11588,230932.463257765833987,638216095.057497859001160,Humptulips River,45,557.507919808727820,11462.584522675309927,
-1,1,907,Marsh,0.991863000000000,Curr,Hist salmon,21796,629.206363758531324,,21796,378317.145195854303893,263575921.850556135177612,Lower Chehalis Estuary,50,390.446161647777103,9913.801677906401892,
-1,1,908,Marsh,0.233493000000000,Hist,Hist salmon,12462,129.955543755821310,,12462,230932.463257765833987,638216095.057497859001160,Humptulips River,45,194.485564079659781,2333.625581493824029,
-1,1,909,Marsh,0.108700000000000,Hist,Hist salmon,12462,0.000000000000000,,12462,230932.463257765833987,638216095.057497859001160,Humptulips River,45,156.837282172514591,1086.394662025560365,
-1,1,910,Pond,5.553200000000000,Both,Hist salmon,13177,0.000000000000000,,13177,230932.463257765833987,638216095.057497859001160,Humptulips River,45,2139.776291511368527,55500.563696875608002,
-1,1,911,Marsh,0.575592000000000,Hist,Hist salmon,13320,443.068356839355431,,13320,230932.463257765833987,638216095.057497859001160,Humptulips River,45,360.623742239042940,5752.669512643966300,
-1,1,912,Pond,0.255022000000000,Curr,Hist salmon,10661,143.976259117558612,,10661,378317.145195854303893,263575921.850556135177612,Lower Chehalis Estuary,50,313.175653840003122,2548.840986849003912,
-1,1,913,Marsh,1.119258000000000,Hist,Hist salmon,12393,39.013157822689976,,12393,230932.463257765833987,638216095.057497859001160,Humptulips River,45,689.259047206666423,11186.361159168365702,
-1,1,914,Marsh,2.230309000000000,Curr,Hist no salmon,14644,1496.819427794585408,,14644,230932.463257765833987,638216095.057497859001160,Humptulips River,45,621.491511353800547,22290.089549554482801,
-1,1,915,Marsh,38.492764000000001,Hist,Hist salmon,23297,195.396001727332731,,23297,230932.463257765833987,638216095.057497859001160,Humptulips River,45,3267.985628707681826,384701.916330973850563,
-1,1,916,Marsh,0.405751000000000,Hist,Hist no salmon,21577,928.362060789408361,,21577,230932.463257765833987,638216095.057497859001160,Humptulips River,45,233.140006900355189,4054.995237645365251,
-1,1,917,Pond,0.119073000000000,Curr,Hist salmon,10514,0.000000000000000,,10514,378317.145195854303893,263575921.850556135177612,Lower Chehalis Estuary,50,179.128518133063523,1190.076844002137250,
-1,1,918,Pond,0.063886000000000,Curr,Hist salmon,14631,49.680147201328133,,14631,230932.463257765833987,638216095.057497859001160,Humptulips River,45,145.222659491250624,638.479764588339435,
-1,1,919,Marsh,0.125947000000000,Hist,Hist salmon,14632,347.606629615236784,,14632,230932.463257765833987,638216095.057497859001160,Humptulips River,45,152.054206129410716,1258.713867611839987,
-1,1,920,Pond,0.026591000000000,Curr,Hist no salmon,21575,80.172353431107041,,21575,230932.463257765833987,638216095.057497859001160,Humptulips River,45,66.520068531605176,265.745912832976046,
-1,1,921,Pond,0.048739000000000,Curr,Hist no salmon,15466,74.907983480702256,,15466,230932.463257765833987,638216095.057497859001160,Humptulips River,45,103.102632529942952,487.086400605808308,
-1,1,922,Marsh,0.253440000000000,Both,Hist salmon,21953,0.000000000000000,,21953,49308.557195515604690,47291303.365128621459007,Elk River,47,261.973108293333780,2533.099997034210446,
-1,1,923,Pond,0.241322000000000,Curr,Hist salmon,6730,218.575870752599343,,6730,66251.264859166723909,82143487.059757128357887,Johns River,46,233.000817608866555,2411.946556483203949,
-1,1,924,Marsh,0.162278000000000,Hist,Hist no salmon,15316,520.556924315667402,,15316,230932.463257765833987,638216095.057497859001160,Humptulips River,45,149.443935032086159,1621.758507893032629,
-1,1,925,Pond,0.592333000000000,Hist,Hist salmon,15439,198.099511238084972,,15439,230932.463257765833987,638216095.057497859001160,Humptulips River,45,290.005054384884659,5919.534666848780034,
-1,1,926,Marsh,1.880313000000000,Hist,Hist salmon,10040,0.000000000000000,,10040,128409.154010552825639,234704536.754735738039017,Hoquiam River,44,757.973811766638050,18792.399723250622628,
-1,2,927,Pond,0.628365000000000,Curr,Hist no salmon,9501,490.658645727226428,,9501,128409.154010552825639,234704536.754735738039017,Hoquiam River,44,316.685961036462913,6280.104862578358734,
-1,1,928,Marsh,0.156067000000000,Curr,Hist no salmon,15852,577.113645629450616,,15852,230932.463257765833987,638216095.057497859001160,Humptulips River,45,146.281169240622773,1559.647124623954824,
-1,1,929,Marsh,0.739662000000000,Both,Hist salmon,15741,274.826476032168102,,15741,230932.463257765833987,638216095.057497859001160,Humptulips River,45,588.060949591525173,7391.791046222136174,
-1,1,930,Marsh,1.011900000000000,Curr,Hist salmon,16336,0.000000000000000,,16336,230932.463257765833987,638216095.057497859001160,Humptulips River,45,429.069037674232447,10112.237601376609746,
-1,1,931,Marsh,2.842214000000000,Both,Hist salmon,10830,79.518456175210616,,10830,128409.154010552825639,234704536.754735738039017,Hoquiam River,44,714.855155672314936,28405.225083220968372,
-1,1,932,Marsh,0.699972000000000,Hist,Hist no salmon,13429,0.000000000000000,,13429,230932.463257765833987,638216095.057497859001160,Humptulips River,45,385.705222654311342,6995.371996705297533,
-1,1,933,Pond,0.447947000000000,Hist,Hist salmon,16845,795.123109113848045,,16845,230932.463257765833987,638216095.057497859001160,Humptulips River,45,387.159365039773036,4476.363205195940282,
-1,1,934,Marsh,1.084412000000000,Hist,Hist salmon,9367,0.000000000000000,,9367,151947.647425919829402,266325666.708538889884949,Wishkah River,43,481.694075683018582,10837.767763453392035,
-1,1,935,Marsh,0.209307000000000,Both,Hist no salmon,10006,145.105610046978143,,10006,151947.647425919829402,266325666.708538889884949,Wishkah River,43,189.119799502138363,2091.826805091042388,
-1,1,936,Marsh,0.576100000000000,Both,Hist salmon,10176,419.954785495649958,,10176,151947.647425919829402,266325666.708538889884949,Wishkah River,43,321.143741392426080,5757.546071420584667,
-1,1,937,Marsh,1.648719000000000,Hist,Hist salmon,8818,0.000000000000000,,8818,67420.654691214382183,87038278.247085735201836,Upper Chehalis Estuary,49,759.621430825351467,16477.323939199828601,
-1,1,938,Marsh,0.256641000000000,Curr,Hist salmon,21016,315.323567199045556,,21016,151947.647425919829402,266325666.708538889884949,Wishkah River,43,191.620400146728258,2564.625215067657336,
-1,1,939,Marsh,0.219968000000000,Hist,Hist salmon,10434,0.000000000000000,,10434,246250.590740413172171,507221006.855407536029816,Wynoochee River,42,293.825995280796121,2198.307121354467199,
-1,1,940,Pond,0.102985000000000,Curr,Hist no salmon,9860,225.543545924409898,,9860,246250.590740413172171,507221006.855407536029816,Wynoochee River,42,135.525550249469205,1029.207629729622568,
-1,1,941,Marsh,0.292879000000000,Curr,Hist no salmon,15034,1037.753272398968420,,15034,246250.590740413172171,507221006.855407536029816,Wynoochee River,42,194.221780737382801,2926.731265447261649,
-1,1,942,Marsh,0.022613000000000,Both,Hist salmon,21114,89.941017854020075,,21114,151947.647425919829402,266325666.708538889884949,Wishkah River,43,59.830453223712759,225.977748826262342,
-1,1,943,Marsh,0.119065000000000,Both,Hist salmon,14545,539.615005022487480,,14545,246250.590740413172171,507221006.855407536029816,Wynoochee River,42,171.111886470038314,1189.826765941218127,
-1,1,944,Marsh,0.269563000000000,Hist,Hist no salmon,16824,29.436997249804620,,16824,246250.590740413172171,507221006.855407536029816,Wynoochee River,42,243.198630314371655,2693.638364552359235,
-1,1,945,Pond,0.147018000000000,Hist,Hist no salmon,20795,198.988542427756869,,20795,246250.590740413172171,507221006.855407536029816,Wynoochee River,42,158.125596315705252,1469.255468656799621,
-1,1,946,Pond,0.128388000000000,Curr,Hist no salmon,8187,114.746599791708988,,8187,246250.590740413172171,507221006.855407536029816,Wynoochee River,42,130.710657079314075,1283.079910377027090,
-1,1,947,Pond,0.118288000000000,Hist,Hist no salmon,8538,625.507740837379288,,8538,33178.258786570047960,19447172.728330697864294,Unnamed: Olympic Mountains 1,41,228.658063993574501,1182.136640621030438,
-1,1,948,Marsh,0.171264000000000,Hist,Hist salmon,12713,580.046557008728314,,12713,222380.125267685507424,776523555.048679113388062,Satsop River,40,195.418316222257147,1711.490856772881443,
-1,1,949,Marsh,1.844264000000000,Both,Hist salmon,14408,83.043011135925511,,14408,222380.125267685507424,776523555.048679113388062,Satsop River,40,905.150141353298523,18429.840066220058361,
-1,1,950,Pond,0.180611000000000,Hist,Hist salmon,17639,140.182435887562406,,17639,246250.590740413172171,507221006.855407536029816,Wynoochee River,42,158.958463030992874,1804.652860778249760,
-1,1,951,Marsh,1.794699000000000,Hist,Hist salmon,8691,327.003806570606059,,8691,33178.258786570047960,19447172.728330697864294,Unnamed: Olympic Mountains 1,41,666.532973503384596,17935.603360564600735,
-1,1,952,Marsh,0.441525000000000,Both,Hist salmon,12262,925.498116882270097,,12262,222380.125267685507424,776523555.048679113388062,Satsop River,40,272.704941536557726,4412.283210232427336,
-1,1,953,Marsh,1.070850000000000,Hist,Hist no salmon,13948,334.480975554161830,,13948,222380.125267685507424,776523555.048679113388062,Satsop River,40,470.684124448443981,10701.058597526205631,
-1,1,954,Pond,0.033004000000000,Hist,Hist no salmon,17782,4645.883264483249150,,17782,246250.590740413172171,507221006.855407536029816,Wynoochee River,42,73.262343554044037,329.756744637691042,
-1,1,955,Marsh,0.129837000000000,Curr,Hist no salmon,10139,825.321708542951001,,10139,222380.125267685507424,776523555.048679113388062,Satsop River,40,137.543355031518161,1297.529918671795031,
-1,1,956,Marsh,1.378244000000000,Both,Hist salmon,8127,544.994358375058596,,8127,48290.055449476276408,24797583.336042989045382,Mainstem: Lower Chehalis 7,63,596.114650876668975,13773.705795090872925,Yes
-1,1,957,Marsh,0.262379000000000,Curr,Hist salmon,14036,448.435341028974278,,14036,222380.125267685507424,776523555.048679113388062,Satsop River,40,207.610386817933573,2621.953948694385417,
-1,1,958,Marsh,0.058475000000000,Hist,Hist salmon,14810,471.957289607141831,,14810,222380.125267685507424,776523555.048679113388062,Satsop River,40,97.221111833054351,584.339341446910680,
-1,1,959,Marsh,0.844936000000000,Hist,Hist salmon,14808,0.000000000000000,,14808,222380.125267685507424,776523555.048679113388062,Satsop River,40,412.958200884296957,8443.406374544756545,
-1,1,960,Marsh,1.395058000000000,Curr,Hist salmon,14822,520.663940646454648,,14822,222380.125267685507424,776523555.048679113388062,Satsop River,40,742.204700907650022,13940.618094386829398,
-1,1,961,Marsh,1.521863000000000,Hist,Hist salmon,9960,0.000000000000000,,9960,222380.125267685507424,776523555.048679113388062,Satsop River,40,711.137450064496534,15208.722209275274508,
-1,1,962,Pond,1.333275000000000,Curr,Hist salmon,20260,0.000000000000000,,20260,222380.125267685507424,776523555.048679113388062,Satsop River,40,587.573132261378532,13323.940883969287825,
-1,1,963,Marsh,1.303539000000000,Both,Hist salmon,12942,847.406855143403050,,12942,222380.125267685507424,776523555.048679113388062,Satsop River,40,536.150015579145588,13026.405265018616774,
-1,1,964,Marsh,0.163999000000000,Both,Hist salmon,8680,94.016995875304545,,8680,222380.125267685507424,776523555.048679113388062,Satsop River,40,430.343739892970518,1638.932168782571807,
-1,1,965,Pond,0.802756000000000,Curr,Hist no salmon,10782,405.605115828803264,,10782,222380.125267685507424,776523555.048679113388062,Satsop River,40,367.581806148508690,8022.246488391430830,
-1,1,966,Marsh,0.150708000000000,Hist,Hist salmon,10784,289.796695185773387,,10784,222380.125267685507424,776523555.048679113388062,Satsop River,40,153.932656970428525,1506.075429377178352,
-1,1,967,Marsh,0.281658000000000,Curr,Hist salmon,13524,731.210273202923759,,13524,222380.125267685507424,776523555.048679113388062,Satsop River,40,251.082919006437010,2814.588848951584623,
-1,1,968,Marsh,1.341392000000000,Hist,Hist salmon,3910,1597.095510753157669,,3910,76524.840528758461005,151273081.305056989192963,Elk Creek,3,925.027674801328772,13405.907864792652617,
-1,1,969,Pond,0.085401000000000,Hist,Hist salmon,7519,1634.734612705969084,,7519,61832.701814796862891,85343223.067351639270782,Unnamed: Central Lowlands 2,36,116.613717579011052,853.462879330480519,
-1,1,970,Marsh,0.037082000000000,Both,Hist salmon,20206,0.000000000000000,,20206,222380.125267685507424,776523555.048679113388062,Satsop River,40,75.915709994638419,370.561806033214793,
-1,1,971,Marsh,0.172279000000000,Hist,Hist salmon,13520,161.987065723042861,,13520,222380.125267685507424,776523555.048679113388062,Satsop River,40,267.131862643798968,1721.565583580896146,
-1,1,972,Marsh,0.001660000000000,Curr,Hist salmon,13533,1231.108848325691952,,13533,222380.125267685507424,776523555.048679113388062,Satsop River,40,21.291402456987534,16.592264533470988,
-1,1,973,Marsh,9.853236000000001,Curr,Hist salmon,15058,53.999832971317595,,15058,222380.125267685507424,776523555.048679113388062,Satsop River,40,3181.023199403319722,98460.451178166869795,
-1,1,974,Marsh,0.103942000000000,Hist,Hist salmon,3910,1543.253875646063079,,3910,76524.840528758461005,151273081.305056989192963,Elk Creek,3,125.137944390219332,1038.795130100827919,
-1,1,975,Pond,4.967933000000000,Curr,Hist no salmon,8590,353.221282536671822,,8590,61832.701814796862891,85343223.067351639270782,Unnamed: Central Lowlands 2,36,956.094106267836878,49647.321493097115308,
-1,1,976,Marsh,5.813459000000000,Hist,Hist salmon,20432,706.802295144202276,,20432,43165.804896704394196,40547067.944952234625816,Unnamed: Black Hills 1,38,1873.500127242757117,58095.905583945015678,
-1,1,977,Marsh,0.079099000000000,Curr,Hist salmon,3897,1512.575885835259669,,3897,76524.840528758461005,151273081.305056989192963,Elk Creek,3,118.741464404501727,790.517060495476699,
-1,1,978,Marsh,0.090274000000000,Curr,Hist salmon,3897,841.661679257914329,,3897,76524.840528758461005,151273081.305056989192963,Elk Creek,3,145.118991701636105,902.191984827266651,
-1,1,979,Marsh,0.035767000000000,Curr,Hist salmon,3905,714.598366832021611,,3905,76524.840528758461005,151273081.305056989192963,Elk Creek,3,72.440551546847374,357.452206028374519,
-1,1,980,Marsh,0.267794000000000,Curr,Hist no salmon,9197,578.989297413906911,,9197,72380.641822059013066,39697893.786662034690380,Mainstem: Lower Chehalis 6,62,343.194065513204066,2676.194656016675253,
-1,1,981,Pond,0.149631000000000,Curr,Hist no salmon,9196,767.022842851751648,,9196,72380.641822059013066,39697893.786662034690380,Mainstem: Lower Chehalis 6,62,184.333169390043366,1495.335765385519835,
-1,1,982,Marsh,0.982228000000000,Hist,Hist salmon,23219,0.000000000000000,,23219,222380.125267685507424,776523555.048679113388062,Satsop River,40,649.695045479095143,9815.657530189058889,
-1,1,983,Marsh,0.939982000000000,Both,Hist no salmon,20164,335.669484552449433,,20164,222380.125267685507424,776523555.048679113388062,Satsop River,40,395.954519999750460,9393.386111581345176,
-1,1,984,Pond,2.064377000000000,Hist,Hist salmon,11781,0.000000000000000,,11781,222380.125267685507424,776523555.048679113388062,Satsop River,40,885.172424276456695,20629.490813019983761,
-1,1,985,Pond,0.724510000000000,Hist,Hist salmon,11776,0.000000000000000,,11776,222380.125267685507424,776523555.048679113388062,Satsop River,40,717.748215644776792,7240.106038925799112,
-1,1,986,Pond,0.158234000000000,Hist,Hist salmon,11780,0.000000000000000,,11780,222380.125267685507424,776523555.048679113388062,Satsop River,40,157.023450883943667,1581.242612807918476,
-1,1,987,Marsh,3.142178000000000,Curr,Hist salmon,16078,630.937887801470765,,16078,222380.125267685507424,776523555.048679113388062,Satsop River,40,1067.958693709352019,31398.348947733575187,
-1,1,988,Pond,0.095795000000000,Both,Hist salmon,20734,1366.242953589920489,,20734,76524.840528758461005,151273081.305056989192963,Elk Creek,3,118.190588341234701,957.377599937188620,
-1,1,989,Marsh,2.974033000000000,Hist,Hist salmon,11223,0.000000000000000,,11223,222380.125267685507424,776523555.048679113388062,Satsop River,40,1252.928119471939908,29720.224443754475942,
-1,1,990,Pond,0.112719000000000,Curr,Hist no salmon,9303,19.143127366355472,,9303,72380.641822059013066,39697893.786662034690380,Mainstem: Lower Chehalis 6,62,139.651329038731575,1126.455158569600371,
-1,1,991,Marsh,0.600501000000000,Curr,Hist salmon,15350,0.000000000000000,,15350,222380.125267685507424,776523555.048679113388062,Satsop River,40,341.237830853490493,6000.573819182484840,
-1,1,992,Pond,0.042062000000000,Curr,Hist salmon,3363,139.812551277317226,,3363,76524.840528758461005,151273081.305056989192963,Elk Creek,3,77.762068306690352,420.359478056057810,
-1,1,993,Marsh,0.197352000000000,Curr,Hist salmon,3801,235.099439688170008,,3801,76524.840528758461005,151273081.305056989192963,Elk Creek,3,173.870480257010172,1972.323172943269810,
-1,1,994,Pond,0.169490000000000,Curr,Hist salmon,3805,27.271738677613051,,3805,76524.840528758461005,151273081.305056989192963,Elk Creek,3,285.367428713264360,1693.871865220389282,
-1,1,995,Marsh,0.069530000000000,Both,Hist salmon,3716,46.127826027531285,,3716,76524.840528758461005,151273081.305056989192963,Elk Creek,3,133.846889646789776,694.877689251899255,
-1,1,996,Marsh,0.308764000000000,Hist,Hist salmon,20516,0.000000000000000,,20516,118289.321295402623946,126156469.879530921578407,Upper Chehalis: Proposed Dam to Elk Creek,2,287.367291594076846,3085.760070107709907,
-1,1,997,Marsh,0.029345000000000,Hist,Hist salmon,7671,187.063500592832384,,7671,72380.641822059013066,39697893.786662034690380,Mainstem: Lower Chehalis 6,62,68.391001731118578,293.261206680098951,
-1,1,998,Marsh,0.498118000000000,Curr,Hist no salmon,8939,526.206129141518772,,8939,72380.641822059013066,39697893.786662034690380,Mainstem: Lower Chehalis 6,62,426.683190721790027,4977.906714972379632,
-1,1,999,Marsh,4.644937000000000,Hist,Hist salmon,8965,0.000000000000000,7593,8965,111846.634780773121747,175346973.513960331678391,Cloquallum Creek,37,964.225109385983501,46418.576341211875842,
-1,1,1000,Marsh,1.165671000000000,Curr,Hist salmon,10332,834.726647382221472,,10332,111846.634780773121747,175346973.513960331678391,Cloquallum Creek,37,453.988365402486522,11648.830316379575379,
-1,1,1001,Marsh,2.696790000000000,Hist,Hist salmon,13698,0.000000000000000,,13698,222380.125267685507424,776523555.048679113388062,Satsop River,40,756.530341983692097,26948.381208559298102,
-1,1,1002,Marsh,0.056569000000000,Hist,Hist salmon,13699,85.641861763169757,,13699,222380.125267685507424,776523555.048679113388062,Satsop River,40,112.161917763161640,565.282144059769507,
-1,1,1003,Marsh,2.400712000000000,Hist,Hist salmon,15668,900.406215834897921,,15668,222380.125267685507424,776523555.048679113388062,Satsop River,40,922.649017882596354,23989.343983681646932,
-1,1,1004,Marsh,0.026592000000000,Hist,Hist salmon,15659,483.912749220832495,,15659,222380.125267685507424,776523555.048679113388062,Satsop River,40,65.606513830504838,265.720458521130240,
-1,1,1005,Marsh,0.656372000000000,Hist,Hist salmon,15659,293.155579484448253,,15659,222380.125267685507424,776523555.048679113388062,Satsop River,40,439.520652878659405,6558.875040383402848,
-1,1,1006,Marsh,2.548067000000000,Both,Hist no salmon,15671,548.740410058974476,,15671,222380.125267685507424,776523555.048679113388062,Satsop River,40,605.249431626256751,25461.711529495754803,
-1,1,1007,Marsh,0.241793000000000,Hist,Hist salmon,22949,0.000000000000000,,22949,118289.321295402623946,126156469.879530921578407,Upper Chehalis: Proposed Dam to Elk Creek,2,204.195569273939157,2416.452350211806788,
-1,1,1008,Marsh,0.036579000000000,Both,Hist salmon,22761,88.296918761127102,,22761,76524.840528758461005,151273081.305056989192963,Elk Creek,3,75.699625699061428,365.561851127302020,
-1,1,1009,Marsh,0.050736000000000,Both,Hist salmon,22762,220.993030196484000,,22762,76524.840528758461005,151273081.305056989192963,Elk Creek,3,88.512703169295349,507.048160505806834,
-1,1,1010,Marsh,0.383909000000000,Curr,Hist salmon,13121,123.034003196763990,,13121,222380.125267685507424,776523555.048679113388062,Satsop River,40,257.557430615987300,3836.361004938988572,
-1,1,1011,Marsh,0.501082000000000,Hist,Hist no salmon,13393,194.282027127907156,,13393,222380.125267685507424,776523555.048679113388062,Satsop River,40,287.315866433189683,5007.239213494357500,
-1,1,1012,Marsh,4.627314000000000,Curr,Hist no salmon,13647,351.359794126323720,,13647,222380.125267685507424,776523555.048679113388062,Satsop River,40,982.459717462344997,46239.641701020038454,
-1,1,1013,Marsh,0.358244000000000,Hist,Hist salmon,15664,23.913977361549172,,15664,222380.125267685507424,776523555.048679113388062,Satsop River,40,538.069326057231933,3579.787587990038446,
-1,1,1014,Marsh,1.477648000000000,Hist,Hist salmon,6225,0.000000000000000,,6225,52529.756095652686781,68590327.366781875491142,Rock Creek (Lower Chehalis),28,640.169789199719162,14767.162303684424842,
-1,2,1015,Marsh,3.608520000000000,Hist,Hist salmon,7653,665.090188830184275,,7653,61832.701814796862891,85343223.067351639270782,Unnamed: Central Lowlands 2,36,902.437103981339305,36061.785817653850245,
-1,1,1016,Marsh,0.194797000000000,Curr,Hist no salmon,8977,394.543171442922414,,8977,111846.634780773121747,175346973.513960331678391,Cloquallum Creek,37,249.908144765413624,1946.670970235547657,
-1,1,1017,Marsh,1.933561000000000,Hist,Hist salmon,13413,133.183518579617726,,13413,222380.125267685507424,776523555.048679113388062,Satsop River,40,615.917507848611876,19321.628568364671082,
-1,1,1018,Marsh,0.174320000000000,Hist,Hist salmon,13414,320.747693312746435,,13414,222380.125267685507424,776523555.048679113388062,Satsop River,40,157.660262616584617,1741.941917404686137,
-1,1,1019,Marsh,0.248314000000000,Curr,Hist salmon,13673,509.265169278662995,,13673,222380.125267685507424,776523555.048679113388062,Satsop River,40,182.984528072967521,2481.308362888369629,
-1,1,1020,Marsh,0.286664000000000,Curr,Hist salmon,5853,0.000000000000000,,5853,34889.509330777720606,17144842.197271723300219,Unnamed: Central Lowlands 4,27,193.337224668861865,2864.826431520930782,
-1,1,1021,Pond,0.063427000000000,Curr,Hist no salmon,9719,440.826655319105953,,9719,111846.634780773121747,175346973.513960331678391,Cloquallum Creek,37,122.605826491093069,633.835244861750539,
-1,1,1022,Marsh,0.586049000000000,Hist,Hist salmon,9935,0.000000000000000,,9935,111846.634780773121747,175346973.513960331678391,Cloquallum Creek,37,397.582589942305958,5856.472664402170267,
-1,1,1023,Marsh,0.074470000000000,Curr,Hist salmon,9938,0.000000000000000,,9938,111846.634780773121747,175346973.513960331678391,Cloquallum Creek,37,118.776916413311554,744.184343679780454,
-1,1,1024,Marsh,2.486518000000000,Curr,Hist salmon,9940,0.000000000000000,,9940,111846.634780773121747,175346973.513960331678391,Cloquallum Creek,37,895.750128207561943,24848.069657748710597,
-1,1,1025,Marsh,0.399662000000000,Curr,Hist no salmon,11047,227.280341884695446,,11047,111846.634780773121747,175346973.513960331678391,Cloquallum Creek,37,271.566030694758695,3993.838345677007055,
-1,1,1026,Marsh,3.920142000000000,Curr,Hist no salmon,13378,403.644383541218701,,13378,222380.125267685507424,776523555.048679113388062,Satsop River,40,1361.745032689413847,39173.196942077942367,
-1,1,1027,Marsh,0.203889000000000,Curr,Hist no salmon,13378,321.352430513555305,,13378,222380.125267685507424,776523555.048679113388062,Satsop River,40,178.854088734590732,2037.419631938634438,
-1,1,1028,Marsh,1.849386000000000,Hist,Hist salmon,13380,484.036166953614611,,13380,222380.125267685507424,776523555.048679113388062,Satsop River,40,742.610248265644373,18480.492333324356878,
-1,1,1029,Marsh,2.050488000000000,Hist,Hist salmon,13416,72.903961760293072,,13416,222380.125267685507424,776523555.048679113388062,Satsop River,40,667.803375728043193,20490.002539000503020,
-1,1,1030,Marsh,1.120095000000000,Hist,Hist salmon,13417,420.318562453591824,,13417,222380.125267685507424,776523555.048679113388062,Satsop River,40,514.919817316947046,11192.832544997103469,
-1,1,1031,Marsh,0.153223000000000,Curr,Hist salmon,13425,1036.965030355644785,,13425,222380.125267685507424,776523555.048679113388062,Satsop River,40,153.562150355981743,1531.103410450036790,
-1,1,1032,Marsh,0.038405000000000,Curr,Hist salmon,20369,96.508371617213996,,20369,222380.125267685507424,776523555.048679113388062,Satsop River,40,92.435987997310832,383.762911980635124,
-1,1,1033,Marsh,1.974416000000000,Hist,Hist no salmon,20373,672.705409916244548,,20373,222380.125267685507424,776523555.048679113388062,Satsop River,40,991.751322044280869,19729.486425854389381,
-1,1,1034,Marsh,6.926280000000000,Hist,Hist salmon,20371,896.154051531651589,,20371,222380.125267685507424,776523555.048679113388062,Satsop River,40,1894.900198565356959,69211.439402748554130,
-1,1,1035,Pond,3.487807000000000,Hist,Hist no salmon,20373,696.706012993372042,,20373,222380.125267685507424,776523555.048679113388062,Satsop River,40,763.104929991312815,34852.143894479107985,
-1,1,1036,Marsh,0.963873000000000,Curr,Hist no salmon,22642,750.456804737547259,,22642,222380.125267685507424,776523555.048679113388062,Satsop River,40,437.670720240794196,9631.504655841759813,
-1,1,1037,Marsh,0.501005000000000,Curr,Hist salmon,7367,913.735674736520082,,7367,25489.615299052060436,11565107.814306572079659,Mainstem: Lower Chehalis 5,61,342.537430729522555,5006.808218804717399,Yes
-1,1,1038,Marsh,0.239550000000000,Curr,Hist salmon,7355,461.545283581197509,,7355,25489.615299052060436,11565107.814306572079659,Mainstem: Lower Chehalis 5,61,182.259909446238169,2393.944569298199440,
-1,1,1039,Marsh,1.356972000000000,Hist,Hist no salmon,23264,441.441604986069308,,23264,111846.634780773121747,175346973.513960331678391,Cloquallum Creek,37,508.852303204671898,13560.030340997986059,
-1,1,1040,Marsh,0.962623000000000,Curr,Hist no salmon,23264,1030.317643328486383,,23264,111846.634780773121747,175346973.513960331678391,Cloquallum Creek,37,414.793810857726498,9619.363112978418940,
-1,1,1041,Marsh,0.304913000000000,Hist,Hist salmon,13901,599.904259552874464,,13901,222380.125267685507424,776523555.048679113388062,Satsop River,40,233.580649299980024,3046.939298929454708,
-1,1,1042,Marsh,1.104100000000000,Hist,Hist salmon,13911,161.420569435485760,,13911,222380.125267685507424,776523555.048679113388062,Satsop River,40,450.619643382243339,11033.009430008447453,
-1,1,1043,Marsh,2.180331000000000,Curr,Hist no salmon,22728,1237.568127611791169,,22728,222380.125267685507424,776523555.048679113388062,Satsop River,40,564.917780210186038,21787.294885908038850,
-1,1,1044,Marsh,0.225231000000000,Hist,Hist no salmon,22731,1669.349107969909255,,22731,222380.125267685507424,776523555.048679113388062,Satsop River,40,189.172293181277212,2250.648483894885430,
-1,1,1045,Marsh,6.636719000000000,Hist,Hist salmon,22731,781.916462003253741,,22731,222380.125267685507424,776523555.048679113388062,Satsop River,40,2368.675197569162265,66318.211908718818449,
-1,1,1046,Pond,3.417387000000000,Hist,Hist salmon,20373,1523.078608649289663,,20373,222380.125267685507424,776523555.048679113388062,Satsop River,40,697.565280284305800,34148.442187489177741,
-1,1,1047,Marsh,0.076928000000000,Hist,Hist salmon,20870,495.923953666348837,,20870,87582.837988347251667,164879927.806114047765732,Upper Chehalis: Above Proposed Dam,1,104.831635148283411,768.795554059735423,
-1,1,1048,Marsh,0.143764000000000,Hist,Hist no salmon,1665,456.314908977320044,,1665,118289.321295402623946,126156469.879530921578407,Upper Chehalis: Proposed Dam to Elk Creek,2,163.221599186870151,1436.756077371414449,
-1,1,1049,Marsh,0.142564000000000,Hist,Hist salmon,5495,596.782979971860186,,5495,55554.058267856235034,72106875.751249000430107,Garrard Creek,25,161.689364238163819,1424.736747509069573,
-1,1,1050,Marsh,0.024418000000000,Hist,Hist salmon,8081,99.187001547344295,,8081,64500.793559666235524,70730227.349633023142815,Mox Chehalis Creek,34,72.565839461193448,244.014775517877581,
-1,1,1051,Marsh,2.904971000000000,Curr,Hist salmon,12583,0.000000000000000,,12583,111846.634780773121747,175346973.513960331678391,Cloquallum Creek,37,1026.345789255754426,29029.214393324611592,
-1,1,1052,Marsh,4.417408000000000,Curr,Hist salmon,12997,0.000000000000000,,12997,111846.634780773121747,175346973.513960331678391,Cloquallum Creek,37,901.818057119878858,44142.636758032735088,
-1,1,1053,Marsh,0.292606000000000,Hist,Hist no salmon,13906,360.701207819193939,,13906,222380.125267685507424,776523555.048679113388062,Satsop River,40,208.906693852737362,2923.950860254496547,
-1,1,1054,Marsh,1.088275000000000,Hist,Hist no salmon,13906,723.377524946288077,,13906,222380.125267685507424,776523555.048679113388062,Satsop River,40,415.881649390607038,10874.901275008911398,
-1,1,1055,Marsh,3.746369000000000,Curr,Hist salmon,13906,0.000000000000000,,13906,222380.125267685507424,776523555.048679113388062,Satsop River,40,1973.863485772513059,37436.551459756978147,
-1,1,1056,Marsh,0.265808000000000,Both,Hist salmon,147,601.351470845783638,,147,87582.837988347251667,164879927.806114047765732,Upper Chehalis: Above Proposed Dam,1,396.715950928035909,2656.412466719342319,
-1,1,1057,Marsh,0.020241000000000,Both,Hist salmon,147,565.580150541597618,,147,87582.837988347251667,164879927.806114047765732,Upper Chehalis: Above Proposed Dam,1,53.753693501319773,202.281767792773564,
-1,1,1058,Pond,0.152439000000000,Curr,Hist no salmon,19884,178.277045586555772,,19884,55554.058267856235034,72106875.751249000430107,Garrard Creek,25,159.597301759811501,1523.430155302840831,
-1,1,1059,Pond,0.333816000000000,Hist,Hist salmon,5816,1266.169060718752235,,5816,34889.509330777720606,17144842.197271723300219,Unnamed: Central Lowlands 4,27,338.342254873617776,3336.031738049857267,
-1,1,1060,Marsh,0.810059000000000,Hist,Hist no salmon,13910,972.978157348308855,,13910,222380.125267685507424,776523555.048679113388062,Satsop River,40,369.244853154250563,8094.740308164638918,
-1,1,1061,Marsh,0.134758000000000,Hist,Hist no salmon,1548,181.639631738694590,,1548,118289.321295402623946,126156469.879530921578407,Upper Chehalis: Proposed Dam to Elk Creek,2,137.439176735931625,1346.746429941057841,
-1,1,1062,Marsh,1.039341000000000,Hist,Hist salmon,4694,88.652428602411675,,4694,90912.708609555149451,112473867.070502221584320,Lincoln Creek,19,482.833207550276313,10386.912312924054277,
-1,1,1063,Marsh,2.890428000000000,Hist,Hist salmon,6435,0.000000000000000,,6435,70790.401097194917384,102524081.591505512595177,Cedar Creek,29,925.206355721343584,28885.666873384459905,
-1,1,1064,Marsh,0.045445000000000,Curr,Hist no salmon,12692,165.624864804471116,,12692,111846.634780773121747,175346973.513960331678391,Cloquallum Creek,37,105.210418969672304,454.121732052052664,
-1,1,1065,Marsh,0.092669000000000,Curr,Hist salmon,12501,678.786946612512793,,12501,111846.634780773121747,175346973.513960331678391,Cloquallum Creek,37,127.620349061668236,926.027548814767783,
-1,1,1066,Marsh,0.018830000000000,Hist,Hist salmon,14689,428.209258299744590,,14689,222380.125267685507424,776523555.048679113388062,Satsop River,40,54.444626484674686,188.162774561474350,
-1,1,1067,Marsh,1.202844000000000,Curr,Hist salmon,14703,66.499423246239388,,14703,222380.125267685507424,776523555.048679113388062,Satsop River,40,423.366527098081633,12019.457313303384581,
-1,1,1068,Marsh,0.489730000000000,Hist,Hist salmon,20534,0.000000000000000,,20534,118289.321295402623946,126156469.879530921578407,Upper Chehalis: Proposed Dam to Elk Creek,2,342.924131623551432,4894.268991705311237,
-1,1,1069,Marsh,0.067783000000000,Hist,Hist salmon,20075,373.679436325615711,,20075,67829.617527592563420,102901766.598401084542274,Porter Creek,32,108.971184869435575,677.372941822254347,
-1,1,1070,Marsh,2.984766000000000,Hist,Hist salmon,11418,0.000000000000000,,11418,111846.634780773121747,175346973.513960331678391,Cloquallum Creek,37,863.845533451597248,29826.875506061729538,
-1,1,1071,Pond,0.128447000000000,Hist,Hist salmon,12501,0.000000000000000,,12501,111846.634780773121747,175346973.513960331678391,Cloquallum Creek,37,210.488927566854500,1283.552368316421735,
-1,1,1072,Marsh,8.752115000000000,Hist,Hist salmon,12502,0.000000000000000,,12502,111846.634780773121747,175346973.513960331678391,Cloquallum Creek,37,3132.100434162824058,87458.686808563244995,
-1,1,1073,Pond,0.817869000000000,Hist,Hist no salmon,2619,525.641889638371595,,2619,118289.321295402623946,126156469.879530921578407,Upper Chehalis: Proposed Dam to Elk Creek,2,446.684811875799255,8173.617016940565009,
-1,1,1074,Marsh,2.736231000000000,Hist,Hist salmon,5873,0.000000000000000,,5873,38521.396498919821170,15187066.736874151974916,Mainstem: Lower Chehalis 4,60,822.877324663447553,27344.784289987514057,
-1,1,1075,Marsh,0.688074000000000,Curr,Hist salmon,12794,150.230630881782446,,12794,111846.634780773121747,175346973.513960331678391,Cloquallum Creek,37,298.995434461970376,6875.789656874602770,
-1,1,1076,Marsh,12.878456999999999,Curr,Hist salmon,12801,0.000000000000000,,12801,111846.634780773121747,175346973.513960331678391,Cloquallum Creek,37,1995.764726744458585,128691.438038218257134,
-1,1,1077,Marsh,0.231186000000000,Both,Hist no salmon,324,1140.307861261996322,,324,128713.250162538577570,324568132.476597189903259,South Fork Chehalis,5,247.137779881846626,2310.402142875866048,
-1,1,1078,Marsh,3.360063000000000,Curr,Hist salmon,5691,21.880265350996360,,5691,159862.665859964530682,364384257.434201776981354,Black River,23,1788.001005675381066,33579.107374163875647,Yes
-1,1,1079,Pond,0.064707000000000,Hist,Hist no salmon,5156,883.657894454429425,,5156,98751.225704972457606,77067740.308363378047943,Unnamed: Central Lowlands 6,20,103.196398358485197,646.661465824765287,
-1,1,1080,Marsh,0.984348000000000,Curr,Hist salmon,5723,483.901412258836729,,5723,159862.665859964530682,364384257.434201776981354,Black River,23,829.510676252746975,9837.166156002849675,Yes
-1,1,1081,Marsh,0.410920000000000,Curr,Hist no salmon,5719,464.587549403211938,,5719,159862.665859964530682,364384257.434201776981354,Black River,23,305.627253311783818,4106.559781487652799,
-1,2,1082,Marsh,7.176857000000000,Curr,Hist salmon,22548,205.083450730063845,,22548,48209.614123100487632,34704709.802221670746803,Unnamed: Willapa Hills 3,4,1276.239098524321207,71723.681427990028169,
-1,1,1083,Pond,0.097383000000000,Curr,Hist no salmon,2541,752.242150775502637,,2541,65306.643175367535150,54983150.600972734391689,Unnamed: Willapa Hills 2,6,126.206895194635607,973.221407163652998,
-1,1,1084,Marsh,0.283559000000000,Hist,Hist salmon,20554,0.000000000000000,,20554,98751.225704972457606,77067740.308363378047943,Unnamed: Central Lowlands 6,20,222.802106249642151,2833.778112378459355,
-1,1,1085,Pond,0.364116000000000,Curr,Hist no salmon,2016,543.703504969172172,,2016,128713.250162538577570,324568132.476597189903259,South Fork Chehalis,5,262.574736484073071,3638.875502579950080,
-1,1,1086,Pond,0.035570000000000,Curr,Hist no salmon,5753,351.414698084930706,,5753,159862.665859964530682,364384257.434201776981354,Black River,23,85.104217967500773,355.464932481689971,
-1,1,1087,Pond,0.008555000000000,Curr,Hist no salmon,5753,489.039138165121813,,5753,159862.665859964530682,364384257.434201776981354,Black River,23,37.387464333567408,85.492127469272177,
-1,1,1088,Pond,0.486485000000000,Hist,Hist salmon,2019,54.907413706844991,,2019,128713.250162538577570,324568132.476597189903259,South Fork Chehalis,5,649.164668738922956,4861.795774162769703,
-1,1,1089,Pond,0.108535000000000,Both,Hist no salmon,2302,748.875549118869117,,2302,128713.250162538577570,324568132.476597189903259,South Fork Chehalis,5,130.873928119911113,1084.664101982906004,
-1,1,1090,Pond,0.076566000000000,Hist,Hist salmon,3637,280.132921242988687,,3637,10364.909862460346631,1661189.451981667429209,Unnamed: Willapa Hills 1,7,105.776639055219448,765.178807630799497,
-1,1,1091,Marsh,6.334592000000000,Hist,Hist salmon,19678,0.000000000000000,,19678,128713.250162538577570,324568132.476597189903259,South Fork Chehalis,5,2053.810353586177825,63306.090240161356633,
-1,1,1092,Pond,0.026480000000000,Curr,Hist no salmon,19218,359.305800803775355,,19218,159862.665859964530682,364384257.434201776981354,Black River,23,70.180168031920246,264.628058387958390,
-1,1,1093,Pond,0.120848000000000,Both,Hist salmon,19233,133.378396375981850,,19233,159862.665859964530682,364384257.434201776981354,Black River,23,147.753254202327241,1207.693634325525181,
-1,1,1094,Pond,0.116725000000000,Curr,Hist salmon,7619,15.818811093295629,,7619,159862.665859964530682,364384257.434201776981354,Black River,23,170.082083732431300,1166.467467698453675,
-1,1,1095,Marsh,0.812147000000000,Curr,Hist salmon,4580,452.478647419355241,,4580,90912.708609555149451,112473867.070502221584320,Lincoln Creek,19,440.637245928704488,8116.320277209679261,
-1,1,1096,Pond,0.560644000000000,Curr,Hist no salmon,19235,845.964877471842556,,19235,159862.665859964530682,364384257.434201776981354,Black River,23,299.509373339237129,5602.786695778814646,
-1,1,1097,Marsh,0.424661000000000,Hist,Hist salmon,20449,0.000000000000000,,20449,59791.565918335734750,95616163.941657066345215,Stearns Creek,9,257.971167749890981,4243.937705212642868,
-1,1,1098,Marsh,12.265217000000000,Both,Hist salmon,5363,0.000000000000000,,5363,106638.473340230484609,103623513.334606394171715,Scatter Creek,22,3114.148475627441712,122572.738616163260303,
-1,1,1099,Marsh,0.590979000000000,Both,Hist no salmon,6888,1065.689017995425047,,6888,159862.665859964530682,364384257.434201776981354,Black River,23,323.913569813369350,5905.895327722928414,
-1,1,1100,Marsh,0.531480000000000,Curr,Hist no salmon,7832,306.890780872800008,,7832,159862.665859964530682,364384257.434201776981354,Black River,23,367.180963718679152,5311.209648891540382,
-1,1,1101,Marsh,5.483159000000000,Hist,Hist salmon,19655,0.000000000000000,,19655,128713.250162538577570,324568132.476597189903259,South Fork Chehalis,5,987.331005800590901,54796.985763698503433,
-1,1,1102,Pond,0.142955000000000,Hist,Hist no salmon,4024,898.433260699559014,,4024,33658.170172136567999,13036252.537259833887219,Unnamed: Central Lowlands 8,14,149.167468391670269,1428.646643401919619,
-1,1,1103,Pond,0.339420000000000,Hist,Hist salmon,4732,0.000000000000000,,4732,90912.708609555149451,112473867.070502221584320,Lincoln Creek,19,273.525601893131693,3392.038464422968445,Yes
-1,1,1104,Pond,0.386676000000000,Hist,Hist no salmon,5368,1135.437254346376221,,5368,106638.473340230484609,103623513.334606394171715,Scatter Creek,22,235.520915878249184,3864.267749601006017,
-1,1,1105,Marsh,0.142470000000000,Both,Hist salmon,19254,112.143620106092257,,19254,159862.665859964530682,364384257.434201776981354,Black River,23,143.761349150949457,1423.769480633644207,
-1,1,1106,Marsh,0.104357000000000,Both,Hist salmon,19257,126.247556634214575,,19257,159862.665859964530682,364384257.434201776981354,Black River,23,156.765249551960295,1042.889306277853848,
-1,1,1107,Marsh,0.369282000000000,Curr,Hist no salmon,7831,608.297048031372697,,7831,159862.665859964530682,364384257.434201776981354,Black River,23,257.530353322243570,3690.323562512462559,
-1,1,1108,Pond,0.160443000000000,Hist,Hist salmon,4024,17.204778856186120,,4024,33658.170172136567999,13036252.537259833887219,Unnamed: Central Lowlands 8,14,195.879041216663666,1603.418324238784407,
-1,1,1109,Marsh,8.922015000000000,Both,Hist salmon,5378,0.000000000000000,,5378,106638.473340230484609,103623513.334606394171715,Scatter Creek,22,2296.885358172794895,89162.393284166304511,
-1,1,1110,Marsh,0.403736000000000,Hist,Hist salmon,19271,1194.785499101801179,,19271,159862.665859964530682,364384257.434201776981354,Black River,23,318.352476569928399,4034.711249897224207,
-1,1,1111,Marsh,4.695164000000000,Curr,Hist salmon,6942,157.614061262838590,,6942,159862.665859964530682,364384257.434201776981354,Black River,23,866.314224291460164,46920.444383496775117,
-1,1,1112,Pond,1.023721000000000,Hist,Hist salmon,5044,0.000000000000000,,5044,64116.909780659618264,34581500.544033728539944,Unnamed: Black River 1,21,681.447338312543366,10230.649939874172560,
-1,2,1113,Marsh,0.353097000000000,Curr,Hist salmon,4137,542.688563835833747,,4137,50132.307652337098261,42180804.244348973035812,Unnamed: Cascade Mountains 2,13,448.524612991566300,3528.744123364570441,
-1,1,1114,Pond,0.550888000000000,Hist,Hist no salmon,2769,0.000000000000000,,2769,59791.565918335734750,95616163.941657066345215,Stearns Creek,9,366.865152973913951,5505.420029188884655,
-1,1,1115,Pond,0.037404000000000,Curr,Hist no salmon,17963,488.993928782109606,,17963,151813.484517717675772,406226339.697148263454437,Newaukum River,12,73.162546993360849,373.802012375869708,Yes
-1,1,1116,Pond,8.049030000000000,Curr,Hist no salmon,4296,91.399775631219995,,4296,138406.144823040289339,318898089.190657675266266,Skookumchuck River,18,1376.563166147270749,80439.231392414323636,
-1,1,1117,Marsh,9.139146000000000,Curr,Hist salmon,6382,0.000000000000000,,6382,159862.665859964530682,364384257.434201776981354,Black River,23,2326.487048561338725,91331.812748626980465,
-1,1,1118,Marsh,1.226733000000000,Curr,Hist no salmon,6380,915.880831165104269,,6380,159862.665859964530682,364384257.434201776981354,Black River,23,585.117933504553434,12259.309164051090193,
-1,1,1119,Marsh,0.539444000000000,Curr,Hist salmon,6382,270.223275482682766,,6382,159862.665859964530682,364384257.434201776981354,Black River,23,289.056506834910749,5390.913227702350014,
-1,1,1120,Pond,0.197594000000000,Curr,Hist salmon,6383,0.000000000000000,,6383,159862.665859964530682,364384257.434201776981354,Black River,23,199.951032771556726,1974.647866384818599,
-1,1,1121,Pond,1.438160000000000,Curr,Hist no salmon,8322,1942.926140374583383,,8322,159862.665859964530682,364384257.434201776981354,Black River,23,521.952349651161967,14371.925219682969328,
-1,1,1122,Marsh,0.214209000000000,Hist,Hist salmon,17976,118.597818587410444,,17976,151813.484517717675772,406226339.697148263454437,Newaukum River,12,196.402158375729982,2140.745661688705695,Yes
-1,1,1123,Marsh,0.242211000000000,Hist,Hist salmon,18997,403.359719022086836,,18997,57551.046467003296129,62244686.940613552927971,Salzer Creek,15,183.535561004470708,2420.579498125817736,
-1,1,1124,Marsh,1.430166000000000,Curr,Hist salmon,19131,899.045069155571809,,19131,57551.046467003296129,62244686.940613552927971,Salzer Creek,15,582.898473003277104,14292.630979115974696,
-1,1,1125,Pond,3.914842000000000,Curr,Hist no salmon,18123,105.299209892323461,,18123,138406.144823040289339,318898089.190657675266266,Skookumchuck River,18,938.423508363506016,39123.479571655734617,
-1,1,1126,Marsh,0.186187000000000,Curr,Hist salmon,18283,0.000000000000000,,18283,138406.144823040289339,318898089.190657675266266,Skookumchuck River,18,222.767786643992196,1860.672684458549838,
-1,1,1127,Marsh,0.570323000000000,Hist,Hist salmon,6373,42.923136119722784,,6373,159862.665859964530682,364384257.434201776981354,Black River,23,357.214762638758202,5699.493371225442388,
-1,1,1128,Pond,7.102308000000000,Curr,Hist salmon,6373,221.293073050557268,,6373,159862.665859964530682,364384257.434201776981354,Black River,23,2351.744505135654435,70976.689009136171080,
-1,1,1129,Marsh,2.727487000000000,Both,Hist salmon,6375,509.126710837310327,,6375,159862.665859964530682,364384257.434201776981354,Black River,23,906.094722175756033,27257.075477098511328,
-1,1,1130,Marsh,0.708598000000000,Curr,Hist no salmon,8322,2363.764746690379525,,8322,159862.665859964530682,364384257.434201776981354,Black River,23,434.300127306714785,7081.212033587159567,
-1,1,1131,Pond,0.306316000000000,Curr,Hist no salmon,1892,1187.009044573080246,,1892,151813.484517717675772,406226339.697148263454437,Newaukum River,12,205.661161771424958,3061.237709975762755,
-1,1,1132,Pond,1.305245000000000,Hist,Curr degradeH,17990,168.255301897356844,,17990,151813.484517717675772,406226339.697148263454437,Newaukum River,12,440.828228566629321,13044.249381293237093,Yes
-1,1,1133,Pond,0.171863000000000,Hist,Hist salmon,18157,45.995102160219069,,18157,138406.144823040289339,318898089.190657675266266,Skookumchuck River,18,162.616470377365459,1717.536177839070660,
-1,1,1134,Pond,0.565226000000000,Curr,Hist salmon,6375,1356.232940594149113,,6375,159862.665859964530682,364384257.434201776981354,Black River,23,346.825905456701946,5648.572844412103223,
-1,1,1135,Pond,0.042656000000000,Hist,Hist no salmon,5424,1709.595222890897503,,5424,106638.473340230484609,103623513.334606394171715,Scatter Creek,22,84.012706278507196,426.283509972460706,
-1,1,1136,Marsh,1.976010000000000,Curr,Hist salmon,6783,214.808993440495414,,6783,159862.665859964530682,364384257.434201776981354,Black River,23,712.577237931613126,19747.060442838639574,
-1,1,1137,Marsh,21.009155000000000,Curr,Hist salmon,18430,0.000000000000000,,18430,138406.144823040289339,318898089.190657675266266,Skookumchuck River,18,4409.341332103470450,209956.338148192589870,
-1,1,1138,Pond,0.088887000000000,Curr,Curr degrade,2380,270.500556223050523,,2380,151813.484517717675772,406226339.697148263454437,Newaukum River,12,144.856867253122346,888.314133191306382,
-1,1,1139,Pond,0.087807000000000,Curr,Hist salmon,2948,61.988846124923398,,2948,50132.307652337098261,42180804.244348973035812,Unnamed: Cascade Mountains 2,13,146.433652573301543,877.521803914310340,
-1,1,1140,Pond,0.165627000000000,Curr,Hist salmon,3004,619.178533959748052,,3004,50132.307652337098261,42180804.244348973035812,Unnamed: Cascade Mountains 2,13,200.922138819188859,1655.232902257288970,
-1,1,1141,Marsh,0.230607000000000,Hist,Hist salmon,18658,897.383565838100367,,18658,138406.144823040289339,318898089.190657675266266,Skookumchuck River,18,225.517754805778424,2304.616336866256916,
-1,1,1142,Marsh,0.542456000000000,Both,Hist no salmon,23013,1066.464806963642559,,23013,159862.665859964530682,364384257.434201776981354,Black River,23,346.030342775179918,5421.022745878824935,
-1,1,1143,Pond,0.580841000000000,Curr,Hist salmon,23018,0.000000000000000,,23018,159862.665859964530682,364384257.434201776981354,Black River,23,321.660035331009112,5804.620186209497660,
-1,1,1144,Marsh,5.149535000000000,Curr,Hist salmon,6697,220.003142061601181,,6697,159862.665859964530682,364384257.434201776981354,Black River,23,1229.744748180411989,51461.618931124095980,
-1,1,1145,Marsh,18.811377000000000,Curr,Hist salmon,6699,0.000000000000000,,6699,159862.665859964530682,364384257.434201776981354,Black River,23,3445.487894504425185,187990.609790379472543,
-1,1,1146,Pond,0.027399000000000,Curr,Hist no salmon,18911,173.744499630187676,,18911,138406.144823040289339,318898089.190657675266266,Skookumchuck River,18,71.431260723959667,273.814413857064949,
-1,1,1147,Pond,2.110569000000000,Curr,Hist no salmon,18750,70.233739249563754,,18750,138406.144823040289339,318898089.190657675266266,Skookumchuck River,18,638.876511044730933,21092.274094367559883,
-1,1,1148,Marsh,0.749822000000000,Hist,Hist no salmon,7198,1496.197202817615562,,7198,159862.665859964530682,364384257.434201776981354,Black River,23,407.208727807030414,7493.287449856437888,
-1,1,1149,Pond,0.141146000000000,Curr,Hist salmon,1938,529.237747403601247,,1938,151813.484517717675772,406226339.697148263454437,Newaukum River,12,149.569298291589860,1410.575460022362904,
-1,1,1150,Marsh,0.093796000000000,Both,Hist salmon,2496,0.000000000000000,,2496,151813.484517717675772,406226339.697148263454437,Newaukum River,12,119.321764106457820,937.374701388297353,
-1,1,1151,Pond,24.903030999999999,Curr,Hist no salmon,18411,54.200348836136392,,18411,138406.144823040289339,318898089.190657675266266,Skookumchuck River,18,2298.114782682217538,248871.925157200923422,
-1,1,1152,Marsh,0.082472000000000,Hist,Hist no salmon,18110,762.561782798838976,,18110,138406.144823040289339,318898089.190657675266266,Skookumchuck River,18,108.989776088392844,824.194210849371643,
-1,1,1153,Marsh,0.523567000000000,Curr,Hist salmon,6710,768.387576199820273,,6710,159862.665859964530682,364384257.434201776981354,Black River,23,274.872662857258433,5232.247464477297399,
-1,1,1154,Marsh,1.194528000000000,Curr,Hist no salmon,6711,1050.045213794243182,,6711,159862.665859964530682,364384257.434201776981354,Black River,23,513.366936764898014,11937.434313203119018,
-1,1,1155,Marsh,6.123621000000000,Curr,Hist no salmon,6711,637.910076562277595,,6711,159862.665859964530682,364384257.434201776981354,Black River,23,1210.074257457380781,61196.010870709062146,
-1,1,1156,Marsh,1.316841000000000,Curr,Hist no salmon,6711,1538.036454918738627,,6711,159862.665859964530682,364384257.434201776981354,Black River,23,430.982886244964732,13159.757351916317930,
-1,1,1157,Pond,0.167076000000000,Curr,Hist no salmon,1289,344.598479952435355,,1289,151813.484517717675772,406226339.697148263454437,Newaukum River,12,153.926642755356141,1669.719632938526274,
-1,1,1158,Marsh,0.335792000000000,Hist,Hist no salmon,3023,0.000000000000000,,3023,50132.307652337098261,42180804.244348973035812,Unnamed: Cascade Mountains 2,13,294.455390194224833,3355.816677915549462,
-1,1,1159,Marsh,0.027757000000000,Hist,Hist salmon,18685,209.448065386832354,,18685,138406.144823040289339,318898089.190657675266266,Skookumchuck River,18,66.074924183716234,277.398851209906923,
-1,1,1160,Marsh,0.351212000000000,Curr,Hist salmon,18924,753.900028620019043,,18924,138406.144823040289339,318898089.190657675266266,Skookumchuck River,18,255.410245850037285,3509.910160531057045,
-1,1,1161,Pond,0.090734000000000,Curr,Hist salmon,18450,481.784152250624118,,18450,138406.144823040289339,318898089.190657675266266,Skookumchuck River,18,133.889286248694219,906.767927599126779,
-1,1,1162,Pond,2.191785000000000,Curr,Hist no salmon,18439,917.462597220866655,,18439,138406.144823040289339,318898089.190657675266266,Skookumchuck River,18,901.479702888604265,21903.958849580005335,
-1,1,1163,Pond,0.023398000000000,Curr,Hist no salmon,18758,79.244210975762925,,18758,138406.144823040289339,318898089.190657675266266,Skookumchuck River,18,60.623038067793949,233.835566024656373,
-1,1,1164,Marsh,0.142616000000000,Hist,Hist no salmon,18032,1212.139275386905183,,18032,138406.144823040289339,318898089.190657675266266,Skookumchuck River,18,171.075688696899846,1425.247620470296397,
-1,1,1165,Marsh,0.719064000000000,Curr,Hist no salmon,6711,1076.425903172662402,,6711,159862.665859964530682,364384257.434201776981354,Black River,23,469.801015220412012,7185.945996581346662,
-1,1,1166,Pond,0.067445000000000,Hist,Hist no salmon,2403,292.130340826195606,,2403,151813.484517717675772,406226339.697148263454437,Newaukum River,12,117.445683362899118,674.033425722305992,
-1,1,1167,Pond,2.692584000000000,Curr,Hist no salmon,18698,0.000000000000000,,18698,138406.144823040289339,318898089.190657675266266,Skookumchuck River,18,815.212815493463495,26908.927590674717067,
-1,1,1168,Marsh,0.994507000000000,Hist,Hist no salmon,18762,472.349246655309173,,18762,138406.144823040289339,318898089.190657675266266,Skookumchuck River,18,565.099028527413225,9938.808697701460915,
-1,1,1169,Marsh,0.670527000000000,Hist,Hist salmon,6049,195.994831551734791,,6049,106638.473340230484609,103623513.334606394171715,Scatter Creek,22,458.454769767582491,6700.913595363935201,
-1,1,1170,Marsh,0.842064000000000,Hist,Hist salmon,6049,259.781202463683428,,6049,106638.473340230484609,103623513.334606394171715,Scatter Creek,22,405.101750080778288,8415.165796327572025,
-1,1,1171,Marsh,1.018270000000000,Hist,Hist salmon,6059,500.186898397400228,,6059,106638.473340230484609,103623513.334606394171715,Scatter Creek,22,459.958428422120619,10176.037492906616535,
-1,1,1172,Marsh,0.386816000000000,Curr,Hist salmon,1508,0.000000000000000,,1508,151813.484517717675772,406226339.697148263454437,Newaukum River,12,361.695055802034176,3865.751528214841073,
-1,1,1173,Marsh,4.654848000000000,Curr,Hist salmon,6261,492.223918099841399,,6261,106638.473340230484609,103623513.334606394171715,Scatter Creek,22,1154.298874552456027,46518.338942699643667,
-1,1,1174,Marsh,0.061321000000000,Curr,Hist salmon,3830,632.640057675145499,,3830,151813.484517717675772,406226339.697148263454437,Newaukum River,12,107.701710073380923,612.829904708435947,
-1,1,1175,Pond,0.854761000000000,Curr,Hist no salmon,17895,208.140926789037195,,17895,138406.144823040289339,318898089.190657675266266,Skookumchuck River,18,441.636039231302163,8542.263803645073494,
-1,2,1176,Pond,4.034596000000000,Curr,Hist no salmon,17894,0.000000000000000,,17894,151813.484517717675772,406226339.697148263454437,Newaukum River,12,817.314326767108582,40320.726600658868847,
-1,1,1177,Marsh,0.218207000000000,Curr,Hist no salmon,17888,309.767141499933985,,17888,151813.484517717675772,406226339.697148263454437,Newaukum River,12,261.159016454315804,2180.712576896573864,
-1,1,1178,Marsh,0.713525000000000,Hist,Hist salmon,18589,0.000000000000000,,18589,138406.144823040289339,318898089.190657675266266,Skookumchuck River,18,453.299003057836671,7130.767735203895427,
-1,1,1179,Pond,0.596055000000000,Hist,Hist no salmon,4096,501.805018358570464,,4096,151813.484517717675772,406226339.697148263454437,Newaukum River,12,380.731559108273302,5956.832588072431463,
-1,1,1180,Marsh,0.321068000000000,Hist,Hist salmon,18965,1157.429455481574905,,18965,138406.144823040289339,318898089.190657675266266,Skookumchuck River,18,242.025076831959268,3208.623090565954953,
-1,1,1181,Marsh,0.209628000000000,Hist,Hist salmon,2185,0.000000000000000,,2185,151813.484517717675772,406226339.697148263454437,Newaukum River,12,170.010740121083700,2094.978441710894003,
-1,1,1182,Marsh,0.393067000000000,Curr,Hist salmon,1832,0.000000000000000,,1832,151813.484517717675772,406226339.697148263454437,Newaukum River,12,261.341046580595389,3928.243676864793997,
-1,1,1183,Marsh,0.228688000000000,Hist,Hist salmon,2187,220.475023757967392,,2187,151813.484517717675772,406226339.697148263454437,Newaukum River,12,185.344854651424555,2285.462096604679573,
-1,1,1184,Marsh,0.230394000000000,Hist,Hist no salmon,3148,474.979006087316066,,3148,151813.484517717675772,406226339.697148263454437,Newaukum River,12,196.451029836005119,2302.513888402478642,
-1,1,1185,Marsh,0.965551000000000,Hist,Hist salmon,18896,0.000000000000000,,18896,138406.144823040289339,318898089.190657675266266,Skookumchuck River,18,402.067950587886514,9649.526052073435494,
-1,1,1186,Marsh,0.059751000000000,Hist,Hist salmon,2330,0.000000000000000,,2330,151813.484517717675772,406226339.697148263454437,Newaukum River,12,103.506145808985124,597.144748913051671,
-1,1,1187,Marsh,0.111958000000000,Hist,Hist no salmon,4199,1022.461069420519948,,4199,76009.236526847191271,159121473.122915714979172,Upper Skookumchuck,51,138.115831800761839,1118.898113234124139,
-1,1,1188,Marsh,1.448822000000000,Curr,Hist salmon,2281,0.000000000000000,,2281,151813.484517717675772,406226339.697148263454437,Newaukum River,12,609.940764940492272,14479.506777711760151,
-1,1,1189,Marsh,0.931291000000000,Both,Hist no salmon,4190,1170.265691285495677,,4190,151813.484517717675772,406226339.697148263454437,Newaukum River,12,388.509306305152450,9307.263438698715618,
-1,1,1190,Marsh,0.358423000000000,Both,Hist no salmon,4190,1526.599886445442962,,4190,151813.484517717675772,406226339.697148263454437,Newaukum River,12,273.164586393283457,3582.062781079562228,
-1,1,1191,Pond,0.766877000000000,Hist,Hist no salmon,2872,1320.105716731852681,,2872,76009.236526847191271,159121473.122915714979172,Upper Skookumchuck,51,389.106302097418734,7664.239615732056336,
-1,1,1192,Pond,2.505605000000000,Curr,Hist no salmon,10603,10121.932328976396093,,10603,378317.145195854303893,263575921.850556135177612,Lower Chehalis Estuary,50,895.707151836749517,25044.046946280133852,
-1,1,1193,Pond,0.382771000000000,Curr,Hist no salmon,7125,9596.982959717064659,,7125,378317.145195854303893,263575921.850556135177612,Lower Chehalis Estuary,50,235.499162283597514,3825.893226083797344,
-1,1,1194,Pond,0.137825000000000,Both,Hist no salmon,10604,3080.720503902417931,,10604,378317.145195854303893,263575921.850556135177612,Lower Chehalis Estuary,50,166.001915101653822,1377.554801592771582,
-1,1,1195,Marsh,0.183837000000000,Both,Hist no salmon,10604,3216.675613255101325,,10604,378317.145195854303893,263575921.850556135177612,Lower Chehalis Estuary,50,231.329088031899090,1837.459401791209984,
-1,1,1196,Marsh,16.262056000000001,Curr,Hist no salmon,7127,5383.330863314057751,,7127,378317.145195854303893,263575921.850556135177612,Lower Chehalis Estuary,50,3040.622402310094003,162542.938691444520373,
-1,1,1197,Marsh,2.188429000000000,Curr,Hist no salmon,7127,5632.542599813416018,,7127,378317.145195854303893,263575921.850556135177612,Lower Chehalis Estuary,50,1298.491301562305352,21873.828271526461322,
-1,1,1198,Marsh,0.051049000000000,Curr,Hist no salmon,7127,5135.494980714262056,,7127,378317.145195854303893,263575921.850556135177612,Lower Chehalis Estuary,50,102.025531534084934,510.246685521243307,
-1,1,1199,Marsh,10.241761000000000,Curr,Hist salmon,11190,0.000000000000000,,11190,378317.145195854303893,263575921.850556135177612,Lower Chehalis Estuary,50,1704.104958631600084,102363.694021781077026,
-1,1,1200,Pond,0.119041000000000,Hist,Hist no salmon,21810,2591.619412751364052,,21810,378317.145195854303893,263575921.850556135177612,Lower Chehalis Estuary,50,201.308975165989750,1189.854349633187667,
-1,1,1201,Marsh,0.446930000000000,Hist,Hist no salmon,21810,2592.477304072742299,,21810,378317.145195854303893,263575921.850556135177612,Lower Chehalis Estuary,50,281.266564201848325,4467.186247129136063,
-1,1,1202,Pond,0.076039000000000,Curr,Hist no salmon,21810,2421.007924663448648,,21810,378317.145195854303893,263575921.850556135177612,Lower Chehalis Estuary,50,114.133153321301990,760.027830899798914,
-1,1,1203,Pond,0.128880000000000,Curr,Hist no salmon,21810,2160.188880134272949,,21810,378317.145195854303893,263575921.850556135177612,Lower Chehalis Estuary,50,151.830525372941054,1288.188599346776755,
-1,1,1204,Pond,0.055769000000000,Curr,Hist no salmon,21810,2057.663733058837352,,21810,378317.145195854303893,263575921.850556135177612,Lower Chehalis Estuary,50,103.771351471497780,557.425283262845710,
-1,1,1205,Pond,0.243224000000000,Both,Hist salmon,11589,177.429161809810751,,11589,230932.463257765833987,638216095.057497859001160,Humptulips River,45,277.670799561852675,2430.915500015706129,
-1,1,1206,Slough,1.864124000000000,Curr,Hist salmon,22423,0.000000000000000,,22423,230932.463257765833987,638216095.057497859001160,Humptulips River,45,1825.856637003343394,18630.998018030019011,
-1,1,1207,Marsh,1.438524000000000,Hist,Hist salmon,11567,179.223167713716549,,11567,230932.463257765833987,638216095.057497859001160,Humptulips River,45,542.221715556177173,14377.446603485705054,
-1,1,1208,Marsh,2.350820000000000,Hist,Hist salmon,10748,361.881845215034446,,10748,230932.463257765833987,638216095.057497859001160,Humptulips River,45,690.427446595554102,23495.494970016225125,
-1,1,1209,Marsh,0.080959000000000,Hist,Hist salmon,22422,0.000000000000000,,22422,230932.463257765833987,638216095.057497859001160,Humptulips River,45,130.777985704891819,809.143527524881961,
-1,1,1210,Marsh,15.872216999999999,Hist,Hist salmon,12393,0.000000000000000,,12393,230932.463257765833987,638216095.057497859001160,Humptulips River,45,3437.446723973042026,158633.662211370799923,
-1,1,1211,Marsh,4.431364000000000,Curr,Hist no salmon,14645,976.427264092284190,,14645,230932.463257765833987,638216095.057497859001160,Humptulips River,45,1079.669741931073077,44287.664747472837917,
-1,1,1212,Marsh,1.338393000000000,Both,Hist salmon,21499,80.613575554702422,,21499,230932.463257765833987,638216095.057497859001160,Humptulips River,45,908.254944922243340,13376.148402740111123,
-1,1,1213,Marsh,4.674452000000000,Curr,Hist salmon,14915,879.193125405449564,,14915,230932.463257765833987,638216095.057497859001160,Humptulips River,45,810.577366076887415,46716.304250209657766,
-1,1,1214,Marsh,0.293792000000000,Hist,Hist no salmon,21577,982.362094343144122,,21577,230932.463257765833987,638216095.057497859001160,Humptulips River,45,203.764194755042610,2936.093726071843776,
-1,1,1215,Pond,0.028380000000000,Curr,Hist no salmon,21578,68.845098071391632,,21578,230932.463257765833987,638216095.057497859001160,Humptulips River,45,75.988437232124724,283.623030685826166,
-1,1,1216,Marsh,0.195143000000000,Hist,Hist salmon,9486,109.921695651986084,,9486,128409.154010552825639,234704536.754735738039017,Hoquiam River,44,209.122440155151025,1950.363616454245630,
-1,1,1217,Marsh,0.500077000000000,Hist,Hist no salmon,14207,553.925770314438523,,14207,230932.463257765833987,638216095.057497859001160,Humptulips River,45,379.757478642888486,4997.698600276100478,
-1,1,1218,Marsh,0.158237000000000,Hist,Hist no salmon,15316,429.575943632331018,,15316,230932.463257765833987,638216095.057497859001160,Humptulips River,45,166.501125281042420,1581.372326808588014,
-1,1,1219,Marsh,0.297423000000000,Hist,Hist no salmon,16154,701.016177085681647,,16154,230932.463257765833987,638216095.057497859001160,Humptulips River,45,202.180000107458483,2972.249712576089678,
-1,1,1220,Pond,0.195139000000000,Hist,Hist salmon,6409,119.025905872546048,,6409,66251.264859166723909,82143487.059757128357887,Johns River,46,178.353057841621933,1950.356126760508005,
-1,1,1221,Marsh,1.953953000000000,Curr,Hist no salmon,16310,336.995040147672967,,16310,230932.463257765833987,638216095.057497859001160,Humptulips River,45,527.834085294788906,19526.463764296579029,
-1,1,1222,Pond,0.158942000000000,Curr,Hist no salmon,9543,108.421309432272793,,9543,128409.154010552825639,234704536.754735738039017,Hoquiam River,44,148.930634843834326,1588.515125650214941,
-1,1,1223,Marsh,0.543580000000000,Curr,Hist salmon,16337,0.000000000000000,,16337,230932.463257765833987,638216095.057497859001160,Humptulips River,45,282.510911005858588,5432.161165901567983,
-1,1,1224,Marsh,1.579200000000000,Curr,Hist salmon,16336,276.596669843248776,,16336,230932.463257765833987,638216095.057497859001160,Humptulips River,45,541.784464218076096,15781.452322659533820,
-1,1,1225,Pond,0.303738000000000,Curr,Hist salmon,16990,0.000000000000000,,16990,230932.463257765833987,638216095.057497859001160,Humptulips River,45,353.362060101296379,3035.278624399436012,
-1,1,1226,Marsh,0.304388000000000,Both,Hist salmon,12284,0.000000000000000,,12284,128409.154010552825639,234704536.754735738039017,Hoquiam River,44,221.592006608463208,3042.040711797968925,
-1,1,1227,Marsh,0.692847000000000,Both,Hist salmon,15757,219.089584229163819,,15757,230932.463257765833987,638216095.057497859001160,Humptulips River,45,612.281207079508135,6923.908408127521398,
-1,1,1228,Marsh,0.425613000000000,Hist,Hist salmon,15116,247.329808722136221,,15116,230932.463257765833987,638216095.057497859001160,Humptulips River,45,276.364702303820707,4253.353063429288341,
-1,1,1229,Pond,0.753952000000000,Hist,Hist salmon,7090,703.751673102584618,,7090,378317.145195854303893,263575921.850556135177612,Lower Chehalis Estuary,50,427.739769192018230,7535.283758041566216,
-1,1,1230,Marsh,0.712116000000000,Curr,Hist salmon,13284,301.951064190234376,,13284,128409.154010552825639,234704536.754735738039017,Hoquiam River,44,460.390335081802050,7116.660358179965442,
-1,1,1231,Marsh,1.045316000000000,Curr,Hist salmon,21326,0.000000000000000,,21326,128409.154010552825639,234704536.754735738039017,Hoquiam River,44,595.216799512180273,10446.525020301523909,
-1,1,1232,Marsh,0.150593000000000,Curr,Hist salmon,21329,119.199906826709281,,21329,128409.154010552825639,234704536.754735738039017,Hoquiam River,44,148.131219879986560,1504.968418267706056,
-1,1,1233,Marsh,0.134558000000000,Hist,Hist no salmon,12648,919.439511607079453,,12648,128409.154010552825639,234704536.754735738039017,Hoquiam River,44,135.807975597443772,1344.731196417252931,
-1,1,1234,Marsh,0.096200000000000,Hist,Hist no salmon,8513,478.314276891831980,,8513,67420.654691214382183,87038278.247085735201836,Upper Chehalis Estuary,49,151.373357863729609,961.415355514739417,
-1,1,1235,Pond,0.021291000000000,Both,Hist salmon,9849,198.208879788933189,,9849,246250.590740413172171,507221006.855407536029816,Wynoochee River,42,68.356096930023980,212.774552368433916,
-1,1,1236,Pond,0.230526000000000,Curr,Hist no salmon,9860,119.554827503388026,,9860,246250.590740413172171,507221006.855407536029816,Wynoochee River,42,306.788032693845992,2303.817905589484326,
-1,1,1237,Marsh,0.256132000000000,Curr,Hist salmon,21108,465.565994502683679,,21108,151947.647425919829402,266325666.708538889884949,Wishkah River,43,205.130834930594460,2559.536909912549618,
-1,1,1238,Marsh,0.078005000000000,Both,Hist salmon,16864,1431.498146135058732,,16864,246250.590740413172171,507221006.855407536029816,Wynoochee River,42,113.647861275364264,779.483658304201981,
-1,1,1239,Pond,0.751852000000000,Curr,Hist no salmon,12141,94.566261109088586,,12141,246250.590740413172171,507221006.855407536029816,Wynoochee River,42,501.122569636298238,7513.636097867399258,
-1,1,1240,Marsh,0.350017000000000,Hist,Hist no salmon,16903,477.044491893612815,,16903,246250.590740413172171,507221006.855407536029816,Wynoochee River,42,245.208185897698883,3497.584833209124099,
-1,1,1241,Marsh,0.120299000000000,Both,Hist no salmon,16891,581.281548207920196,,16891,246250.590740413172171,507221006.855407536029816,Wynoochee River,42,161.734317819581349,1202.094653840489855,
-1,1,1242,Marsh,0.029830000000000,Curr,Hist salmon,8422,219.221680921698038,,8422,246250.590740413172171,507221006.855407536029816,Wynoochee River,42,75.814465051319019,298.120671195958209,
-1,1,1243,Marsh,0.035500000000000,Hist,Hist salmon,12185,0.000000000000000,,12185,246250.590740413172171,507221006.855407536029816,Wynoochee River,42,78.719948124835582,354.764083755446109,
-1,1,1244,Marsh,0.219405000000000,Hist,Hist salmon,16760,297.125932881453537,,16760,246250.590740413172171,507221006.855407536029816,Wynoochee River,42,199.720600768105072,2192.426516189939321,
-1,1,1245,Marsh,0.240562000000000,Both,Hist no salmon,17305,539.808489995687978,,17305,246250.590740413172171,507221006.855407536029816,Wynoochee River,42,195.169101040519905,2403.767614279983263,
-1,1,1246,Marsh,0.048958000000000,Hist,Hist salmon,17307,0.000000000000000,,17307,246250.590740413172171,507221006.855407536029816,Wynoochee River,42,90.963651155117958,489.203139309011760,
-1,1,1247,Marsh,1.626244000000000,Both,Hist salmon,7789,260.876768830640970,,7789,67420.654691214382183,87038278.247085735201836,Upper Chehalis Estuary,49,964.667566171618205,16252.394961881880590,
-1,1,1248,Marsh,0.190649000000000,Both,Hist no salmon,20885,515.670688589622387,,20885,246250.590740413172171,507221006.855407536029816,Wynoochee River,42,192.129108129634091,1905.290922310746282,
-1,1,1249,Pond,0.344595000000000,Both,Hist salmon,20885,0.000000000000000,,20885,246250.590740413172171,507221006.855407536029816,Wynoochee River,42,376.901727976844768,3443.784004740112323,
-1,1,1250,Marsh,0.947683000000000,Curr,Hist salmon,15192,0.000000000000000,,15192,246250.590740413172171,507221006.855407536029816,Wynoochee River,42,483.953122794482567,9469.847496805445189,
-1,1,1251,Marsh,0.910092000000000,Hist,Hist no salmon,17631,84.364326850839845,,17631,246250.590740413172171,507221006.855407536029816,Wynoochee River,42,385.545758947907359,9093.640751501441628,
-1,1,1252,Marsh,0.816578000000000,Hist,Hist salmon,12266,412.872325489926538,,12266,222380.125267685507424,776523555.048679113388062,Satsop River,40,559.512349715463301,8160.315375219909583,
-1,1,1253,Pond,1.355136000000000,Hist,Hist no salmon,17732,2042.008102838333571,,17732,246250.590740413172171,507221006.855407536029816,Wynoochee River,42,433.376310692481127,13540.086649712457074,
-1,1,1254,Marsh,0.048984000000000,Both,Hist salmon,12464,989.370504068997320,,12464,222380.125267685507424,776523555.048679113388062,Satsop River,40,93.992714982965850,489.512012995077953,
-1,1,1255,Pond,0.076865000000000,Hist,Hist no salmon,17782,4353.642031834043337,,17782,246250.590740413172171,507221006.855407536029816,Wynoochee River,42,103.140678204065537,767.998629962276823,
-1,1,1256,Marsh,0.148762000000000,Both,Hist salmon,12251,0.000000000000000,,12251,222380.125267685507424,776523555.048679113388062,Satsop River,40,171.200476911811108,1486.611501374089130,
-1,1,1257,Pond,1.155105000000000,Hist,Hist salmon,13851,151.576342825794882,,13851,222380.125267685507424,776523555.048679113388062,Satsop River,40,614.187520266847173,11542.983698339561670,
-1,1,1258,Marsh,0.340846000000000,Curr,Hist salmon,14037,709.982793911316890,,14037,222380.125267685507424,776523555.048679113388062,Satsop River,40,227.525603392614528,3406.084959973627974,
-1,1,1259,Marsh,1.777444000000000,Both,Hist salmon,12764,0.000000000000000,,12764,222380.125267685507424,776523555.048679113388062,Satsop River,40,674.552604395031381,17762.236176606456866,
-1,1,1260,Pond,0.430469000000000,Both,Hist salmon,3910,2585.171282694951515,,3910,76524.840528758461005,151273081.305056989192963,Elk Creek,3,349.559033581215260,4302.131434676888603,
-1,1,1261,Marsh,0.191349000000000,Hist,Hist no salmon,7535,625.372779009455257,,7535,61832.701814796862891,85343223.067351639270782,Unnamed: Central Lowlands 2,36,162.000314160177794,1912.285713935408467,
-1,1,1262,Marsh,0.575264000000000,Hist,Hist no salmon,13524,723.174809595726174,,13524,222380.125267685507424,776523555.048679113388062,Satsop River,40,310.558125705573048,5748.586486832173250,
-1,1,1263,Marsh,0.045962000000000,Curr,Hist salmon,15060,0.000000000000000,,15060,222380.125267685507424,776523555.048679113388062,Satsop River,40,83.726248395517430,459.293509339218474,
-1,1,1264,Pond,0.707632000000000,Both,Hist salmon,3910,1470.447862734974706,,3910,76524.840528758461005,151273081.305056989192963,Elk Creek,3,429.263182326507206,7072.092300332675222,
-1,1,1265,Marsh,0.016629000000000,Both,Hist no salmon,8589,306.036063268502062,,8589,61832.701814796862891,85343223.067351639270782,Unnamed: Central Lowlands 2,36,50.096533737370549,166.182563653654370,
-1,1,1266,Pond,0.898652000000000,Curr,Hist no salmon,8671,315.852192899927445,,8671,222380.125267685507424,776523555.048679113388062,Satsop River,40,385.402158158468978,8980.724154938814536,Yes
-1,1,1267,Marsh,0.111751000000000,Hist,Hist salmon,13521,657.715384162314081,,13521,222380.125267685507424,776523555.048679113388062,Satsop River,40,150.574225196660450,1116.717279781676325,
-1,1,1268,Marsh,0.039312000000000,Curr,Hist salmon,13521,1040.819444119059881,,13521,222380.125267685507424,776523555.048679113388062,Satsop River,40,86.360893465715947,392.842240551117470,
-1,1,1269,Marsh,0.019026000000000,Curr,Hist salmon,13533,896.103632081833894,,13533,222380.125267685507424,776523555.048679113388062,Satsop River,40,62.945335427568693,190.119047146904563,
-1,1,1270,Marsh,1.801846000000000,Curr,Hist salmon,13533,967.402058555340091,,13533,222380.125267685507424,776523555.048679113388062,Satsop River,40,1586.726539187147864,18005.586329971054511,
-1,1,1271,Pond,0.404052000000000,Curr,Hist salmon,3910,2662.783601889026158,,3910,76524.840528758461005,151273081.305056989192963,Elk Creek,3,313.183038407669187,4038.097381250439412,
-1,1,1272,Pond,0.072111000000000,Curr,Hist salmon,3910,2304.846496498585111,,3910,76524.840528758461005,151273081.305056989192963,Elk Creek,3,125.173623907752756,720.671636821560696,
-1,1,1273,Marsh,0.227029000000000,Both,Hist salmon,8586,0.000000000000000,,8586,61832.701814796862891,85343223.067351639270782,Unnamed: Central Lowlands 2,36,175.946568462952030,2268.828032662588612,
-1,1,1274,Pond,0.544278000000000,Curr,Hist no salmon,8542,331.111891690290122,,8542,61832.701814796862891,85343223.067351639270782,Unnamed: Central Lowlands 2,36,484.095978742454122,5439.275699963517582,
-1,1,1275,Marsh,0.372159000000000,Both,Hist no salmon,12967,261.066577194057288,,12967,222380.125267685507424,776523555.048679113388062,Satsop River,40,232.118058939555226,3719.009922402516167,
-1,1,1276,Marsh,0.315980000000000,Curr,Hist salmon,3905,1338.371018631283960,,3905,76524.840528758461005,151273081.305056989192963,Elk Creek,3,217.064257710881492,3157.891219487275521,
-1,1,1277,Marsh,0.544436000000000,Hist,Hist salmon,15545,839.557272696515611,,15545,222380.125267685507424,776523555.048679113388062,Satsop River,40,328.695843580876897,5440.312659042993801,
-1,1,1278,Marsh,0.304580000000000,Both,Hist salmon,17465,16.667539802333909,,17465,222380.125267685507424,776523555.048679113388062,Satsop River,40,301.948042052726748,3043.348724053294518,
-1,1,1279,Pond,0.041321000000000,Both,Hist salmon,20734,1430.442190243896448,,20734,76524.840528758461005,151273081.305056989192963,Elk Creek,3,75.569659816077788,412.963614184128403,
-1,1,1280,Pond,0.158135000000000,Both,Hist salmon,20733,1024.011193194087127,,20733,76524.840528758461005,151273081.305056989192963,Elk Creek,3,155.602578368692832,1580.399852999257519,
-1,1,1281,Marsh,4.512107000000000,Curr,Hist salmon,20733,904.887636308905371,,20733,76524.840528758461005,151273081.305056989192963,Elk Creek,3,2306.185795670647167,45093.881337829363474,
-1,1,1282,Marsh,0.240860000000000,Hist,Hist salmon,7500,92.243388711026654,,7500,61832.701814796862891,85343223.067351639270782,Unnamed: Central Lowlands 2,36,235.136999186000168,2407.043050697775016,
-1,1,1283,Marsh,0.772700000000000,Hist,Hist salmon,10105,511.877495842442215,,10105,43165.804896704394196,40547067.944952234625816,Unnamed: Black Hills 1,38,390.253542932272296,7721.831223615518866,
-1,1,1284,Marsh,0.577172000000000,Hist,Hist salmon,9025,458.530647062375806,,9025,72380.641822059013066,39697893.786662034690380,Mainstem: Lower Chehalis 6,62,324.524909784186377,5767.942944137312224,
-1,1,1285,Pond,0.012574000000000,Curr,Hist no salmon,9302,51.087680708073236,,9302,72380.641822059013066,39697893.786662034690380,Mainstem: Lower Chehalis 6,62,42.210901838295356,125.659199102859816,
-1,1,1286,Marsh,0.080037000000000,Hist,Hist no salmon,1140,1591.238637992817303,,1140,118289.321295402623946,126156469.879530921578407,Upper Chehalis: Proposed Dam to Elk Creek,2,115.564786161224646,799.883813154466111,
-1,2,1287,Pond,0.075948000000000,Curr,Curr degrade,9282,192.951428270506852,,9282,43165.804896704394196,40547067.944952234625816,Unnamed: Black Hills 1,38,119.977452228766111,758.978720163222874,
-1,1,1288,Marsh,13.845817000000000,Curr,Hist salmon,10332,926.091341611523831,,10332,111846.634780773121747,175346973.513960331678391,Cloquallum Creek,37,3430.440786544372713,138364.911390201828908,
-1,1,1289,Marsh,23.465002999999999,Hist,Hist salmon,11889,0.000000000000000,,11889,222380.125267685507424,776523555.048679113388062,Satsop River,40,4121.205768712685312,234487.304166689893464,
-1,1,1290,Pond,0.317337000000000,Curr,Hist no salmon,13002,20.518835675489552,7760,13002,222380.125267685507424,776523555.048679113388062,Satsop River,40,341.662466482512457,3171.142469110189722,
-1,1,1291,Pond,0.028424000000000,Curr,Hist no salmon,13102,31.232604423332859,,13102,222380.125267685507424,776523555.048679113388062,Satsop River,40,64.490021646684895,284.039996481228400,
-1,1,1292,Marsh,3.815100000000000,Hist,Hist salmon,15638,803.676271413250333,,15638,222380.125267685507424,776523555.048679113388062,Satsop River,40,1162.848429240090809,38122.241746904539468,
-1,1,1293,Pond,0.286079000000000,Both,Hist salmon,3698,757.290105137185378,,3698,76524.840528758461005,151273081.305056989192963,Elk Creek,3,258.232002884876181,2859.039917426418015,
-1,1,1294,Pond,0.787871000000000,Both,Hist salmon,3698,624.994335562782453,,3698,76524.840528758461005,151273081.305056989192963,Elk Creek,3,424.934739627665635,7873.910956808819719,
-1,1,1295,Pond,0.137359000000000,Curr,Hist salmon,8936,0.000000000000000,,8936,72380.641822059013066,39697893.786662034690380,Mainstem: Lower Chehalis 6,62,180.705459598019758,1372.689356401142504,Yes
-1,1,1296,Marsh,0.412743000000000,Both,Hist no salmon,12815,365.663370113760379,,12815,222380.125267685507424,776523555.048679113388062,Satsop River,40,236.878875498620800,4124.530887305122633,
-1,1,1297,Marsh,4.252276000000000,Curr,Hist salmon,13629,79.379177219252824,,13629,222380.125267685507424,776523555.048679113388062,Satsop River,40,824.901984828677882,42492.384796683385503,
-1,1,1298,Marsh,0.228566000000000,Hist,Hist salmon,13696,0.000000000000000,,13696,222380.125267685507424,776523555.048679113388062,Satsop River,40,351.087106663974510,2284.007716978579083,
-1,1,1299,Marsh,2.487503000000000,Hist,Hist salmon,19996,0.000000000000000,,19996,52529.756095652686781,68590327.366781875491142,Rock Creek (Lower Chehalis),28,921.712658206509104,24859.246933612448629,
-1,2,1300,Pond,0.273019000000000,Curr,Hist salmon,8937,646.632368579430818,,8937,19040.385753857462987,3094903.244237953331321,Unnamed: Black Hills 2,35,195.572392256506930,2728.386712363967035,Yes
-1,1,1301,Marsh,0.933255000000000,Curr,Hist salmon,11026,228.447644190584839,,11026,111846.634780773121747,175346973.513960331678391,Cloquallum Creek,37,420.457074669217718,9326.102398559789435,
-1,1,1302,Marsh,0.910341000000000,Hist,Hist salmon,11906,0.000000000000000,,11906,222380.125267685507424,776523555.048679113388062,Satsop River,40,505.611153105828805,9097.038580324635404,
-1,1,1303,Marsh,4.405638000000000,Hist,Hist no salmon,12377,21.767476056981057,,12377,222380.125267685507424,776523555.048679113388062,Satsop River,40,825.513167389857813,44025.315611228288617,
-1,1,1304,Marsh,2.702732000000000,Hist,Hist salmon,13120,381.004686002689652,,13120,222380.125267685507424,776523555.048679113388062,Satsop River,40,667.850231527438723,27008.052310508803203,
-1,1,1305,Marsh,4.690052000000000,Curr,Hist salmon,13116,317.690210509643350,,13116,222380.125267685507424,776523555.048679113388062,Satsop River,40,1172.263338828186079,46867.300518408621429,
-1,1,1306,Marsh,14.238951000000000,Curr,Hist salmon,13658,0.000000000000000,,13658,222380.125267685507424,776523555.048679113388062,Satsop River,40,5866.225274378899485,142285.269004729314474,
-1,1,1307,Marsh,0.356304000000000,Hist,Hist no salmon,13677,558.811618390127592,,13677,222380.125267685507424,776523555.048679113388062,Satsop River,40,239.230412702224243,3560.402243464580351,
-1,1,1308,Marsh,0.428634000000000,Curr,Hist salmon,13414,558.422156706397800,,13414,222380.125267685507424,776523555.048679113388062,Satsop River,40,321.389483254563913,4283.231542104212167,
-1,1,1309,Marsh,1.138687000000000,Hist,Hist salmon,13414,97.118832088234456,,13414,222380.125267685507424,776523555.048679113388062,Satsop River,40,498.767071001732802,11378.624196800634309,
-1,1,1310,Marsh,0.274808000000000,Curr,Hist no salmon,13654,633.587298468265772,,13654,222380.125267685507424,776523555.048679113388062,Satsop River,40,210.535553441995347,2746.079227016139157,
-1,1,1311,Marsh,0.433693000000000,Curr,Hist salmon,13660,330.655612275414740,,13660,222380.125267685507424,776523555.048679113388062,Satsop River,40,271.122539694237048,4333.764766381089430,
-1,1,1312,Marsh,2.551334000000000,Curr,Hist no salmon,13655,519.348946447850835,,13655,222380.125267685507424,776523555.048679113388062,Satsop River,40,940.328395607517677,25494.766208230565098,
-1,1,1313,Marsh,0.393650000000000,Curr,Hist salmon,13660,431.743379161763301,,13660,222380.125267685507424,776523555.048679113388062,Satsop River,40,274.326634055041893,3933.630468022771765,
-1,1,1314,Marsh,0.418205000000000,Curr,Hist salmon,13664,361.924493795233275,,13664,222380.125267685507424,776523555.048679113388062,Satsop River,40,233.055496238316522,4178.989213606814701,
-1,1,1315,Marsh,1.751119000000000,Curr,Hist salmon,13673,73.044086149057193,,13673,222380.125267685507424,776523555.048679113388062,Satsop River,40,737.939420455374034,17498.271560317451076,
-1,1,1316,Marsh,0.331585000000000,Curr,Hist salmon,13672,452.266684150093283,,13672,222380.125267685507424,776523555.048679113388062,Satsop River,40,217.598011170781291,3313.402337961635567,
-1,1,1317,Marsh,0.576981000000000,Curr,Hist salmon,13672,559.070995880504938,,13672,222380.125267685507424,776523555.048679113388062,Satsop River,40,273.434700512913366,5765.563441588909882,
-1,1,1318,Marsh,22.713490000000000,Curr,Hist salmon,13671,0.000000000000000,,13671,222380.125267685507424,776523555.048679113388062,Satsop River,40,4230.949603140566069,226967.022128529788461,
-1,1,1319,Marsh,0.436502000000000,Hist,Hist salmon,13679,95.585930770553816,,13679,222380.125267685507424,776523555.048679113388062,Satsop River,40,387.025421255434082,4361.782891259435928,
-1,1,1320,Marsh,0.329243000000000,Curr,Hist salmon,11917,0.000000000000000,,11917,222380.125267685507424,776523555.048679113388062,Satsop River,40,216.787437318530920,3290.121482503581774,
-1,1,1321,Marsh,0.252396000000000,Curr,Hist no salmon,13378,255.966493475525198,,13378,222380.125267685507424,776523555.048679113388062,Satsop River,40,192.087383984507596,2522.142980654973144,
-1,1,1322,Marsh,0.261596000000000,Hist,Hist no salmon,13414,630.416373835979471,,13414,222380.125267685507424,776523555.048679113388062,Satsop River,40,205.149427415756435,2614.064404722309519,
-1,1,1323,Marsh,4.417409000000000,Hist,Hist no salmon,14101,921.502007383329214,,14101,222380.125267685507424,776523555.048679113388062,Satsop River,40,1048.861169211899778,44141.704368125232577,
-1,1,1324,Pond,0.076671000000000,Curr,Hist salmon,16345,0.000000000000000,,16345,222380.125267685507424,776523555.048679113388062,Satsop River,40,101.188115071288095,766.122752463727238,
-1,1,1325,Marsh,0.073469000000000,Both,Hist salmon,20868,68.729537180139005,,20868,87582.837988347251667,164879927.806114047765732,Upper Chehalis: Above Proposed Dam,1,115.969325304599039,734.237161920331687,
-1,1,1326,Marsh,0.016019000000000,Both,Hist salmon,20868,147.915107333666242,,20868,87582.837988347251667,164879927.806114047765732,Upper Chehalis: Above Proposed Dam,1,54.310982423957157,160.090662484564433,
-1,1,1327,Marsh,0.033533000000000,Both,Hist salmon,20859,58.680061506486481,,20859,87582.837988347251667,164879927.806114047765732,Upper Chehalis: Above Proposed Dam,1,72.183326800811756,335.118718647131857,
-1,1,1328,Pond,0.168874000000000,Curr,Hist salmon,20603,0.000000000000000,,20603,55554.058267856235034,72106875.751249000430107,Garrard Creek,25,189.088019193936788,1687.678851450237289,
-1,1,1329,Marsh,0.265135000000000,Hist,Hist salmon,7422,49.510057658164776,,7422,72380.641822059013066,39697893.786662034690380,Mainstem: Lower Chehalis 6,62,310.282750958183726,2649.624135738047244,
-1,1,1330,Marsh,0.385914000000000,Both,Hist salmon,10520,0.000000000000000,,10520,111846.634780773121747,175346973.513960331678391,Cloquallum Creek,37,357.074533793176954,3856.504945186365148,
-1,1,1331,Marsh,0.050669000000000,Both,Hist salmon,10518,0.000000000000000,,10518,111846.634780773121747,175346973.513960331678391,Cloquallum Creek,37,87.268333063590845,506.346435112548306,
-1,1,1332,Marsh,0.591623000000000,Curr,Hist salmon,12991,650.482836616907548,,12991,111846.634780773121747,175346973.513960331678391,Cloquallum Creek,37,297.671965616424188,5912.024517937771634,
-1,1,1333,Marsh,1.011844000000000,Curr,Hist no salmon,12991,831.968171262507212,,12991,111846.634780773121747,175346973.513960331678391,Cloquallum Creek,37,436.419369404070210,10111.229475538157203,
-1,1,1334,Marsh,3.009216000000000,Hist,Hist no salmon,12995,881.078936997154528,,12995,111846.634780773121747,175346973.513960331678391,Cloquallum Creek,37,746.046290610637698,30070.715860555414110,
-1,1,1335,Marsh,5.801579000000000,Hist,Hist no salmon,13989,141.747649153190679,,13989,222380.125267685507424,776523555.048679113388062,Satsop River,40,1502.543923435416673,57973.849424749649188,
-1,1,1336,Marsh,2.369728000000000,Hist,Hist no salmon,13899,120.993933394200297,,13899,222380.125267685507424,776523555.048679113388062,Satsop River,40,1096.086439922378304,23680.136643199577520,
-1,1,1337,Marsh,0.681704000000000,Hist,Hist no salmon,13901,147.362235049399004,,13901,222380.125267685507424,776523555.048679113388062,Satsop River,40,312.014514275979764,6812.107866230070613,
-1,1,1338,Marsh,1.525526000000000,Hist,Hist no salmon,13905,313.418521375958903,,13905,222380.125267685507424,776523555.048679113388062,Satsop River,40,643.013585437430493,15244.244915098754063,
-1,1,1339,Pond,5.379800000000000,Hist,Hist no salmon,22731,1395.357224012557026,,22731,222380.125267685507424,776523555.048679113388062,Satsop River,40,1142.563257303913133,53758.186096431039914,
-1,1,1340,Marsh,0.525949000000000,Hist,Hist no salmon,22729,760.665091059088354,,22729,222380.125267685507424,776523555.048679113388062,Satsop River,40,329.783536531841435,5255.616037523196610,
-1,1,1341,Marsh,0.151673000000000,Hist,Hist no salmon,14981,278.672629003046325,,14981,222380.125267685507424,776523555.048679113388062,Satsop River,40,151.810485087412587,1515.590219657129410,
-1,1,1342,Marsh,0.104936000000000,Both,Hist salmon,1961,244.834606358627468,,1961,118289.321295402623946,126156469.879530921578407,Upper Chehalis: Proposed Dam to Elk Creek,2,131.561734121140944,1048.714879278425315,
-1,1,1343,Marsh,0.113172000000000,Hist,Hist salmon,5494,400.049048334058966,,5494,55554.058267856235034,72106875.751249000430107,Garrard Creek,25,139.780730096321435,1130.999077239920553,
-1,1,1344,Marsh,0.058176000000000,Hist,Hist no salmon,6632,769.340689478579520,,6632,34889.509330777720606,17144842.197271723300219,Unnamed: Central Lowlands 4,27,94.908398725644474,581.388786890482265,
-1,1,1345,Marsh,0.067305000000000,Hist,Hist salmon,7458,233.673116158276883,,7458,67829.617527592563420,102901766.598401084542274,Porter Creek,32,100.724004090797109,672.613882332970775,
-1,1,1346,Marsh,3.382581000000000,Both,Hist salmon,11229,0.000000000000000,,11229,111846.634780773121747,175346973.513960331678391,Cloquallum Creek,37,1196.850464970523717,33802.438715310745465,
-1,1,1347,Marsh,2.843894000000000,Hist,Hist no salmon,13910,890.643676073725146,,13910,222380.125267685507424,776523555.048679113388062,Satsop River,40,932.074318270998901,28418.431478190050257,
-1,1,1348,Marsh,23.522306000000000,Curr,Hist salmon,13910,402.263033237787340,,13910,222380.125267685507424,776523555.048679113388062,Satsop River,40,3664.587883306036474,235052.965947282878915,
-1,1,1349,Marsh,0.487239000000000,Hist,Hist no salmon,13914,195.971976614392560,,13914,222380.125267685507424,776523555.048679113388062,Satsop River,40,333.486035888355730,4868.849721080370728,
-1,1,1350,Pond,0.054904000000000,Curr,Hist salmon,14984,1516.263538010738557,,14984,222380.125267685507424,776523555.048679113388062,Satsop River,40,89.206983710984389,548.624922762483266,
-1,1,1351,Marsh,0.053230000000000,Both,Hist salmon,147,597.334907145634475,,147,87582.837988347251667,164879927.806114047765732,Upper Chehalis: Above Proposed Dam,1,104.988542814745131,531.960929296499557,
-1,1,1352,Marsh,0.298660000000000,Hist,Hist salmon,5838,0.000000000000000,,5838,34889.509330777720606,17144842.197271723300219,Unnamed: Central Lowlands 4,27,211.778669890652083,2984.703388129616997,
-1,1,1353,Marsh,0.819070000000000,Hist,Hist salmon,5837,1197.152142019267330,,5837,34889.509330777720606,17144842.197271723300219,Unnamed: Central Lowlands 4,27,337.406206227462917,8185.471850648030340,
-1,1,1354,Marsh,0.131829000000000,Both,Hist no salmon,11401,184.709739996914777,,11401,111846.634780773121747,175346973.513960331678391,Cloquallum Creek,37,186.863342781571646,1317.378258598550474,
-1,1,1355,Marsh,0.111908000000000,Both,Hist no salmon,11401,272.102975752270993,,11401,111846.634780773121747,175346973.513960331678391,Cloquallum Creek,37,167.815454118991738,1118.305945119403077,
-1,1,1356,Marsh,2.271390000000000,Curr,Hist no salmon,13910,193.755602682287645,,13910,222380.125267685507424,776523555.048679113388062,Satsop River,40,968.351955408272374,22697.418542592105950,
-1,1,1357,Marsh,2.486594000000000,Curr,Hist no salmon,13922,811.082089317648524,,13922,222380.125267685507424,776523555.048679113388062,Satsop River,40,739.571366756667885,24847.780443948315224,
-1,1,1358,Marsh,19.442447999999999,Curr,Hist salmon,13922,540.227055457415418,,13922,222380.125267685507424,776523555.048679113388062,Satsop River,40,2649.443669381839300,194282.098795864905696,
-1,1,1359,Marsh,1.068457000000000,Curr,Hist no salmon,14684,601.341559477308920,,14684,222380.125267685507424,776523555.048679113388062,Satsop River,40,405.537036299069825,10676.695992398939779,
-1,1,1360,Pond,0.120113000000000,Curr,Hist salmon,4692,0.000000000000000,,4692,90912.708609555149451,112473867.070502221584320,Lincoln Creek,19,172.676942393518715,1200.376176382813583,
-1,1,1361,Pond,0.134745000000000,Hist,Hist salmon,20579,922.220994965765385,,20579,98751.225704972457606,77067740.308363378047943,Unnamed: Central Lowlands 6,20,158.014264125904958,1346.606034382315784,
-1,1,1362,Marsh,4.962081000000000,Hist,Hist salmon,6435,334.672057785636866,,6435,70790.401097194917384,102524081.591505512595177,Cedar Creek,29,1072.612008719487903,49588.905057265656069,
-1,1,1363,Marsh,2.661845000000000,Hist,Hist salmon,8801,0.000000000000000,,8801,64500.793559666235524,70730227.349633023142815,Mox Chehalis Creek,34,1123.086691733609541,26600.288162575827300,
-1,1,1364,Marsh,1.881122000000000,Hist,Hist no salmon,8805,250.554059024738081,,8805,64500.793559666235524,70730227.349633023142815,Mox Chehalis Creek,34,520.472344797759774,18798.350044806440565,
-1,1,1365,Pond,0.766308000000000,Hist,Hist salmon,12495,0.000000000000000,,12495,111846.634780773121747,175346973.513960331678391,Cloquallum Creek,37,574.473011127625568,7657.625105075792817,
-1,1,1366,Marsh,0.046036000000000,Curr,Hist salmon,12501,729.829829965310296,,12501,111846.634780773121747,175346973.513960331678391,Cloquallum Creek,37,80.555923616855594,460.026433569841913,
-1,1,1367,Marsh,13.114127000000000,Curr,Hist salmon,14698,0.000000000000000,,14698,222380.125267685507424,776523555.048679113388062,Satsop River,40,2437.098949419904784,131043.902159750738065,
-1,1,1368,Pond,0.947594000000000,Hist,Hist no salmon,2619,971.680466837882818,,2619,48209.614123100487632,34704709.802221670746803,Unnamed: Willapa Hills 3,4,487.205942651851558,9470.049955469356064,
-1,1,1369,Pond,0.302354000000000,Curr,Hist salmon,5870,482.834711696110958,,5870,38521.396498919821170,15187066.736874151974916,Mainstem: Lower Chehalis 4,60,312.177717909565729,3021.614869756047938,Yes
-1,1,1370,Pond,0.088910000000000,Curr,Hist no salmon,8365,2291.932765784148614,,8365,67829.617527592563420,102901766.598401084542274,Porter Creek,32,111.810962585140899,888.513481927197176,
-1,1,1371,Marsh,1.222588000000000,Hist,Hist no salmon,8365,877.950480313981870,,8365,67829.617527592563420,102901766.598401084542274,Porter Creek,32,561.946358123961318,12217.769561120214348,
-1,1,1372,Marsh,0.451446000000000,Hist,Hist no salmon,12798,101.240977640167841,,12798,111846.634780773121747,175346973.513960331678391,Cloquallum Creek,37,269.496604966557470,4511.207650921492132,
-1,1,1373,Marsh,0.882284000000000,Both,Hist salmon,20691,0.000000000000000,,20691,65306.643175367535150,54983150.600972734391689,Unnamed: Willapa Hills 2,6,504.117035770307155,8817.331567183040534,
-1,1,1374,Marsh,0.720859000000000,Hist,Hist salmon,19480,0.000000000000000,,19480,72962.203844451025361,93771104.135443136096001,Bunker Creek,10,491.824913808791393,7204.071541734018865,
-1,2,1375,Pond,3.796440000000000,Hist,Hist salmon,5696,112.802227787882615,,5696,159862.665859964530682,364384257.434201776981354,Black River,23,2205.787655742070456,37940.155700730785611,Yes
-1,1,1376,Marsh,1.429371000000000,Curr,Hist salmon,10393,0.004206701401309,,10393,64500.793559666235524,70730227.349633023142815,Mox Chehalis Creek,34,730.590422080137046,14283.849194565260404,
-1,1,1377,Marsh,11.102876000000000,Both,Hist salmon,5716,19.105791086875744,,5716,159862.665859964530682,364384257.434201776981354,Black River,23,4534.835645135271079,110957.585589585505659,Yes
-1,1,1378,Pond,0.142382000000000,Curr,Hist no salmon,7341,1262.183735206413530,,7341,70790.401097194917384,102524081.591505512595177,Cedar Creek,29,151.930818649786090,1422.877602248448056,
-1,1,1379,Marsh,1.669916000000000,Curr,Hist salmon,5680,281.157610803506088,,5680,159862.665859964530682,364384257.434201776981354,Black River,23,1235.016362247587949,16688.475038453118032,Yes
-1,1,1380,Marsh,0.895587000000000,Hist,Hist salmon,19477,114.860140731058792,,19477,72962.203844451025361,93771104.135443136096001,Bunker Creek,10,415.354024115347556,8950.220209858638555,
-1,1,1381,Marsh,1.112773000000000,Hist,Hist salmon,19475,0.000000000000000,,19475,72962.203844451025361,93771104.135443136096001,Bunker Creek,10,545.251305155215391,11120.703503629278202,
-1,1,1382,Marsh,0.546602000000000,Hist,Hist salmon,8656,1320.593133950094398,,8656,67829.617527592563420,102901766.598401084542274,Porter Creek,32,315.373576277638392,5462.292529914539955,
-1,1,1383,Marsh,0.253939000000000,Curr,Hist no salmon,2013,289.496941370535183,,2013,128713.250162538577570,324568132.476597189903259,South Fork Chehalis,5,218.132252297947758,2537.800739283200983,
-1,1,1384,Pond,0.010630000000000,Curr,Hist no salmon,5753,440.007498958648966,,5753,159862.665859964530682,364384257.434201776981354,Black River,23,39.589449686914499,106.231905856260937,
-1,1,1385,Pond,0.012266000000000,Curr,Hist no salmon,5753,383.994877155758445,,5753,159862.665859964530682,364384257.434201776981354,Black River,23,41.423161053573104,122.584399980673794,
-1,1,1386,Pond,0.010740000000000,Curr,Hist no salmon,5753,401.276627139601317,,5753,159862.665859964530682,364384257.434201776981354,Black River,23,39.786224871114193,107.328871815350851,
-1,1,1387,Pond,0.010038000000000,Curr,Hist no salmon,5753,474.682168979693188,,5753,159862.665859964530682,364384257.434201776981354,Black River,23,38.574780234524454,100.316761282387176,
-1,1,1388,Pond,0.931983000000000,Curr,Hist salmon,5767,104.542525721909016,,5767,159862.665859964530682,364384257.434201776981354,Black River,23,391.459669925349544,9313.801284915689394,
-1,1,1389,Pond,0.035916000000000,Curr,Hist no salmon,19212,391.236657661973311,,19212,159862.665859964530682,364384257.434201776981354,Black River,23,71.219635171370783,358.923596624075685,
-1,1,1390,Pond,0.555760000000000,Hist,Hist salmon,19292,914.068799692809989,,19292,159862.665859964530682,364384257.434201776981354,Black River,23,280.048702707883763,5553.969381056626844,
-1,1,1391,Marsh,0.524774000000000,Hist,Hist salmon,8584,1632.334250335519073,,8584,67829.617527592563420,102901766.598401084542274,Porter Creek,32,370.224179089451184,5244.170861932801017,
-1,1,1392,Marsh,0.556446000000000,Hist,Hist salmon,1676,26.853082391707375,2571,1676,128713.250162538577570,324568132.476597189903259,South Fork Chehalis,5,590.265477794411936,5560.969753936524285,Yes
-1,1,1393,Pond,0.082229000000000,Both,Hist no salmon,2302,706.126407053693015,,2302,128713.250162538577570,324568132.476597189903259,South Fork Chehalis,5,106.177502916811804,821.777049921196294,
-1,1,1394,Marsh,2.329593000000000,Hist,Hist salmon,3748,31.475447935384391,,3748,72962.203844451025361,93771104.135443136096001,Bunker Creek,10,778.695626781761121,23281.280479143319099,
-1,1,1395,Marsh,0.104713000000000,Hist,Hist salmon,4260,0.000000000000000,,4260,72962.203844451025361,93771104.135443136096001,Bunker Creek,10,143.402817782901451,1046.465237756565784,
-1,1,1396,Marsh,2.289724000000000,Hist,Hist salmon,1775,80.139252549136827,,1775,128713.250162538577570,324568132.476597189903259,South Fork Chehalis,5,878.108766772853414,22882.859750387346139,
-1,1,1397,Pond,0.035597000000000,Both,Hist no salmon,20486,746.265528101069776,,20486,34108.605140610685339,18818520.316444125026464,Unnamed: Willapa Hills 4,8,68.716027221354921,355.747232577568752,
-1,1,1398,Pond,0.008172000000000,Curr,Hist no salmon,19218,449.836574318925159,,19218,159862.665859964530682,364384257.434201776981354,Black River,23,35.175626961152155,81.668373772792691,
-1,1,1399,Pond,0.007132000000000,Curr,Hist no salmon,19218,460.939855481152904,,19218,159862.665859964530682,364384257.434201776981354,Black River,23,33.156315547642066,71.269672657295615,
-1,1,1400,Pond,0.009628000000000,Curr,Hist no salmon,19218,425.033287187551991,,19218,159862.665859964530682,364384257.434201776981354,Black River,23,38.238428078104349,96.219763708087527,
-1,1,1401,Marsh,0.256074000000000,Curr,Hist salmon,6314,0.000000000000000,,6314,159862.665859964530682,364384257.434201776981354,Black River,23,217.661601070037051,2559.055833496955074,
-1,1,1402,Pond,0.111148000000000,Hist,Hist no salmon,5343,337.431368528089990,,5343,40239.034924584579130,15952808.948135545477271,Mainstem: Lower Chehalis 2,58,126.372849346465273,1110.769613755324826,
-1,1,1403,Pond,0.243781000000000,Curr,Hist salmon,4581,537.963063261766365,,4581,90912.708609555149451,112473867.070502221584320,Lincoln Creek,19,203.776019273757100,2436.259279107403017,
-1,1,1404,Pond,1.179859000000000,Curr,Hist no salmon,19239,810.684993281698212,,19239,159862.665859964530682,364384257.434201776981354,Black River,23,439.279100585611957,11790.906567409963827,
-1,2,1405,Pond,1.078850000000000,Hist,Hist salmon,22599,9.100207051330260,,22599,59313.456616296323773,20382099.438309937715530,Mainstem: Middle Chehalis 2,55,950.130568180075102,10781.708946735370773,
-1,1,1406,Marsh,0.276624000000000,Curr,Hist no salmon,6913,731.207459740006925,,6913,159862.665859964530682,364384257.434201776981354,Black River,23,241.580592339905166,2764.402553407612231,
-1,1,1407,Pond,4.322512000000000,Hist,Hist no salmon,7637,430.803370612621393,,7637,159862.665859964530682,364384257.434201776981354,Black River,23,1171.204018977563919,43196.248544016423693,
-1,1,1408,Marsh,0.369966000000000,Curr,Hist salmon,7642,907.716055048898397,,7642,159862.665859964530682,364384257.434201776981354,Black River,23,262.539443679013004,3697.182569270663407,
-1,1,1409,Marsh,0.054160000000000,Hist,Hist salmon,4044,0.000000000000000,,4044,33658.170172136567999,13036252.537259833887219,Unnamed: Central Lowlands 8,14,98.306518159658665,541.259272099850477,
-1,1,1410,Marsh,3.505160000000000,Hist,Hist salmon,1852,0.000000000000000,,1852,59791.565918335734750,95616163.941657066345215,Stearns Creek,9,940.454176491693829,35029.544224439763639,
-1,1,1411,Pond,0.185782000000000,Curr,Hist salmon,19370,73.018615976138605,,19370,30557.096101777366130,15401248.625216420739889,Unnamed: Central Lowlands 7,17,195.439669306232076,1856.641147899563975,
-1,1,1412,Marsh,0.532740000000000,Curr,Hist no salmon,6116,628.062572112558769,,6116,159862.665859964530682,364384257.434201776981354,Black River,23,289.001289390767454,5323.929374196184654,
-1,1,1413,Pond,2.623384000000000,Hist,Hist salmon,19271,842.236594643046828,,19271,159862.665859964530682,364384257.434201776981354,Black River,23,794.348796743635603,26216.625448150156444,
-1,1,1414,Pond,0.429260000000000,Hist,Hist salmon,5213,316.055425152351347,,5213,64116.909780659618264,34581500.544033728539944,Unnamed: Black River 1,21,304.395959011519665,4289.840932306417926,
-1,1,1415,Marsh,0.230035000000000,Curr,Hist no salmon,6750,1018.468914076790384,,6750,159862.665859964530682,364384257.434201776981354,Black River,23,218.253125377082256,2298.825652734582491,
-1,1,1416,Marsh,11.063300000000000,Hist,Hist salmon,7323,0.000000000000000,,7323,159862.665859964530682,364384257.434201776981354,Black River,23,1664.338068985366363,110559.091362694234704,
-1,2,1417,Pond,29.488309000000001,Curr,Hist no salmon,4748,1236.846392655776981,,4748,64116.909780659618264,34581500.544033728539944,Unnamed: Black River 1,21,4911.456073920317067,294695.207552471954841,
-1,1,1418,Marsh,0.436720000000000,Curr,Hist salmon,1235,0.000000000000000,,1235,59791.565918335734750,95616163.941657066345215,Stearns Creek,9,315.253567034079765,4364.444927065215779,
-1,1,1419,Marsh,10.881392000000000,Hist,Hist salmon,3856,0.000000000000000,,3856,49339.273498255643062,17306234.431499805301428,Mainstem: Middle Chehalis 3,56,2584.224855006818416,108745.300790073888493,Yes
-1,1,1420,Pond,1.554195000000000,Curr,Hist no salmon,20342,135.117468480039889,,20342,138406.144823040289339,318898089.190657675266266,Skookumchuck River,18,620.061132037379480,15532.069548517349176,Yes
-1,1,1421,Marsh,0.319607000000000,Curr,Hist salmon,19354,140.263315226750024,,19354,64116.909780659618264,34581500.544033728539944,Unnamed: Black River 1,21,242.048954475264452,3194.020191138615701,
-1,1,1422,Pond,0.913719000000000,Hist,Hist no salmon,6384,969.425063111265331,,6384,106638.473340230484609,103623513.334606394171715,Scatter Creek,22,362.046239089603262,9131.231620874066721,
-1,1,1423,Pond,0.217165000000000,Hist,Hist no salmon,6591,1012.812611420017106,,6591,159862.665859964530682,364384257.434201776981354,Black River,23,186.756999526717522,2170.230111306776507,
-1,1,1424,Marsh,0.353237000000000,Curr,Hist no salmon,6383,1168.984760586499533,,6383,159862.665859964530682,364384257.434201776981354,Black River,23,255.635999419735157,3530.056916682828160,
-1,1,1425,Marsh,0.059962000000000,Curr,Hist salmon,7266,659.619170221180411,,7266,159862.665859964530682,364384257.434201776981354,Black River,23,104.829224342157545,599.215073003268685,
-1,1,1426,Marsh,0.059443000000000,Both,Hist salmon,8321,47.032998320536777,,8321,159862.665859964530682,364384257.434201776981354,Black River,23,117.234966117557377,594.025302423387075,
-1,1,1427,Marsh,9.484968000000000,Curr,Hist salmon,8327,189.914436052172874,,8327,159862.665859964530682,364384257.434201776981354,Black River,23,1315.347778893918303,94785.416340437994222,
-1,1,1428,Marsh,0.207528000000000,Both,Hist no salmon,19310,485.710374081730151,,19310,159862.665859964530682,364384257.434201776981354,Black River,23,247.786501807991272,2073.860868423929332,
-1,1,1429,Marsh,0.239515000000000,Curr,Hist salmon,1710,82.412675347293813,,1710,59791.565918335734750,95616163.941657066345215,Stearns Creek,9,202.452069960764391,2393.645998239571327,
-1,2,1430,Pond,0.323338000000000,Hist,Curr degradeH,3867,140.591188281324008,,3867,50132.307652337098261,42180804.244348973035812,Unnamed: Cascade Mountains 2,13,235.788167903561430,3231.343732261691002,
-1,1,1431,Marsh,0.523359000000000,Curr,Hist salmon,4310,148.397986003549562,,4310,49339.273498255643062,17306234.431499805301428,Mainstem: Middle Chehalis 3,56,281.387342279892380,5230.272948604871999,Yes
-1,1,1432,Marsh,5.810019000000000,Hist,Hist salmon,6378,29.431075438557933,,6378,159862.665859964530682,364384257.434201776981354,Black River,23,1303.410236730973793,58062.173029542951554,
-1,1,1433,Marsh,0.328368000000000,Hist,Hist salmon,1638,0.000000000000000,,1638,59791.565918335734750,95616163.941657066345215,Stearns Creek,9,214.905123487432519,3281.619783558181098,
-1,1,1434,Pond,2.929589000000000,Curr,Hist no salmon,6384,468.524521497447836,,6384,159862.665859964530682,364384257.434201776981354,Black River,23,926.670278036839363,29276.802047390588996,
-1,1,1435,Marsh,1.355693000000000,Hist,Hist no salmon,6384,826.110848503888178,,6384,106638.473340230484609,103623513.334606394171715,Scatter Creek,22,550.391057073533943,13548.094381201663055,
-1,1,1436,Marsh,0.234170000000000,Both,Hist salmon,7175,497.994869189907149,,7175,159862.665859964530682,364384257.434201776981354,Black River,23,287.294276008440193,2340.139225926321615,
-1,1,1437,Marsh,0.053918000000000,Curr,Hist salmon,1646,0.000000000000000,,1646,59791.565918335734750,95616163.941657066345215,Stearns Creek,9,85.839800343691422,538.843322474033812,
-1,1,1438,Pond,0.288101000000000,Curr,Hist salmon,1886,579.877931585549277,,1886,151813.484517717675772,406226339.697148263454437,Newaukum River,12,231.422283050985783,2879.199455031020079,
-1,1,1439,Pond,0.060454000000000,Curr,Hist salmon,18074,149.656869315520851,,18074,138406.144823040289339,318898089.190657675266266,Skookumchuck River,18,91.225886131806035,604.157255331920624,
-1,1,1440,Marsh,4.775595000000000,Curr,Hist no salmon,6376,1866.144856954674196,,6376,159862.665859964530682,364384257.434201776981354,Black River,23,1102.789138134301311,47724.851389443676453,
-1,1,1441,Marsh,1.533961000000000,Curr,Hist salmon,6373,1002.371955827778152,,6373,159862.665859964530682,364384257.434201776981354,Black River,23,649.485031093734278,15329.594639788510904,
-1,1,1442,Marsh,1.826515000000000,Hist,Hist no salmon,23011,859.241990652567324,,23011,159862.665859964530682,364384257.434201776981354,Black River,23,816.387170550073392,18253.218751871740096,
-1,1,1443,Marsh,6.554945000000000,Curr,Hist salmon,6782,73.559904813714937,,6782,159862.665859964530682,364384257.434201776981354,Black River,23,985.107894089117053,65506.169882442081871,
-1,1,1444,Marsh,0.687611000000000,Both,Hist salmon,6782,67.731041696905336,,6782,159862.665859964530682,364384257.434201776981354,Black River,23,373.038368273523474,6871.571026918159077,
-1,1,1445,Lake,25.406910000000000,Curr,Hist salmon,6782,0.000000000000000,,6782,159862.665859964530682,364384257.434201776981354,Black River,23,2261.055346929661482,253901.498627551831305,
-1,1,1446,Marsh,0.084581000000000,Curr,Hist salmon,7179,338.969808915701549,,7179,159862.665859964530682,364384257.434201776981354,Black River,23,139.585677284663433,845.248914894401423,
-1,1,1447,Pond,0.332890000000000,Curr,Hist no salmon,7297,2679.298823630949300,,7297,159862.665859964530682,364384257.434201776981354,Black River,23,301.539355946448211,3326.659821169743282,
-1,1,1448,Pond,0.058711000000000,Curr,Hist no salmon,23013,2221.847177968154028,,23013,106638.473340230484609,103623513.334606394171715,Scatter Creek,22,92.078895521075523,586.733452337271387,
-1,1,1449,Pond,0.573773000000000,Hist,Hist salmon,23011,304.155669503216188,,23011,159862.665859964530682,364384257.434201776981354,Black River,23,457.658262480194253,5733.975955836857793,
-1,1,1450,Marsh,2.420521000000000,Curr,Hist salmon,23013,203.441150558178776,,23013,159862.665859964530682,364384257.434201776981354,Black River,23,674.249624859067012,24189.416708434728207,
-1,1,1451,Marsh,1.374425000000000,Curr,Hist salmon,23014,0.000000000000000,,23014,159862.665859964530682,364384257.434201776981354,Black River,23,561.649978665289723,13735.275381684110471,
-1,1,1452,Pond,2.384263000000000,Hist,Hist salmon,6787,710.164932012589020,,6787,159862.665859964530682,364384257.434201776981354,Black River,23,1225.849401306639038,23826.929607641588518,
-1,1,1453,Marsh,91.161951000000002,Curr,Hist salmon,7195,0.000000000000000,,7195,159862.665859964530682,364384257.434201776981354,Black River,23,10269.244171879807254,911017.812144777621143,
-1,1,1454,Pond,0.256105000000000,Curr,Hist no salmon,1521,140.556140624040523,,1521,151813.484517717675772,406226339.697148263454437,Newaukum River,12,224.750724005916055,2559.435531421140240,
-1,1,1455,Pond,0.038035000000000,Curr,Curr degrade,2379,349.931920148694303,,2379,151813.484517717675772,406226339.697148263454437,Newaukum River,12,113.183737663257176,380.115685339450351,Yes
-1,1,1456,Pond,0.152704000000000,Hist,Hist no salmon,3003,129.934605967412864,,3003,50132.307652337098261,42180804.244348973035812,Unnamed: Cascade Mountains 2,13,172.102935071180127,1526.084604490424681,
-1,1,1457,Marsh,0.053338000000000,Both,Hist salmon,7206,88.192739673742835,,7206,159862.665859964530682,364384257.434201776981354,Black River,23,86.702672339536960,533.023949557466381,
-1,2,1458,Pond,0.730695000000000,Curr,Hist no salmon,5462,1123.501466620229394,,5462,106638.473340230484609,103623513.334606394171715,Scatter Creek,22,613.116766552732997,7302.192754105313725,
-1,1,1459,Marsh,0.212899000000000,Hist,Hist no salmon,2319,505.020731369493205,,2319,151813.484517717675772,406226339.697148263454437,Newaukum River,12,189.872793708151960,2127.654763428110527,
-1,1,1460,Pond,0.603250000000000,Curr,Hist no salmon,18752,60.961443698187018,,18752,138406.144823040289339,318898089.190657675266266,Skookumchuck River,18,320.760806474078038,6028.663806560537523,
-1,1,1461,Pond,10.554468999999999,Curr,Hist no salmon,18408,37.484466569402031,,18408,138406.144823040289339,318898089.190657675266266,Skookumchuck River,18,1595.940674906787990,105477.498481951508438,
-1,1,1462,Pond,0.738103000000000,Curr,Hist no salmon,18758,339.536419923037897,,18758,138406.144823040289339,318898089.190657675266266,Skookumchuck River,18,335.416269226616123,7376.341863157400439,
-1,1,1463,Pond,96.451213999999993,Curr,Hist no salmon,18414,8.001497320470790,,18414,138406.144823040289339,318898089.190657675266266,Skookumchuck River,18,6093.289815939098844,963898.549122030381113,
-1,1,1464,Marsh,0.090701000000000,Hist,Hist no salmon,18112,1147.189359928683189,,18112,138406.144823040289339,318898089.190657675266266,Skookumchuck River,18,115.911282668667809,906.432153060352448,
-1,1,1465,Marsh,0.041116000000000,Hist,Hist no salmon,3024,0.000000000000000,,3024,50132.307652337098261,42180804.244348973035812,Unnamed: Cascade Mountains 2,13,77.681963026669393,410.903606031712627,
-1,1,1466,Pond,0.277457000000000,Curr,Hist no salmon,18845,807.446301954912542,,18845,138406.144823040289339,318898089.190657675266266,Skookumchuck River,18,227.953211434300755,2772.813024507082446,
-1,1,1467,Pond,6.189376000000000,Curr,Hist no salmon,18846,72.511280250801164,,18846,138406.144823040289339,318898089.190657675266266,Skookumchuck River,18,1123.449784819765910,61854.521726708051574,
-1,1,1468,Pond,0.142071000000000,Curr,Hist no salmon,6134,1004.477851837414505,,6134,159862.665859964530682,364384257.434201776981354,Black River,23,154.251458195198268,1419.781488528125919,
-1,1,1469,Marsh,0.059784000000000,Hist,Hist no salmon,2199,1167.845922724908178,,2199,151813.484517717675772,406226339.697148263454437,Newaukum River,12,93.910686792953967,597.470095324720319,
-1,1,1470,Marsh,0.084217000000000,Curr,Hist salmon,2975,0.000000000000000,,2975,50132.307652337098261,42180804.244348973035812,Unnamed: Cascade Mountains 2,13,106.708170384182210,841.637758762317276,
-1,1,1471,Pond,0.223984000000000,Curr,Hist no salmon,18789,237.271909369457092,,18789,138406.144823040289339,318898089.190657675266266,Skookumchuck River,18,194.465913769647614,2238.419668101797924,
-1,1,1472,Pond,6.644848000000000,Curr,Hist no salmon,18352,1213.374214301929442,,18352,138406.144823040289339,318898089.190657675266266,Skookumchuck River,18,1057.162410346071283,66406.240298628516030,
-1,1,1473,Pond,1.812410000000000,Hist,Hist salmon,18357,1309.560065686588359,,18357,138406.144823040289339,318898089.190657675266266,Skookumchuck River,18,704.906821599907630,18112.588453238280636,
-1,1,1474,Marsh,1.272231000000000,Curr,Hist salmon,6064,489.212335942138566,,6064,106638.473340230484609,103623513.334606394171715,Scatter Creek,22,461.549645212193070,12713.995261791700614,
-1,1,1475,Marsh,0.165723000000000,Curr,Hist salmon,1499,0.000000000000000,,1499,151813.484517717675772,406226339.697148263454437,Newaukum River,12,153.637111523449192,1656.199509215470698,
-1,1,1476,Pond,0.575684000000000,Curr,Hist no salmon,18466,25.431213007547118,,18466,138406.144823040289339,318898089.190657675266266,Skookumchuck River,18,288.340334171322240,5753.203239757740448,
-1,1,1477,Marsh,1.275001000000000,Hist,Hist salmon,5909,0.000000000000000,,5909,106638.473340230484609,103623513.334606394171715,Scatter Creek,22,578.332417904644444,12741.767178339845486,
-1,1,1478,Marsh,0.090174000000000,Hist,Hist no salmon,18770,499.099879106582137,,18770,138406.144823040289339,318898089.190657675266266,Skookumchuck River,18,133.238684414479764,901.171977999719161,
-1,1,1479,Pond,3.768358000000000,Curr,Hist salmon,18769,0.000000000000000,,18769,138406.144823040289339,318898089.190657675266266,Skookumchuck River,18,1390.175453899665854,37659.908480344958662,
-1,1,1480,Marsh,7.423201000000000,Hist,Hist salmon,23176,0.000000000000000,,23176,138406.144823040289339,318898089.190657675266266,Skookumchuck River,18,2582.248403536204023,74184.903283540261327,
-1,1,1481,Pond,43.806997000000003,Curr,Hist no salmon,23170,195.064701580855314,,23170,138406.144823040289339,318898089.190657675266266,Skookumchuck River,18,3838.132577178314932,437791.240763381007127,
-1,1,1482,Pond,0.722022000000000,Both,Hist salmon,2024,54.351589050349581,,2024,151813.484517717675772,406226339.697148263454437,Newaukum River,12,611.005216963976068,7215.722735877432569,
-1,1,1483,Marsh,18.478525000000001,Hist,Hist salmon,18927,0.000000000000000,,18927,138406.144823040289339,318898089.190657675266266,Skookumchuck River,18,2055.843793018947963,184668.009990116610425,
-1,1,1484,Pond,8.990826000000000,Curr,Hist no salmon,1261,0.000000000000000,,1261,151813.484517717675772,406226339.697148263454437,Newaukum River,12,1423.511540343856495,89852.667327470888267,
-1,1,1485,Marsh,0.866490000000000,Hist,Hist salmon,2049,0.000000000000000,,2049,151813.484517717675772,406226339.697148263454437,Newaukum River,12,373.861898682294111,8659.546097997166726,
-1,1,1486,Marsh,0.142331000000000,Hist,Hist salmon,2185,0.000000000000000,,2185,151813.484517717675772,406226339.697148263454437,Newaukum River,12,142.457629328876038,1422.427759963363769,
-1,1,1487,Marsh,6.469023000000000,Hist,Hist salmon,18956,0.000000000000000,,18956,138406.144823040289339,318898089.190657675266266,Skookumchuck River,18,1590.561767855852850,64649.001722811975924,
-1,1,1488,Pond,0.398441000000000,Hist,Hist salmon,18964,180.786160592726105,,18964,138406.144823040289339,318898089.190657675266266,Skookumchuck River,18,307.952858617444008,3981.861481557220031,
-1,1,1489,Marsh,0.524150000000000,Hist,Hist salmon,18491,207.775396512325386,,18491,138406.144823040289339,318898089.190657675266266,Skookumchuck River,18,298.449796325794978,5238.227687091366533,
-1,1,1490,Marsh,2.203782000000000,Hist,Hist salmon,1367,0.000000000000000,,1367,151813.484517717675772,406226339.697148263454437,Newaukum River,12,592.068089213180087,22024.295045042883430,
-1,1,1491,Marsh,3.373861000000000,Hist,Hist salmon,2072,0.000000000000000,,2072,151813.484517717675772,406226339.697148263454437,Newaukum River,12,1258.997272354786901,33717.896047660957265,
-1,1,1492,Pond,0.143907000000000,Hist,Hist salmon,2472,0.000000000000000,,2472,151813.484517717675772,406226339.697148263454437,Newaukum River,12,152.334731523392776,1438.189813135807981,
-1,1,1493,Marsh,2.514920000000000,Curr,Hist salmon,1379,124.908921743845767,,1379,151813.484517717675772,406226339.697148263454437,Newaukum River,12,894.043218562997481,25133.822815182003978,
-1,1,1494,Marsh,0.070807000000000,Hist,Hist no salmon,5079,1248.449748610462620,,5079,76009.236526847191271,159121473.122915714979172,Upper Skookumchuck,51,101.888202736072486,707.629989036803750,
-1,1,1495,Marsh,0.081064000000000,Hist,Hist no salmon,5079,1133.327739278992567,,5079,76009.236526847191271,159121473.122915714979172,Upper Skookumchuck,51,110.820806344116235,810.134997065028188,
-1,1,1496,Marsh,0.637933000000000,Both,Hist no salmon,4190,1380.319987952551855,,4190,151813.484517717675772,406226339.697148263454437,Newaukum River,12,374.740048330951026,6375.461538415288487,
-1,1,1497,Marsh,1.211701000000000,Hist,Hist salmon,2003,0.000000000000000,,2003,151813.484517717675772,406226339.697148263454437,Newaukum River,12,509.804746108486313,12109.722238324453429,
-1,1,1498,Pond,0.059401000000000,Both,Hist no salmon,4444,394.957600696889756,,4444,76009.236526847191271,159121473.122915714979172,Upper Skookumchuck,51,94.904744748109806,593.655806372819484,
-1,1,1499,Pond,1.289471000000000,Hist,Hist no salmon,4468,1546.494483232358334,,4468,76009.236526847191271,159121473.122915714979172,Upper Skookumchuck,51,486.532446759947504,12887.112498983246041,
-1,1,1500,Lake,400.340848999999992,Curr,Hist no salmon,17238,0.000000000000000,4518,17238,246250.590740413172171,507221006.855407536029816,Wynoochee River,42,19081.904560094637418,4000258.793240863829851,
-1,1,1501,Pond,1.753437000000000,Both,Hist no salmon,10604,2945.362253457928091,,10604,378317.145195854303893,263575921.850556135177612,Lower Chehalis Estuary,50,1163.479172697069998,17525.591324380387960,
-1,1,1502,Pond,0.102043000000000,Both,Hist no salmon,7127,5587.428683443319642,,7127,378317.145195854303893,263575921.850556135177612,Lower Chehalis Estuary,50,124.293897099679555,1019.938766418880050,
-1,1,1503,Marsh,0.397186000000000,Curr,Hist no salmon,7127,5818.444328437716649,,7127,378317.145195854303893,263575921.850556135177612,Lower Chehalis Estuary,50,298.933883921848292,3969.962591063813306,
-1,1,1504,Pond,0.069983000000000,Curr,Hist no salmon,21810,2377.445858241752376,,21810,378317.145195854303893,263575921.850556135177612,Lower Chehalis Estuary,50,109.747371322439506,699.497271888684622,
-1,1,1505,Marsh,3.048394000000000,Curr,Hist salmon,11191,271.292957519689082,,11191,378317.145195854303893,263575921.850556135177612,Lower Chehalis Estuary,50,763.438207857469934,30467.841988790198229,
-1,1,1506,Slough,0.321662000000000,Hist,Hist salmon,22425,134.852049667921960,,22425,230932.463257765833987,638216095.057497859001160,Humptulips River,45,570.004770046332396,3214.850441917376884,
-1,1,1507,Pond,0.603144000000000,Hist,Hist salmon,12462,90.684885464964225,,12462,230932.463257765833987,638216095.057497859001160,Humptulips River,45,394.047814428968763,6028.083687341728364,
-1,1,1508,Marsh,12.287604000000000,Hist,Hist salmon,11390,0.000000000000000,,11390,230932.463257765833987,638216095.057497859001160,Humptulips River,45,4339.351722932180564,122808.480539756361395,
-1,1,1509,Marsh,56.745280999999999,Curr,Hist salmon,12413,68.121828522391468,,12413,230932.463257765833987,638216095.057497859001160,Humptulips River,45,3519.253250769464557,567133.762875772430561,
-1,1,1510,Marsh,1.158252000000000,Hist,Hist salmon,7107,0.000000000000000,,7107,378317.145195854303893,263575921.850556135177612,Lower Chehalis Estuary,50,541.396715195496313,11576.610673134198805,
-1,1,1511,Marsh,1.174320000000000,Curr,Hist salmon,21696,347.944712552775002,,21696,230932.463257765833987,638216095.057497859001160,Humptulips River,45,1057.419706926086519,11736.403757824835338,
-1,1,1512,Marsh,0.639596000000000,Hist,Hist salmon,13185,166.067893691494760,,13185,230932.463257765833987,638216095.057497859001160,Humptulips River,45,496.999817359057943,6392.279138398958821,
-1,1,1513,Pond,1.565103000000000,Hist,Hist salmon,13185,113.843724827286508,,13185,230932.463257765833987,638216095.057497859001160,Humptulips River,45,996.881882729991162,15642.016173291320229,
-1,1,1514,Marsh,1.003394000000000,Both,Hist salmon,23297,0.000000000000000,,23297,230932.463257765833987,638216095.057497859001160,Humptulips River,45,763.625695955398101,10028.081064405309007,
-1,1,1515,Pond,0.143662000000000,Hist,Hist no salmon,12405,699.283906026350451,,12405,230932.463257765833987,638216095.057497859001160,Humptulips River,45,216.249861171914290,1435.808502221843810,
-1,1,1516,Pond,0.122169000000000,Hist,Hist salmon,12838,0.000000000000000,,12838,230932.463257765833987,638216095.057497859001160,Humptulips River,45,130.907807145149519,1220.993609132738811,
-1,1,1517,Marsh,0.932191000000000,Both,Hist no salmon,13982,453.446946395793702,,13982,230932.463257765833987,638216095.057497859001160,Humptulips River,45,704.391664790788923,9316.383754711314396,
-1,1,1518,Pond,0.169135000000000,Both,Hist salmon,13198,82.114349805340368,,13198,230932.463257765833987,638216095.057497859001160,Humptulips River,45,195.996136287022324,1690.361423457611181,
-1,1,1519,Pond,0.160854000000000,Both,Hist salmon,14904,0.000000000000000,,14904,230932.463257765833987,638216095.057497859001160,Humptulips River,45,212.786329853719934,1607.568287338936443,
-1,1,1520,Marsh,0.841464000000000,Curr,Hist salmon,11169,0.000000000000000,,11169,128409.154010552825639,234704536.754735738039017,Hoquiam River,44,561.835405921492679,8409.922049325237822,
-1,1,1521,Marsh,1.611233000000000,Curr,Hist no salmon,14669,134.947755306233660,,14669,230932.463257765833987,638216095.057497859001160,Humptulips River,45,550.834071876748567,16102.412541033954767,
-1,1,1522,Pond,1.485028000000000,Curr,Hist salmon,15316,0.248800569074287,,15316,230932.463257765833987,638216095.057497859001160,Humptulips River,45,860.733587114431202,14840.959111076794215,
-1,1,1523,Pond,1.190068000000000,Curr,Hist salmon,15316,30.524009074634812,,15316,230932.463257765833987,638216095.057497859001160,Humptulips River,45,555.380775202838890,11893.199910587863997,
-1,1,1524,Marsh,3.600314000000000,Hist,Hist salmon,16143,444.035015273078159,,16143,230932.463257765833987,638216095.057497859001160,Humptulips River,45,942.300370049315006,35979.441904307292134,
-1,1,1525,Marsh,1.057290000000000,Both,Hist salmon,16149,0.000000000000000,,16149,230932.463257765833987,638216095.057497859001160,Humptulips River,45,417.698299726438790,10565.911158371745842,
-1,1,1526,Pond,0.076166000000000,Curr,Hist no salmon,9509,1599.647755426502727,,9509,378317.145195854303893,263575921.850556135177612,Lower Chehalis Estuary,50,99.865705340554712,761.242403335879885,
-1,1,1527,Marsh,1.401382000000000,Hist,Hist salmon,15439,111.894299113423656,,15439,230932.463257765833987,638216095.057497859001160,Humptulips River,45,921.752055120636783,14004.854854751114544,
-1,1,1528,Marsh,26.978278000000000,Curr,Hist salmon,16035,0.000000000000000,,16035,230932.463257765833987,638216095.057497859001160,Humptulips River,45,5778.783104636060671,269604.878425833827350,
-1,1,1529,Marsh,0.351750000000000,Curr,Hist no salmon,16322,175.297096314314416,,16322,230932.463257765833987,638216095.057497859001160,Humptulips River,45,273.292930510242854,3515.187103642727379,
-1,1,1530,Marsh,0.855457000000000,Curr,Hist salmon,16910,0.000000000000000,,16910,230932.463257765833987,638216095.057497859001160,Humptulips River,45,457.000390263464851,8548.670224922498164,
-1,1,1531,Marsh,0.970321000000000,Curr,Hist salmon,14125,852.229581921128101,,14125,230932.463257765833987,638216095.057497859001160,Humptulips River,45,443.298738710769157,9697.124843059613340,
-1,1,1532,Marsh,0.217645000000000,Curr,Hist salmon,16332,87.068908480240978,,16332,230932.463257765833987,638216095.057497859001160,Humptulips River,45,193.353128427263215,2174.991884742001275,
-1,1,1533,Marsh,0.454174000000000,Curr,Hist salmon,16333,54.595965090976939,,16333,230932.463257765833987,638216095.057497859001160,Humptulips River,45,314.587978479390472,4538.705077137665285,
-1,1,1534,Marsh,1.212544000000000,Curr,Hist salmon,16335,154.986217862221508,,16335,230932.463257765833987,638216095.057497859001160,Humptulips River,45,510.753165301536228,12117.346106609005801,
-1,1,1535,Marsh,15.917310000000001,Both,Hist salmon,10816,0.000000000000000,3451,10816,128409.154010552825639,234704536.754735738039017,Hoquiam River,44,1724.787924369426946,159078.731080835714238,
-1,1,1536,Marsh,0.615255000000000,Both,Hist salmon,15766,84.231165619651648,,15766,230932.463257765833987,638216095.057497859001160,Humptulips River,45,483.701812560236590,6148.474810302437618,
-1,1,1537,Pond,3.899162000000000,Curr,Hist no salmon,8227,299.237816861009378,,8227,378317.145195854303893,263575921.850556135177612,Lower Chehalis Estuary,50,834.397138826499145,38969.319762406688824,
-1,1,1538,Marsh,0.605855000000000,Hist,Hist salmon,15117,355.673314854427360,,15117,230932.463257765833987,638216095.057497859001160,Humptulips River,45,358.101679587665217,6054.599980549407519,
-1,1,1539,Pond,3.299276000000000,Curr,Hist no salmon,8397,25.266136890553433,,8397,378317.145195854303893,263575921.850556135177612,Lower Chehalis Estuary,50,810.768558879418606,32973.772636606532615,Yes
-1,1,1540,Marsh,8.935838000000000,Both,Hist salmon,10014,6.605272108682025,7456,10014,151947.647425919829402,266325666.708538889884949,Wishkah River,43,1355.719236063928065,89304.915087775283610,
-1,1,1541,Marsh,10.849072000000000,Curr,Hist salmon,10180,59.343895880209189,,10180,151947.647425919829402,266325666.708538889884949,Wishkah River,43,2055.074903921261921,108425.654104688481311,
-1,1,1542,Pond,0.046628000000000,Hist,Hist salmon,10626,97.909676294495455,,10626,151947.647425919829402,266325666.708538889884949,Wishkah River,43,96.589013708895521,465.995371692957065,
-1,1,1543,Pond,0.101995000000000,Both,Hist salmon,21055,505.186394295006664,,21055,151947.647425919829402,266325666.708538889884949,Wishkah River,43,147.042200327822883,1019.281166388094107,
-1,1,1544,Marsh,4.684802000000000,Both,Hist salmon,8279,32.666227617775625,,8279,67420.654691214382183,87038278.247085735201836,Upper Chehalis Estuary,49,1390.859423876450819,46820.381433330920117,
-1,1,1545,Marsh,0.064890000000000,Both,Hist salmon,14472,73.280840536696743,,14472,151947.647425919829402,266325666.708538889884949,Wishkah River,43,156.041956613878000,648.471598854932836,
-1,1,1546,Marsh,0.095728000000000,Curr,Hist salmon,21007,0.000000000000000,,21007,151947.647425919829402,266325666.708538889884949,Wishkah River,43,156.549018728264002,956.623204085741918,
-1,1,1547,Pond,0.126645000000000,Both,Hist no salmon,11507,817.695918885340234,,11507,246250.590740413172171,507221006.855407536029816,Wynoochee River,42,168.639351567902452,1265.652424305746990,
-1,1,1548,Pond,0.045381000000000,Both,Hist salmon,10106,0.000000000000000,,10106,246250.590740413172171,507221006.855407536029816,Wynoochee River,42,109.443319399582961,453.532993597796860,Yes
-1,1,1549,Marsh,0.344124000000000,Hist,Hist salmon,9392,0.000000000000000,,9392,246250.590740413172171,507221006.855407536029816,Wynoochee River,42,268.170372178792661,3439.113939241699427,
-1,1,1550,Pond,0.560958000000000,Curr,Hist no salmon,12143,119.439959304605679,,12143,246250.590740413172171,507221006.855407536029816,Wynoochee River,42,331.874275090624110,5605.923823235982127,
-1,1,1551,Pond,0.512024000000000,Curr,Hist no salmon,12143,114.849283192923991,,12143,246250.590740413172171,507221006.855407536029816,Wynoochee River,42,391.711690750626872,5116.903619195853025,
-1,1,1552,Marsh,0.670033000000000,Both,Hist salmon,9164,0.000000000000000,,9164,246250.590740413172171,507221006.855407536029816,Wynoochee River,42,338.868129566736400,6696.189053058072204,
-1,1,1553,Pond,0.211108000000000,Hist,Hist no salmon,8428,97.448133942028150,,8428,246250.590740413172171,507221006.855407536029816,Wynoochee River,42,218.514986811383892,2109.775562047045241,Yes
-1,1,1554,Pond,0.106247000000000,Hist,Hist salmon,10402,38.964611680605579,,10402,246250.590740413172171,507221006.855407536029816,Wynoochee River,42,170.194414949929126,1061.796452336137918,
-1,1,1555,Pond,2.809239000000000,Curr,Hist salmon,13044,120.431159033954955,,13044,246250.590740413172171,507221006.855407536029816,Wynoochee River,42,1300.599221633328625,28073.500053115400078,
-1,1,1556,Marsh,0.043305000000000,Both,Hist salmon,21114,120.338270626051013,,21114,151947.647425919829402,266325666.708538889884949,Wishkah River,43,110.704674301837329,432.754757629673747,
-1,1,1557,Marsh,0.116330000000000,Curr,Hist salmon,14569,137.159142944087165,,14569,246250.590740413172171,507221006.855407536029816,Wynoochee River,42,131.811371138393042,1162.479483590245763,
-1,1,1558,Marsh,1.815525000000000,Curr,Hist salmon,16396,0.000000000000000,,16396,246250.590740413172171,507221006.855407536029816,Wynoochee River,42,503.074916120203000,18142.093170660136821,
-1,1,1559,Marsh,1.220333000000000,Hist,Hist salmon,15175,0.000000000000000,,15175,246250.590740413172171,507221006.855407536029816,Wynoochee River,42,562.154613623992759,12194.498894021158776,
-1,1,1560,Marsh,0.054537000000000,Curr,Hist salmon,17307,0.000000000000000,,17307,246250.590740413172171,507221006.855407536029816,Wynoochee River,42,89.583531669953686,544.950773630508252,
-1,1,1561,Marsh,0.169904000000000,Curr,Hist no salmon,17079,226.020571658354299,,17079,246250.590740413172171,507221006.855407536029816,Wynoochee River,42,199.761099661066908,1697.741973684029972,
-1,1,1562,Pond,0.126956000000000,Curr,Hist no salmon,20889,484.387928731514364,,20889,33178.258786570047960,19447172.728330697864294,Unnamed: Olympic Mountains 1,41,150.264363801763039,1268.764653780009894,
-1,1,1563,Pond,0.066693000000000,Hist,Hist salmon,12712,608.031182973936666,,12712,222380.125267685507424,776523555.048679113388062,Satsop River,40,97.853624139232764,666.485572520776145,
-1,1,1564,Pond,0.089791000000000,Hist,Hist no salmon,17732,1954.599069891817180,,17732,246250.590740413172171,507221006.855407536029816,Wynoochee River,42,112.919364938263072,897.167905425186291,
-1,1,1565,Pond,0.566652000000000,Hist,Hist no salmon,17782,4410.813911125166669,,17782,246250.590740413172171,507221006.855407536029816,Wynoochee River,42,319.320481836355100,5661.715110239555543,
-1,1,1566,Marsh,0.412402000000000,Hist,Hist salmon,8250,0.000000000000000,,8250,48290.055449476276408,24797583.336042989045382,Mainstem: Lower Chehalis 7,63,374.357097733685407,4121.422123370071859,Yes
-1,1,1567,Marsh,2.166284000000000,Hist,Hist salmon,12744,89.120769844149336,,12744,222380.125267685507424,776523555.048679113388062,Satsop River,40,691.920653246619167,21648.007159537603002,
-1,1,1568,Marsh,3.197775000000000,Hist,Hist salmon,12745,88.233873153327153,,12745,222380.125267685507424,776523555.048679113388062,Satsop River,40,1201.902952531944038,31955.810919534840650,
-1,1,1569,Marsh,1.535022000000000,Hist,Hist no salmon,20273,249.326714925406378,,20273,222380.125267685507424,776523555.048679113388062,Satsop River,40,560.717396141052973,15339.658640190049482,
-1,1,1570,Pond,0.233312000000000,Hist,Hist no salmon,17724,1885.530808478798008,,17724,246250.590740413172171,507221006.855407536029816,Wynoochee River,42,191.114682793489663,2331.180976453590119,
-1,1,1571,Marsh,0.804005000000000,Curr,Curr degrade,8693,399.607789811137366,,8693,33178.258786570047960,19447172.728330697864294,Unnamed: Olympic Mountains 1,41,449.607067192475540,8034.938277453469709,
-1,1,1572,Marsh,0.141980000000000,Curr,Hist salmon,20269,0.000000000000000,,20269,222380.125267685507424,776523555.048679113388062,Satsop River,40,156.598261124247841,1418.826033820308794,
-1,2,1573,Marsh,0.059911000000000,Hist,Hist no salmon,8994,290.747859778866768,,8994,33178.258786570047960,19447172.728330697864294,Unnamed: Olympic Mountains 1,41,95.635275318228295,598.725357041242091,
-1,1,1574,Marsh,5.744840000000000,Both,Hist salmon,12765,11.810985952173038,,12765,222380.125267685507424,776523555.048679113388062,Satsop River,40,1933.105747915264374,57408.906086644557945,
-1,1,1575,Pond,0.301336000000000,Both,Hist salmon,3910,3130.985900038953787,,3910,76524.840528758461005,151273081.305056989192963,Elk Creek,3,230.320482279638298,3011.571978439715167,
-1,1,1576,Marsh,1.131606000000000,Both,Hist salmon,13235,0.000000000000000,,13235,222380.125267685507424,776523555.048679113388062,Satsop River,40,751.891884985856109,11308.120930348753973,
-1,1,1577,Marsh,0.057494000000000,Hist,Hist salmon,7520,1644.025102358474442,,7520,61832.701814796862891,85343223.067351639270782,Unnamed: Central Lowlands 2,36,98.264373921454961,574.574355135007409,
-1,1,1578,Pond,0.481866000000000,Curr,Hist no salmon,8682,368.425403185456219,,8682,72380.641822059013066,39697893.786662034690380,Mainstem: Lower Chehalis 6,62,272.946847259460355,4815.530615605483945,
-1,1,1579,Marsh,0.013840000000000,Curr,Hist salmon,13521,1018.264488306485646,,13521,222380.125267685507424,776523555.048679113388062,Satsop River,40,45.793365340048112,138.296964408637024,
-1,1,1580,Marsh,0.013204000000000,Curr,Hist salmon,13521,1113.739706779447488,,13521,222380.125267685507424,776523555.048679113388062,Satsop River,40,44.335018272026844,131.950020735064527,
-1,1,1581,Marsh,0.006941000000000,Curr,Hist salmon,13533,1261.937485633921824,,13533,222380.125267685507424,776523555.048679113388062,Satsop River,40,34.384325942397389,69.364582477236723,
-1,1,1582,Marsh,0.068976000000000,Curr,Hist salmon,14132,1276.428797580642367,,14132,222380.125267685507424,776523555.048679113388062,Satsop River,40,117.570241362761706,689.263675044261163,
-1,1,1583,Marsh,0.089783000000000,Hist,Hist salmon,3910,1604.841454672532564,,3910,76524.840528758461005,151273081.305056989192963,Elk Creek,3,120.939113868904769,897.293353646354603,
-1,1,1584,Pond,0.383161000000000,Curr,Hist no salmon,8542,312.003006527379000,,8542,61832.701814796862891,85343223.067351639270782,Unnamed: Central Lowlands 2,36,400.406926839254822,3829.144732687199394,
-1,1,1585,Marsh,1.584437000000000,Hist,Hist salmon,20186,405.041520371277159,,20186,222380.125267685507424,776523555.048679113388062,Satsop River,40,883.820491299712558,15833.489599591635852,
-1,1,1586,Marsh,7.903757000000000,Curr,Hist salmon,11766,0.000000000000000,,11766,222380.125267685507424,776523555.048679113388062,Satsop River,40,1588.843568853076931,78983.577505502093118,
-1,1,1587,Marsh,0.113878000000000,Curr,Hist salmon,15058,536.196869058327479,,15058,222380.125267685507424,776523555.048679113388062,Satsop River,40,164.813221514067465,1137.950962595228020,
-1,1,1588,Marsh,0.065587000000000,Both,Hist salmon,3900,0.000000000000000,,3900,76524.840528758461005,151273081.305056989192963,Elk Creek,3,107.539280250439148,655.474336700593540,
-1,1,1589,Marsh,0.063963000000000,Both,Hist salmon,3900,0.000000000000000,,3900,76524.840528758461005,151273081.305056989192963,Elk Creek,3,107.147971577019590,639.247805204596375,
-1,1,1590,Pond,0.837862000000000,Curr,Hist no salmon,11771,301.205252404215912,,11771,222380.125267685507424,776523555.048679113388062,Satsop River,40,427.083517865385659,8372.873506590851321,
-1,1,1591,Pond,0.039240000000000,Curr,Hist salmon,11778,0.000000000000000,,11778,222380.125267685507424,776523555.048679113388062,Satsop River,40,75.888536172151547,392.124606871874619,
-1,1,1592,Marsh,0.292756000000000,Hist,Hist salmon,1087,171.020883585538741,,1087,118289.321295402623946,126156469.879530921578407,Upper Chehalis: Proposed Dam to Elk Creek,2,208.774842443911382,2925.789296132591517,
-1,1,1593,Marsh,0.230636000000000,Hist,Hist salmon,1087,82.809018682618458,,1087,118289.321295402623946,126156469.879530921578407,Upper Chehalis: Proposed Dam to Elk Creek,2,201.974851189176661,2304.966253950522059,
-1,1,1594,Marsh,0.313067000000000,Hist,Hist salmon,1094,0.000000000000000,,1094,118289.321295402623946,126156469.879530921578407,Upper Chehalis: Proposed Dam to Elk Creek,2,236.685180722602610,3128.779088388949276,
-1,1,1595,Pond,0.066388000000000,Both,Hist salmon,19529,0.000000000000000,,19529,76524.840528758461005,151273081.305056989192963,Elk Creek,3,103.881690084509216,663.477180009733502,
-1,1,1596,Pond,0.174403000000000,Both,Hist salmon,19527,0.000000000000000,,19527,76524.840528758461005,151273081.305056989192963,Elk Creek,3,181.826333081816131,1742.971309465691547,
-1,1,1597,Pond,0.107622000000000,Both,Hist salmon,19526,0.000000000000000,,19526,76524.840528758461005,151273081.305056989192963,Elk Creek,3,137.796390998325933,1075.566884771049672,
-1,1,1598,Pond,0.194016000000000,Both,Hist salmon,19525,0.000000000000000,,19525,76524.840528758461005,151273081.305056989192963,Elk Creek,3,218.473620481559777,1938.980344915904652,
-1,1,1599,Marsh,0.068344000000000,Both,Hist salmon,3716,49.578038744924768,,3716,76524.840528758461005,151273081.305056989192963,Elk Creek,3,108.373748169833959,683.026472167826341,
-1,1,1600,Marsh,0.775111000000000,Both,Hist salmon,19534,0.000000000000000,,19534,76524.840528758461005,151273081.305056989192963,Elk Creek,3,560.092275553793911,7746.375545574110220,
-1,1,1601,Pond,0.030000000000000,Hist,Hist no salmon,9067,607.171146114750513,,9067,61832.701814796862891,85343223.067351639270782,Unnamed: Central Lowlands 2,36,64.892561098786018,299.801581448815227,
-1,1,1602,Marsh,4.291019000000000,Hist,Hist salmon,9068,203.270099193550436,,9068,72380.641822059013066,39697893.786662034690380,Mainstem: Lower Chehalis 6,62,1988.577738626781183,42882.128338541217090,Yes
-1,1,1603,Pond,0.027699000000000,Curr,Hist no salmon,20360,49.086975072004293,,20360,222380.125267685507424,776523555.048679113388062,Satsop River,40,64.466003593304833,276.793124105712025,
-1,1,1604,Pond,2.756259000000000,Hist,Hist no salmon,15575,668.523735675845160,,15575,222380.125267685507424,776523555.048679113388062,Satsop River,40,750.943118125011324,27541.328391101480520,
-1,1,1605,Marsh,0.128166000000000,Hist,Hist salmon,19937,485.494189407388205,,19937,118289.321295402623946,126156469.879530921578407,Upper Chehalis: Proposed Dam to Elk Creek,2,136.537230933195445,1280.879381622884011,
-1,1,1606,Marsh,0.288247000000000,Hist,Hist salmon,19935,465.203130012460349,,19935,118289.321295402623946,126156469.879530921578407,Upper Chehalis: Proposed Dam to Elk Creek,2,215.535239366169435,2880.714752684728410,
-1,1,1607,Marsh,0.044439000000000,Both,Hist salmon,3532,377.195078883812016,,3532,76524.840528758461005,151273081.305056989192963,Elk Creek,3,93.969174538050126,444.117079994395510,
-1,1,1608,Pond,4.483711000000000,Both,Hist salmon,3529,231.260851303727122,,3529,76524.840528758461005,151273081.305056989192963,Elk Creek,3,1458.746158316406763,44809.795725597541605,
-1,1,1609,Marsh,0.047010000000000,Hist,Hist no salmon,12921,367.932980537828996,,12921,222380.125267685507424,776523555.048679113388062,Satsop River,40,81.750581429561407,469.765658917513747,
-1,1,1610,Marsh,0.441865000000000,Hist,Hist salmon,13626,423.843251259298427,,13626,222380.125267685507424,776523555.048679113388062,Satsop River,40,256.238599173224941,4415.502793603118334,
-1,1,1611,Marsh,1.275292000000000,Curr,Hist no salmon,13709,157.255090555555796,,13709,222380.125267685507424,776523555.048679113388062,Satsop River,40,419.644037182484226,12743.631012846784870,
-1,1,1612,Marsh,0.279231000000000,Hist,Hist salmon,15659,555.484569590472120,,15659,222380.125267685507424,776523555.048679113388062,Satsop River,40,310.092488692638312,2790.249222701852887,
-1,1,1613,Marsh,2.422024000000000,Hist,Hist salmon,7681,104.527773290092014,,7681,72380.641822059013066,39697893.786662034690380,Mainstem: Lower Chehalis 6,62,972.163062571554065,24204.426180089481932,
-1,1,1614,Pond,4.405555000000000,Hist,Hist salmon,8938,0.000000000000000,,8938,72380.641822059013066,39697893.786662034690380,Mainstem: Lower Chehalis 6,62,1859.691596602337995,44026.593348722693918,Yes
-1,1,1615,Pond,0.131715000000000,Curr,Hist salmon,9903,0.000000000000000,,9903,111846.634780773121747,175346973.513960331678391,Cloquallum Creek,37,149.792827973420998,1316.269451186632523,
-1,1,1616,Marsh,0.366765000000000,Both,Hist salmon,12861,0.000000000000000,,12861,222380.125267685507424,776523555.048679113388062,Satsop River,40,244.515913110343888,3665.073347327920601,
-1,1,1617,Marsh,0.059169000000000,Hist,Hist salmon,13652,0.000000000000000,,13652,222380.125267685507424,776523555.048679113388062,Satsop River,40,105.660323571478870,591.255522972933136,
-1,1,1618,Marsh,0.066812000000000,Curr,Hist salmon,13657,0.000000000000000,,13657,222380.125267685507424,776523555.048679113388062,Satsop River,40,122.066117111926786,667.631698561437815,
-1,1,1619,Marsh,2.140867000000000,Curr,Hist no salmon,22639,570.691494218741013,,22639,222380.125267685507424,776523555.048679113388062,Satsop River,40,606.897158096874705,21392.731099382839602,
-1,1,1620,Marsh,1.222050000000000,Curr,Hist no salmon,22639,797.799451047015282,,22639,222380.125267685507424,776523555.048679113388062,Satsop River,40,410.349289341249573,12211.397229145033634,
-1,1,1621,Pond,0.363110000000000,Curr,Hist no salmon,7652,636.745308809441781,,7652,72380.641822059013066,39697893.786662034690380,Mainstem: Lower Chehalis 6,62,258.662350562493145,3628.737219200241725,
-1,1,1622,Marsh,11.737723000000001,Hist,Hist salmon,13364,320.058421544753628,,13364,222380.125267685507424,776523555.048679113388062,Satsop River,40,2259.796889413646113,117293.290476504262188,
-1,1,1623,Marsh,0.783789000000000,Hist,Hist salmon,13412,813.112176939607025,,13412,222380.125267685507424,776523555.048679113388062,Satsop River,40,414.845126550891621,7832.236144826501913,
-1,1,1624,Marsh,0.219113000000000,Curr,Hist salmon,13425,391.319698870160266,,13425,222380.125267685507424,776523555.048679113388062,Satsop River,40,182.187828382459855,2189.523654282200823,
-1,1,1625,Marsh,0.264502000000000,Curr,Hist salmon,13672,499.114258375070335,,13672,222380.125267685507424,776523555.048679113388062,Satsop River,40,191.531610046547655,2643.070230407167401,
-1,1,1626,Marsh,0.053403000000000,Hist,Hist no salmon,19848,1536.904825855606987,,19848,55554.058267856235034,72106875.751249000430107,Garrard Creek,25,120.584296169836250,533.704508632073725,
-1,1,1627,Pond,0.220174000000000,Hist,Hist salmon,9720,406.122311152291331,,9720,111846.634780773121747,175346973.513960331678391,Cloquallum Creek,37,229.177769668755360,2200.245653028823654,
-1,1,1628,Lake,13.536845000000000,Curr,Hist salmon,12671,0.000000000000000,,12671,111846.634780773121747,175346973.513960331678391,Cloquallum Creek,37,4632.776723369737738,135273.098695785913151,
-1,1,1629,Marsh,1.020079000000000,Hist,Hist salmon,13438,124.531572666934025,,13438,222380.125267685507424,776523555.048679113388062,Satsop River,40,442.475217150890614,10193.525966680957936,
-1,1,1630,Marsh,0.399322000000000,Hist,Hist salmon,13379,161.213857931585153,,13379,222380.125267685507424,776523555.048679113388062,Satsop River,40,290.089549887594842,3990.344666195283025,
-1,1,1631,Marsh,2.523464000000000,Hist,Hist salmon,13414,690.081196398048860,,13414,222380.125267685507424,776523555.048679113388062,Satsop River,40,790.762842207856238,25216.408325445809169,
-1,1,1632,Marsh,1.180210000000000,Curr,Hist salmon,13425,506.516682995156486,,13425,222380.125267685507424,776523555.048679113388062,Satsop River,40,574.902432697212930,11793.453860988209271,
-1,1,1633,Marsh,0.599561000000000,Curr,Hist no salmon,22642,539.599503671917546,,22642,222380.125267685507424,776523555.048679113388062,Satsop River,40,285.222550043067940,5991.138809349512485,
-1,1,1634,Marsh,1.711134000000000,Curr,Hist salmon,7367,589.724816579960589,,7367,25489.615299052060436,11565107.814306572079659,Mainstem: Lower Chehalis 5,61,1638.824525037342937,17100.269963041570008,Yes
-1,1,1635,Marsh,0.990458000000000,Curr,Hist no salmon,23264,911.353964149524245,,23264,222380.125267685507424,776523555.048679113388062,Satsop River,40,505.652773407363725,9897.503897754893842,
-1,1,1636,Marsh,0.666303000000000,Curr,Hist salmon,13911,68.384475910972881,,13911,222380.125267685507424,776523555.048679113388062,Satsop River,40,403.212473880730727,6658.206555701434809,
-1,1,1637,Marsh,2.865625000000000,Hist,Hist salmon,14097,0.000000000000000,,14097,222380.125267685507424,776523555.048679113388062,Satsop River,40,757.502210471945659,28635.354953122852748,
-1,1,1638,Marsh,0.308873000000000,Hist,Hist no salmon,22730,1309.691686059587255,,22730,222380.125267685507424,776523555.048679113388062,Satsop River,40,218.846903377553588,3086.449590827823158,
-1,1,1639,Marsh,0.230600000000000,Curr,Hist salmon,14981,1004.638331815213178,,14981,222380.125267685507424,776523555.048679113388062,Satsop River,40,212.191609645189459,2304.276464357717941,
-1,1,1640,Marsh,1.007774000000000,Curr,Hist no salmon,16258,592.202089551696758,,16258,222380.125267685507424,776523555.048679113388062,Satsop River,40,587.867841851238268,10070.059249771755276,
-1,1,1641,Marsh,0.416514000000000,Hist,Hist no salmon,1665,461.562294334124601,,1665,118289.321295402623946,126156469.879530921578407,Upper Chehalis: Proposed Dam to Elk Creek,2,333.672958022584453,4162.567267391488713,
-1,1,1642,Marsh,0.087067000000000,Curr,Hist salmon,1220,91.796580523953651,,1220,118289.321295402623946,126156469.879530921578407,Upper Chehalis: Proposed Dam to Elk Creek,2,135.452070226722270,870.132872838891558,
-1,1,1643,Marsh,0.132433000000000,Hist,Hist no salmon,13905,686.999570051108890,,13905,222380.125267685507424,776523555.048679113388062,Satsop River,40,157.403882157646933,1323.372459331011214,
-1,1,1644,Marsh,2.173533000000000,Curr,Hist salmon,13906,72.413485616248025,,13906,222380.125267685507424,776523555.048679113388062,Satsop River,40,854.025226532489455,21719.591513281618973,
-1,1,1645,Marsh,0.290182000000000,Curr,Hist no salmon,13907,718.807377823518777,,13907,222380.125267685507424,776523555.048679113388062,Satsop River,40,240.911029159943979,2899.730258257264268,
-1,1,1646,Marsh,1.839436000000000,Curr,Hist salmon,13908,125.235524178794009,,13908,222380.125267685507424,776523555.048679113388062,Satsop River,40,547.920205357287045,18381.051986728107295,
-1,1,1647,Marsh,3.461004000000000,Curr,Hist salmon,13908,364.927627340506206,,13908,222380.125267685507424,776523555.048679113388062,Satsop River,40,717.006584055197436,34585.028037454809237,
-1,1,1648,Marsh,4.718658000000000,Curr,Hist no salmon,13909,221.792725076946510,,13909,222380.125267685507424,776523555.048679113388062,Satsop River,40,1306.433272951261642,47152.354780869303795,
-1,1,1649,Marsh,2.141887000000000,Hist,Hist no salmon,14082,204.303598904418777,,14082,222380.125267685507424,776523555.048679113388062,Satsop River,40,873.675667348365437,21403.298327561024053,
-1,1,1650,Marsh,2.254075000000000,Hist,Hist no salmon,14211,166.599631151032412,,14211,222380.125267685507424,776523555.048679113388062,Satsop River,40,956.459439748435557,22524.317983274624567,
-1,1,1651,Marsh,34.045929999999998,Curr,Hist salmon,14090,0.000000000000000,,14090,222380.125267685507424,776523555.048679113388062,Satsop River,40,10255.050385839260343,340210.457048116659280,
-1,1,1652,Marsh,0.230525000000000,Curr,Hist salmon,14984,1391.966380940181807,,14984,222380.125267685507424,776523555.048679113388062,Satsop River,40,216.743750062267907,2303.528520775105335,
-1,1,1653,Pond,1.006705000000000,Hist,Hist salmon,1535,297.659758225234953,,1535,35513.610385592714010,5228343.456361263990402,Mainstem: Upper Chehalis 1,52,506.642617767350430,10060.828182880704844,
-1,1,1654,Marsh,0.312934000000000,Curr,Hist salmon,3678,78.015887941455446,,3678,65306.643175367535150,54983150.600972734391689,Unnamed: Willapa Hills 2,6,211.650310393205530,3127.405976718033344,
-1,1,1655,Marsh,2.853202000000000,Hist,Hist salmon,10993,0.000000000000000,,10993,111846.634780773121747,175346973.513960331678391,Cloquallum Creek,37,793.234159538182212,28512.251642048195208,
-1,1,1656,Pond,0.364655000000000,Curr,Hist salmon,12999,826.586468050839585,,12999,111846.634780773121747,175346973.513960331678391,Cloquallum Creek,37,224.142397408741061,3643.942768578164760,
-1,1,1657,Pond,3.030534000000000,Curr,Hist salmon,22731,1374.939386908209144,,22731,222380.125267685507424,776523555.048679113388062,Satsop River,40,1124.112268852768921,30282.797711729814182,
-1,1,1658,Pond,0.783021000000000,Curr,Hist no salmon,14691,364.180458855818529,,14691,222380.125267685507424,776523555.048679113388062,Satsop River,40,390.410654524543077,7824.427065690147174,
-1,1,1659,Marsh,0.496279000000000,Hist,Hist salmon,9471,0.000000000000000,,9471,64500.793559666235524,70730227.349633023142815,Mox Chehalis Creek,34,310.346634759023459,4959.422602844651919,
-1,1,1660,Pond,0.382115000000000,Hist,Hist salmon,10574,0.000000000000000,,10574,111846.634780773121747,175346973.513960331678391,Cloquallum Creek,37,331.861538881347769,3818.525256881614041,
-1,1,1661,Marsh,0.081829000000000,Curr,Hist salmon,6538,266.031771987098296,,6538,70790.401097194917384,102524081.591505512595177,Cedar Creek,29,112.487849730413245,817.756831425185396,
-1,1,1662,Marsh,0.119614000000000,Hist,Hist salmon,10368,49.175831072391645,,10368,64500.793559666235524,70730227.349633023142815,Mox Chehalis Creek,34,127.508859834915327,1195.326625672148111,
-1,1,1663,Marsh,0.092270000000000,Hist,Hist salmon,12499,0.000000000000000,,12499,111846.634780773121747,175346973.513960331678391,Cloquallum Creek,37,129.197258236976722,922.037010723722233,
-1,1,1664,Marsh,0.559436000000000,Hist,Hist no salmon,12502,496.926761360521425,,12502,111846.634780773121747,175346973.513960331678391,Cloquallum Creek,37,292.509399482237257,5590.360446572432920,
-1,1,1665,Marsh,0.116997000000000,Both,Hist salmon,5952,54.220188554489425,,5952,38521.396498919821170,15187066.736874151974916,Mainstem: Lower Chehalis 4,60,205.896691386358782,1169.217071520290801,Yes
-1,1,1666,Marsh,0.295339000000000,Both,Hist salmon,5948,1016.901935756988792,,5948,27970.938181912708387,14303610.877944013103843,Unnamed: Black Hills 5,26,307.186543085236053,2951.494304209016718,
-1,1,1667,Marsh,0.594120000000000,Hist,Hist no salmon,6560,2892.812885524547710,,6560,39771.791102286122623,24612682.804720312356949,Unnamed: Black Hills 4,30,443.371889780225786,5937.282627269803015,
-1,1,1668,Marsh,0.415712000000000,Hist,Hist no salmon,10384,1860.234383662044593,,10384,67829.617527592563420,102901766.598401084542274,Porter Creek,32,269.595700707318542,4154.280731844548427,
-1,1,1669,Marsh,0.091264000000000,Hist,Hist salmon,10384,2458.553124543286231,,10384,67829.617527592563420,102901766.598401084542274,Porter Creek,32,115.921760586536607,912.013031386081479,
-1,1,1670,Marsh,1.383107000000000,Curr,Hist no salmon,12802,358.740665566502969,,12802,111846.634780773121747,175346973.513960331678391,Cloquallum Creek,37,462.467147379327514,13821.059125519346708,
-1,1,1671,Marsh,0.342400000000000,Both,Hist no salmon,237,1045.631776029934372,,237,128713.250162538577570,324568132.476597189903259,South Fork Chehalis,5,292.806415849883990,3421.843663652964096,
-1,1,1672,Marsh,2.047775000000000,Hist,Hist salmon,3230,128.360951651586163,,3230,48209.614123100487632,34704709.802221670746803,Unnamed: Willapa Hills 3,4,669.040068526474329,20464.989149017594173,
-1,1,1673,Pond,0.047697000000000,Curr,Hist no salmon,4680,148.184633202814382,,4680,90912.708609555149451,112473867.070502221584320,Lincoln Creek,19,93.097208181829330,476.666569598110925,
-1,1,1674,Marsh,1.243407000000000,Hist,Hist no salmon,12802,508.174523017581464,,12802,111846.634780773121747,175346973.513960331678391,Cloquallum Creek,37,456.309972688463063,12425.053541917637631,
-1,1,1675,Marsh,1.097395000000000,Hist,Hist no salmon,4654,1110.905647857511894,,4654,90912.708609555149451,112473867.070502221584320,Lincoln Creek,19,455.658485773983330,10967.039608318122191,
-1,1,1676,Marsh,3.394756000000000,Hist,Hist salmon,5714,90.593369058020684,,5714,159862.665859964530682,364384257.434201776981354,Black River,23,2271.664059019526121,33925.789376208202157,Yes
-1,1,1677,Marsh,0.211933000000000,Curr,Hist no salmon,20424,1566.419973224189334,,20424,67829.617527592563420,102901766.598401084542274,Porter Creek,32,237.760317692882978,2117.877143082040675,
-1,2,1678,Marsh,0.310413000000000,Hist,Hist salmon,2541,0.000000000000000,,2541,65306.643175367535150,54983150.600972734391689,Unnamed: Willapa Hills 2,6,300.217413657804741,3102.184091520502989,
-1,1,1679,Marsh,0.903943000000000,Curr,Hist salmon,4728,778.391289732133373,,4728,90912.708609555149451,112473867.070502221584320,Lincoln Creek,19,448.174331597593834,9033.699458041248363,
-1,1,1680,Pond,0.009900000000000,Curr,Hist no salmon,5753,457.360472979991300,,5753,159862.665859964530682,364384257.434201776981354,Black River,23,38.672759182839137,98.933738175192758,
-1,1,1681,Pond,0.009212000000000,Curr,Hist no salmon,5753,428.494785642669228,,5753,159862.665859964530682,364384257.434201776981354,Black River,23,37.442140895663911,92.058966772417733,
-1,1,1682,Marsh,3.973412000000000,Curr,Hist salmon,23282,0.000000000000000,,23282,70790.401097194917384,102524081.591505512595177,Cedar Creek,29,1684.797254632395379,39707.659883668180555,
-1,1,1683,Pond,0.132621000000000,Curr,Hist no salmon,19798,210.593937795203317,,19798,128713.250162538577570,324568132.476597189903259,South Fork Chehalis,5,148.405388589933182,1325.376435053333807,
-1,1,1684,Marsh,0.051842000000000,Curr,Hist no salmon,4865,815.114188375784693,,4865,90912.708609555149451,112473867.070502221584320,Lincoln Creek,19,95.496244333596138,518.086760454782393,
-1,1,1685,Marsh,0.489747000000000,Curr,Hist salmon,23285,104.977672764999141,,23285,70790.401097194917384,102524081.591505512595177,Cedar Creek,29,323.242234347857334,4894.209775278044617,
-1,1,1686,Marsh,0.584717000000000,Curr,Hist salmon,23285,1097.495347438159115,,23285,70790.401097194917384,102524081.591505512595177,Cedar Creek,29,429.298710382422883,5843.264634214290709,
-1,1,1687,Marsh,1.527442000000000,Hist,Hist salmon,1204,52.543703568119426,,1204,128713.250162538577570,324568132.476597189903259,South Fork Chehalis,5,494.753975634353196,15264.822213680499772,
-1,1,1688,Pond,0.303026000000000,Hist,Hist salmon,2304,628.175118160915531,,2304,128713.250162538577570,324568132.476597189903259,South Fork Chehalis,5,245.450040525640361,3028.354317066801741,
-1,1,1689,Pond,0.035756000000000,Curr,Hist no salmon,19218,245.333707933298399,,19218,159862.665859964530682,364384257.434201776981354,Black River,23,83.117017336136911,357.327258181545403,
-1,1,1690,Pond,0.083591000000000,Curr,Hist no salmon,19218,251.402294481336469,,19218,159862.665859964530682,364384257.434201776981354,Black River,23,110.749580434127594,835.366368914499503,
-1,1,1691,Pond,0.009795000000000,Curr,Hist no salmon,19218,412.905787066297705,,19218,159862.665859964530682,364384257.434201776981354,Black River,23,38.124148524719871,97.888266439698597,
-1,1,1692,Marsh,7.530339000000000,Hist,Hist salmon,179,0.000000000000000,,179,128713.250162538577570,324568132.476597189903259,South Fork Chehalis,5,1790.957672814621446,75255.496328783265199,
-1,1,1693,Pond,0.034790000000000,Hist,Hist salmon,20467,33.599670750534933,,20467,34108.605140610685339,18818520.316444125026464,Unnamed: Willapa Hills 4,8,77.888802529292221,347.685429343872158,
-1,1,1694,Pond,0.023560000000000,Curr,Hist salmon,8563,124.920846508998949,,8563,159862.665859964530682,364384257.434201776981354,Black River,23,60.014265469658568,235.435277536396597,
-1,1,1695,Marsh,1.450226000000000,Hist,Hist salmon,822,196.500083559325077,,822,128713.250162538577570,324568132.476597189903259,South Fork Chehalis,5,547.550923821595575,14493.118517148503088,
-1,1,1696,Marsh,0.926094000000000,Hist,Hist salmon,811,22.545227318307990,,811,128713.250162538577570,324568132.476597189903259,South Fork Chehalis,5,542.989809704768845,9255.115949377184734,
-1,1,1697,Marsh,1.116907000000000,Curr,Hist salmon,4604,189.381742410255583,,4604,90912.708609555149451,112473867.070502221584320,Lincoln Creek,19,466.395532559367268,11161.955806632231543,
-1,1,1698,Pond,0.041327000000000,Curr,Hist no salmon,8563,627.897317813896848,,8563,159862.665859964530682,364384257.434201776981354,Black River,23,77.156592907227207,412.986557827780928,
-1,1,1699,Marsh,0.214703000000000,Hist,Hist salmon,4032,34.668772633567663,,4032,33658.170172136567999,13036252.537259833887219,Unnamed: Central Lowlands 8,14,237.243335198242647,2145.680517663822229,
-1,1,1700,Marsh,0.423137000000000,Curr,Hist no salmon,4758,490.880097088995740,,4758,33120.890699998715718,13469576.136961460113525,Mainstem: Lower Chehalis 1,57,248.054254756506936,4228.676800581973112,
-1,1,1701,Marsh,0.129931000000000,Hist,Hist no salmon,4947,431.965133744051627,,4947,40239.034924584579130,15952808.948135545477271,Mainstem: Lower Chehalis 2,58,160.672438662444279,1298.474836837244538,Yes
-1,1,1702,Pond,0.441887000000000,Hist,Hist salmon,19271,1011.714808762059761,,19271,159862.665859964530682,364384257.434201776981354,Black River,23,337.440686725763840,4415.972065300945360,
-1,1,1703,Marsh,1.723082000000000,Curr,Hist no salmon,5383,157.945280569740191,,5383,106638.473340230484609,103623513.334606394171715,Scatter Creek,22,500.552489261124265,17219.659126913204091,
-1,1,1704,Pond,0.070614000000000,Curr,Hist no salmon,5385,148.024779226532672,,5385,106638.473340230484609,103623513.334606394171715,Scatter Creek,22,112.032700935367927,705.688746094274507,
-1,1,1705,Marsh,1.236897000000000,Curr,Hist no salmon,6591,1475.022070284013353,,6591,159862.665859964530682,364384257.434201776981354,Black River,23,425.750129484151273,12360.871617566983332,
-1,1,1706,Pond,0.015711000000000,Curr,Hist no salmon,4295,28.113224267491432,,4295,49339.273498255643062,17306234.431499805301428,Mainstem: Middle Chehalis 3,56,49.511097240603142,157.012276502767747,
-1,1,1707,Pond,6.664547000000000,Curr,Hist no salmon,19192,61.617642181826888,,19192,138406.144823040289339,318898089.190657675266266,Skookumchuck River,18,942.902593113032253,66603.161396404393599,Yes
-1,2,1708,Marsh,0.723351000000000,Curr,Curr degrade,4748,1585.275120059812707,,4748,64116.909780659618264,34581500.544033728539944,Unnamed: Black River 1,21,496.256113318777864,7228.910902682233427,
-1,1,1709,Pond,0.434374000000000,Curr,Hist no salmon,6122,2116.772576801718060,,6122,106638.473340230484609,103623513.334606394171715,Scatter Creek,22,296.031426621086553,4340.905125037833386,
-1,1,1710,Marsh,4.805197000000000,Hist,Hist no salmon,6122,1596.849823724384350,,6122,106638.473340230484609,103623513.334606394171715,Scatter Creek,22,946.032176523051135,48020.586227936320938,
-1,1,1711,Pond,0.952051000000000,Hist,Hist no salmon,6591,1079.118062850767501,,6591,159862.665859964530682,364384257.434201776981354,Black River,23,360.280107594088008,9514.271216730057859,
-1,1,1712,Pond,1.124089000000000,Curr,Hist no salmon,6591,1634.781914647109488,,6591,159862.665859964530682,364384257.434201776981354,Black River,23,400.465172872446487,11233.543452973708554,
-1,1,1713,Pond,0.057202000000000,Hist,Hist no salmon,7253,283.016448064675444,,7253,159862.665859964530682,364384257.434201776981354,Black River,23,99.020874452250553,571.632480069177745,
-1,1,1714,Pond,0.002584000000000,Hist,Hist salmon,7265,686.602731037118360,,7265,159862.665859964530682,364384257.434201776981354,Black River,23,156.016353609213809,25.824233456824686,
-1,1,1715,Marsh,20.936976999999999,Hist,Hist salmon,3860,0.000000000000000,,3860,49339.273498255643062,17306234.431499805301428,Mainstem: Middle Chehalis 3,56,3003.916639976881925,209237.780822787492070,Yes
-1,1,1716,Pond,0.589173000000000,Curr,Hist no salmon,18247,44.697274236953426,,18247,138406.144823040289339,318898089.190657675266266,Skookumchuck River,18,303.748180887347985,5887.981136108018291,
-1,1,1717,Marsh,0.200944000000000,Hist,Hist salmon,19354,118.801518930949527,,19354,64116.909780659618264,34581500.544033728539944,Unnamed: Black River 1,21,175.411497549445983,2008.153467542523686,
-1,1,1718,Pond,0.839457000000000,Curr,Hist no salmon,6384,1657.435774967980024,,6384,106638.473340230484609,103623513.334606394171715,Scatter Creek,22,449.755545344389475,8389.101240618310840,
-1,1,1719,Pond,2.662254000000000,Curr,Hist no salmon,7267,103.356829314020274,,7267,159862.665859964530682,364384257.434201776981354,Black River,23,792.824465288765964,26604.710724515167385,
-1,2,1720,Marsh,1.234527000000000,Hist,Hist salmon,3868,0.000000000000000,,3868,50132.307652337098261,42180804.244348973035812,Unnamed: Cascade Mountains 2,13,666.287993435637532,12337.495398232402295,Yes
-1,1,1721,Marsh,0.151669000000000,Hist,Hist salmon,20350,107.414845491617868,,20350,138406.144823040289339,318898089.190657675266266,Skookumchuck River,18,201.007247528353872,1515.721569742593147,
-1,1,1722,Pond,1.687484000000000,Curr,Hist no salmon,20353,42.339937476553359,,20353,138406.144823040289339,318898089.190657675266266,Skookumchuck River,18,722.817354411630390,16864.100643009813211,
-1,1,1723,Marsh,1.899394000000000,Curr,Hist no salmon,6384,222.554360060122178,,6384,159862.665859964530682,364384257.434201776981354,Black River,23,784.707046080895680,18981.552807408712397,
-1,1,1724,Pond,0.398609000000000,Curr,Hist no salmon,17984,1257.317433001982181,,17984,151813.484517717675772,406226339.697148263454437,Newaukum River,12,241.464112154415801,3983.584420440563463,
-1,1,1725,Pond,0.794622000000000,Curr,Hist no salmon,6376,839.943977741916342,,6376,159862.665859964530682,364384257.434201776981354,Black River,23,393.824134683328452,7941.039442590224098,
-1,1,1726,Pond,1.410195000000000,Curr,Hist salmon,6372,0.000000000000000,,6372,159862.665859964530682,364384257.434201776981354,Black River,23,618.648108618167839,14092.729149139246147,
-1,1,1727,Pond,0.229609000000000,Curr,Hist no salmon,1892,1309.886320704168384,,1892,151813.484517717675772,406226339.697148263454437,Newaukum River,12,198.537917746673514,2294.646250676780255,
-1,1,1728,Marsh,0.130233000000000,Curr,Hist salmon,18159,81.822440360944697,,18159,138406.144823040289339,318898089.190657675266266,Skookumchuck River,18,134.315687290837332,1301.506171853310889,
-1,1,1729,Marsh,0.681030000000000,Curr,Hist salmon,6375,1743.221554474992217,,6375,159862.665859964530682,364384257.434201776981354,Black River,23,320.107491927218916,6805.865993850705308,
-1,1,1730,Marsh,8.708672999999999,Curr,Hist salmon,6373,1200.862954954033739,,6373,159862.665859964530682,364384257.434201776981354,Black River,23,2321.479242780185814,87029.909701768046943,
-1,1,1731,Marsh,0.246191000000000,Both,Hist salmon,23012,1535.419831471235057,,23012,159862.665859964530682,364384257.434201776981354,Black River,23,229.388477288775221,2460.308050933324921,
-1,1,1732,Marsh,0.325887000000000,Curr,Hist salmon,6690,537.163616124208033,,6690,159862.665859964530682,364384257.434201776981354,Black River,23,240.954558429761732,3256.732396151528974,
-1,1,1733,Marsh,0.246382000000000,Curr,Hist salmon,7179,302.409444534241345,,7179,159862.665859964530682,364384257.434201776981354,Black River,23,380.442815966052024,2462.184913699673871,
-1,1,1734,Marsh,0.284234000000000,Curr,Hist salmon,6776,0.000000000000000,,6776,159862.665859964530682,364384257.434201776981354,Black River,23,372.139263636872386,2840.461484743049368,
-1,1,1735,Marsh,0.160086000000000,Curr,Hist salmon,18384,146.979550941966039,,18384,138406.144823040289339,318898089.190657675266266,Skookumchuck River,18,152.226894377440800,1599.846890327241226,
-1,1,1736,Marsh,1.499247000000000,Both,Hist no salmon,23011,601.328265652265145,,23011,159862.665859964530682,364384257.434201776981354,Black River,23,530.375786224190051,14982.659883582135080,
-1,1,1737,Pond,1.309370000000000,Curr,Hist no salmon,5460,1143.963191840995705,,5460,106638.473340230484609,103623513.334606394171715,Scatter Creek,22,633.866335771159356,13085.191800331875129,
-1,1,1738,Marsh,0.973728000000000,Curr,Hist salmon,23014,166.450426374946289,,23014,159862.665859964530682,364384257.434201776981354,Black River,23,499.069856049626082,9730.919198340998264,
-1,1,1739,Marsh,0.951825000000000,Curr,Hist salmon,23018,58.807196598628742,,23018,159862.665859964530682,364384257.434201776981354,Black River,23,385.663104453351650,9512.038195998324227,
-1,1,1740,Pond,0.208755000000000,Curr,Hist salmon,7208,166.937536960688504,,7208,159862.665859964530682,364384257.434201776981354,Black River,23,218.989370791419958,2086.168807189874769,
-1,1,1741,Pond,0.027314000000000,Curr,Hist no salmon,18911,214.356296305662198,,18911,138406.144823040289339,318898089.190657675266266,Skookumchuck River,18,67.264419314320861,272.967251114422822,
-1,1,1742,Pond,1.550848000000000,Curr,Hist no salmon,5462,1261.070811431248330,,5462,159862.665859964530682,364384257.434201776981354,Black River,23,687.649734675455875,15498.382274838882950,
-1,1,1743,Marsh,0.789127000000000,Curr,Hist no salmon,7208,1204.686208969210384,,7208,159862.665859964530682,364384257.434201776981354,Black River,23,349.073760808386339,7886.022229289125789,
-1,1,1744,Pond,0.028303000000000,Curr,Hist salmon,1937,0.000000000000000,,1937,151813.484517717675772,406226339.697148263454437,Newaukum River,12,63.446461696880341,282.849562535578741,
-1,1,1745,Marsh,0.049427000000000,Both,Hist salmon,2495,0.000000000000000,,2495,151813.484517717675772,406226339.697148263454437,Newaukum River,12,87.632544882113834,493.961613785468955,
-1,1,1746,Pond,0.628826000000000,Curr,Hist no salmon,18752,110.805479319625832,,18752,138406.144823040289339,318898089.190657675266266,Skookumchuck River,18,328.809423641998194,6284.263458410203384,
-1,1,1747,Pond,1.005439000000000,Curr,Hist no salmon,18752,49.868589186382415,,18752,138406.144823040289339,318898089.190657675266266,Skookumchuck River,18,460.809579898677953,10048.003646365987152,
-1,1,1748,Pond,1.462269000000000,Curr,Hist no salmon,18753,157.273518869483723,,18753,138406.144823040289339,318898089.190657675266266,Skookumchuck River,18,482.741436360468470,14613.398954845424669,
-1,1,1749,Pond,1.018658000000000,Curr,Hist no salmon,18753,140.972231998051740,,18753,138406.144823040289339,318898089.190657675266266,Skookumchuck River,18,391.825220794397637,10180.110304567948333,
-1,1,1750,Marsh,0.075358000000000,Hist,Hist no salmon,18110,1137.714401539491746,,18110,138406.144823040289339,318898089.190657675266266,Skookumchuck River,18,114.017727490812192,753.100830394240006,
-1,1,1751,Pond,0.092826000000000,Hist,Hist salmon,1278,87.401809201322777,,1278,151813.484517717675772,406226339.697148263454437,Newaukum River,12,118.248844053410309,927.677351512646965,
-1,1,1752,Pond,0.368553000000000,Curr,Hist no salmon,3024,612.431462786470433,,3024,50132.307652337098261,42180804.244348973035812,Unnamed: Cascade Mountains 2,13,227.319813790146355,3683.220145468392275,
-1,1,1753,Marsh,0.325423000000000,Curr,Hist salmon,18923,745.153679727612939,,18923,138406.144823040289339,318898089.190657675266266,Skookumchuck River,18,229.328251290964147,3252.177869872241899,
-1,1,1754,Pond,38.980426999999999,Curr,Hist no salmon,18441,609.510756319373399,,18441,138406.144823040289339,318898089.190657675266266,Skookumchuck River,18,2812.299199599742224,389557.667010504228529,
-1,1,1755,Marsh,0.105227000000000,Curr,Hist salmon,2975,0.000000000000000,,2975,50132.307652337098261,42180804.244348973035812,Unnamed: Cascade Mountains 2,13,129.411781665812100,1051.610697612220520,
-1,1,1756,Pond,4.406176000000000,Curr,Hist no salmon,18446,432.321505277136737,,18446,138406.144823040289339,318898089.190657675266266,Skookumchuck River,18,1156.224331590929751,44033.941853091630037,
-1,1,1757,Marsh,7.835876000000000,Curr,Hist no salmon,18852,10.030301323176722,,18852,138406.144823040289339,318898089.190657675266266,Skookumchuck River,18,1333.008765661185862,78309.199748038052348,
-1,1,1758,Pond,2.389485000000000,Curr,Hist no salmon,18787,91.847821350459554,,18787,138406.144823040289339,318898089.190657675266266,Skookumchuck River,18,708.175996544237819,23879.699740190280863,
-1,1,1759,Marsh,0.690013000000000,Hist,Hist no salmon,6064,750.837444721273187,,6064,106638.473340230484609,103623513.334606394171715,Scatter Creek,22,324.362998612630463,6895.627863196085855,
-1,1,1760,Pond,0.069992000000000,Hist,Hist no salmon,2519,735.176463324939391,,2519,151813.484517717675772,406226339.697148263454437,Newaukum River,12,96.426075433751635,699.479822065209532,
-1,1,1761,Marsh,0.094604000000000,Hist,Hist no salmon,18770,432.396602910387116,,18770,138406.144823040289339,318898089.190657675266266,Skookumchuck River,18,138.739256527348033,945.443633276506603,
-1,1,1762,Pond,1.739454000000000,Curr,Hist no salmon,18762,34.600460361233957,,18762,138406.144823040289339,318898089.190657675266266,Skookumchuck River,18,520.833861516065895,17383.588638532150071,
-1,1,1763,Marsh,3.173539000000000,Curr,Hist no salmon,6058,1055.484905161620190,,6058,106638.473340230484609,103623513.334606394171715,Scatter Creek,22,804.677766627342180,31714.667194596277113,
-1,1,1764,Marsh,0.039479000000000,Hist,Hist no salmon,2780,611.088108732764226,,2780,151813.484517717675772,406226339.697148263454437,Newaukum River,12,76.007633758831659,394.542358450644315,
-1,1,1765,Pond,0.031749000000000,Curr,Hist no salmon,3831,351.678183497782527,,3831,151813.484517717675772,406226339.697148263454437,Newaukum River,12,81.810074866106177,317.290305862594437,
-1,1,1766,Pond,0.647271000000000,Curr,Hist no salmon,17891,0.000000000000000,,17891,151813.484517717675772,406226339.697148263454437,Newaukum River,12,366.775414145173556,6468.664237194590896,
-1,1,1767,Marsh,0.099542000000000,Hist,Hist salmon,18590,10.019645521959067,,18590,138406.144823040289339,318898089.190657675266266,Skookumchuck River,18,158.377992241014482,994.796528734847016,
-1,1,1768,Marsh,0.148249000000000,Hist,Hist salmon,2784,201.510975416620568,,2784,151813.484517717675772,406226339.697148263454437,Newaukum River,12,142.765699342982202,1481.567293669525043,
-1,1,1769,Marsh,6.261757000000000,Hist,Hist salmon,18790,0.000000000000000,,18790,138406.144823040289339,318898089.190657675266266,Skookumchuck River,18,2734.397944019419356,62578.450563258338661,
-1,1,1770,Pond,0.040696000000000,Curr,Hist no salmon,1731,0.000000000000000,,1731,151813.484517717675772,406226339.697148263454437,Newaukum River,12,95.833451257100805,406.709774353852026,
-1,1,1771,Marsh,1.090135000000000,Hist,Hist salmon,2048,0.000000000000000,,2048,151813.484517717675772,406226339.697148263454437,Newaukum River,12,418.415487272187477,10894.611335604417036,
-1,1,1772,Pond,0.107193000000000,Curr,Hist salmon,2559,39.430771209760849,,2559,151813.484517717675772,406226339.697148263454437,Newaukum River,12,143.932057640884835,1071.266729176665876,
-1,1,1773,Marsh,0.388138000000000,Curr,Hist salmon,2563,0.000000000000000,,2563,151813.484517717675772,406226339.697148263454437,Newaukum River,12,240.918320029968044,3878.987991335213792,
-1,1,1774,Marsh,0.167932000000000,Hist,Hist salmon,2061,0.000000000000000,,2061,151813.484517717675772,406226339.697148263454437,Newaukum River,12,194.994466302804938,1678.280043389783259,
-1,1,1775,Marsh,0.250858000000000,Hist,Hist salmon,2570,0.000000000000000,,2570,151813.484517717675772,406226339.697148263454437,Newaukum River,12,206.866187215386049,2507.036674942663922,
-1,1,1776,Marsh,0.278799000000000,Curr,Hist salmon,2571,0.000000000000000,,2571,151813.484517717675772,406226339.697148263454437,Newaukum River,12,246.515367225095702,2786.267977132382384,
-1,1,1777,Marsh,0.099220000000000,Curr,Hist salmon,2571,904.706699009346039,,2571,151813.484517717675772,406226339.697148263454437,Newaukum River,12,136.772527797361533,991.587651130461154,
-1,1,1778,Marsh,0.324839000000000,Hist,Hist salmon,18890,0.000000000000000,,18890,138406.144823040289339,318898089.190657675266266,Skookumchuck River,18,212.411153596466136,3246.379947160229221,
-1,1,1779,Marsh,1.091605000000000,Hist,Hist salmon,18709,0.000000000000000,,18709,138406.144823040289339,318898089.190657675266266,Skookumchuck River,18,460.083473750602764,10909.302982887340477,
-1,1,1780,Marsh,2.734866000000000,Curr,Hist salmon,1384,0.000000000000000,,1384,151813.484517717675772,406226339.697148263454437,Newaukum River,12,657.283106870715415,27331.934690165424399,
-1,1,1781,Marsh,0.295171000000000,Hist,Hist salmon,17913,0.000000000000000,,17913,151813.484517717675772,406226339.697148263454437,Newaukum River,12,223.241462916209315,2949.889891458579314,
-1,1,1782,Marsh,0.112074000000000,Hist,Hist salmon,3929,27.966225376239933,,3929,151813.484517717675772,406226339.697148263454437,Newaukum River,12,126.161359288970829,1120.057260525393758,
-1,1,1783,Marsh,0.125371000000000,Both,Hist no salmon,4270,1803.914806167980942,,4270,151813.484517717675772,406226339.697148263454437,Newaukum River,12,128.939187519774094,1252.952701672157673,
-1,1,1784,Marsh,1.700229000000000,Hist,Hist no salmon,4890,1310.700811966397850,,4890,76009.236526847191271,159121473.122915714979172,Upper Skookumchuck,51,603.711045305279413,16991.831522773380129,
-1,1,1785,Pond,1.624835000000000,Both,Hist no salmon,2875,249.392326145480439,,2875,151813.484517717675772,406226339.697148263454437,Newaukum River,12,554.026306484963925,16238.727767907834277,
-1,1,1786,Marsh,184.632832000000008,Both,Hist salmon,6004,0.000000000000000,4748,6004,159862.665859964530682,364384257.434201776981354,Black River,23,21277.748860415173112,1845123.177252707537264,
-1,1,1787,Marsh,32.235944000000003,Both,Hist salmon,19261,0.000000000000000,4743,19261,159862.665859964530682,364384257.434201776981354,Black River,23,11800.123070888452276,322148.816554649267346,
-1,2,1788,Lake,223.736198999999999,Curr,Hist no salmon,5000,0.000000000000000,8734,5000,138406.144823040289339,318898089.190657675266266,Skookumchuck River,18,14064.452357065643810,2235958.346058810595423,
-1,1,1789,Pond,0.107963000000000,Curr,Hist no salmon,7125,10236.938756320349057,,7125,378317.145195854303893,263575921.850556135177612,Lower Chehalis Estuary,50,142.142014621799632,1079.123773445964389,
-1,1,1790,Lake,6.250697000000000,Hist,Hist no salmon,10603,4200.633967092357125,,10603,378317.145195854303893,263575921.850556135177612,Lower Chehalis Estuary,50,1477.903129402185186,62476.000710558728315,
-1,1,1791,Pond,0.998926000000000,Both,Hist no salmon,10603,3770.193400626561925,,10603,378317.145195854303893,263575921.850556135177612,Lower Chehalis Estuary,50,478.259736390850264,9984.300350176952634,
-1,1,1792,Marsh,35.296762000000001,Curr,Curr degrade,21810,1546.512540086228000,,21810,378317.145195854303893,263575921.850556135177612,Lower Chehalis Estuary,50,2651.240039997688655,352799.813710232090671,
-1,1,1793,Pond,0.037653000000000,Curr,Hist no salmon,21810,2394.167147350636697,,21810,378317.145195854303893,263575921.850556135177612,Lower Chehalis Estuary,50,92.069129958223783,376.350631782635958,
-1,1,1794,Pond,0.029212000000000,Curr,Hist no salmon,21810,2018.829035444938199,,21810,378317.145195854303893,263575921.850556135177612,Lower Chehalis Estuary,50,74.415498452867212,291.981206615718975,
-1,1,1795,Pond,0.052857000000000,Curr,Hist no salmon,21810,2000.218501405314328,,21810,378317.145195854303893,263575921.850556135177612,Lower Chehalis Estuary,50,102.487165624589380,528.321467173190740,
-1,1,1796,Pond,0.069603000000000,Curr,Hist no salmon,21810,1952.230976634711851,,21810,378317.145195854303893,263575921.850556135177612,Lower Chehalis Estuary,50,113.448050291514036,695.703666523463880,
-1,1,1797,Pond,0.094120000000000,Curr,Hist no salmon,21810,1827.324256052432020,,21810,378317.145195854303893,263575921.850556135177612,Lower Chehalis Estuary,50,125.038109261947071,940.752089826279416,
-1,1,1798,Marsh,0.996374000000000,Curr,Hist salmon,21810,1897.041882904678005,,21810,378317.145195854303893,263575921.850556135177612,Lower Chehalis Estuary,50,645.340565908458757,9958.970380714541534,
-1,1,1799,Marsh,8.193536000000000,Curr,Hist salmon,11191,882.671971393723425,,11191,378317.145195854303893,263575921.850556135177612,Lower Chehalis Estuary,50,1258.006355046724138,81892.285708854498807,
-1,1,1800,Marsh,21.909376000000002,Both,Hist salmon,11831,135.215391550869441,,11831,230932.463257765833987,638216095.057497859001160,Humptulips River,45,5039.571564198642591,218974.750611449155258,
-1,1,1801,Marsh,1.062414000000000,Both,Hist salmon,11588,233.283256703557612,,11588,230932.463257765833987,638216095.057497859001160,Humptulips River,45,499.616482612099617,10618.344482446633265,
-1,1,1802,Marsh,5.620010000000000,Curr,Hist salmon,22423,0.000000000000000,,22423,230932.463257765833987,638216095.057497859001160,Humptulips River,45,3426.520423310528713,56169.237914751385688,
-1,1,1803,Marsh,0.388504000000000,Hist,Hist salmon,11355,455.695383679961310,,11355,230932.463257765833987,638216095.057497859001160,Humptulips River,45,320.220461141457008,3882.934261767000862,
-1,1,1804,Marsh,4.925077000000000,Curr,Hist salmon,12121,212.421359537664216,,12121,230932.463257765833987,638216095.057497859001160,Humptulips River,45,926.620757839260023,49223.612355488869071,
-1,1,1805,Pond,0.122332000000000,Hist,Hist salmon,10664,61.464849680084441,,10664,230932.463257765833987,638216095.057497859001160,Humptulips River,45,136.959886315754176,1222.652336481073235,
-1,1,1806,Marsh,6.693456000000000,Hist,Hist salmon,12121,0.000000000000000,,12121,230932.463257765833987,638216095.057497859001160,Humptulips River,45,2156.830111199495150,66897.499502702121390,
-1,1,1807,Marsh,2.215224000000000,Curr,Hist no salmon,14645,919.237703272599788,,14645,230932.463257765833987,638216095.057497859001160,Humptulips River,45,562.505325596917714,22139.260108895734447,
-1,1,1808,Marsh,3.690593000000000,Curr,Hist salmon,7115,343.152250981916495,,7115,378317.145195854303893,263575921.850556135177612,Lower Chehalis Estuary,50,1680.936248165121469,36887.190885316245840,
-1,1,1809,Marsh,0.640565000000000,Hist,Hist salmon,7110,925.399990883532610,,7110,378317.145195854303893,263575921.850556135177612,Lower Chehalis Estuary,50,329.760354688914219,6402.364678857940817,
-1,1,1810,Pond,0.205069000000000,Both,Hist salmon,9754,0.000000000000000,,9754,378317.145195854303893,263575921.850556135177612,Lower Chehalis Estuary,50,181.007790387189203,2049.571862152337417,
-1,1,1811,Marsh,0.146606000000000,Hist,Hist salmon,12870,0.000000000000000,,12870,230932.463257765833987,638216095.057497859001160,Humptulips River,45,165.914743815095363,1465.222172719078799,
-1,1,1812,Marsh,0.284469000000000,Both,Hist salmon,13351,0.000000000000000,,13351,230932.463257765833987,638216095.057497859001160,Humptulips River,45,221.993542267088827,2843.036495439339888,
-1,1,1813,Marsh,0.211152000000000,Both,Hist salmon,13352,0.000000000000000,,13352,230932.463257765833987,638216095.057497859001160,Humptulips River,45,177.576294495669430,2110.291033576886093,
-1,1,1814,Marsh,1.312493000000000,Hist,Hist salmon,14629,127.130020753726129,,14629,230932.463257765833987,638216095.057497859001160,Humptulips River,45,797.674236606140767,13117.079853878347421,
-1,1,1815,Pond,0.219979000000000,Hist,Hist no salmon,10713,0.000000000000000,,10713,378317.145195854303893,263575921.850556135177612,Lower Chehalis Estuary,50,252.271237798058195,2198.576451291544799,
-1,1,1816,Marsh,2.107513000000000,Hist,Hist salmon,7239,923.082066076323258,,7239,378317.145195854303893,263575921.850556135177612,Lower Chehalis Estuary,50,1034.929477244764939,21064.022472491684312,
-1,1,1817,Pond,3.838839000000000,Both,Hist salmon,14174,53.319174225932564,,14174,230932.463257765833987,638216095.057497859001160,Humptulips River,45,761.662188976723883,38365.225891775160562,
-1,1,1818,Marsh,6.334146000000000,Curr,Hist salmon,16141,0.000000000000000,,16141,230932.463257765833987,638216095.057497859001160,Humptulips River,45,1944.471825297537407,63299.908901823837368,
-1,1,1819,Marsh,0.508990000000000,Hist,Hist salmon,22401,868.293575453850508,,22401,378317.145195854303893,263575921.850556135177612,Lower Chehalis Estuary,50,351.641291663058553,5087.154379534691543,
-1,1,1820,Pond,0.084814000000000,Both,Hist salmon,15446,448.395227011674933,,15446,230932.463257765833987,638216095.057497859001160,Humptulips River,45,132.892078947696689,847.593076199958887,
-1,1,1821,Marsh,3.369139000000000,Curr,Hist no salmon,16036,393.147646425862149,,16036,230932.463257765833987,638216095.057497859001160,Humptulips River,45,721.232792453746470,33669.149915016954765,
-1,1,1822,Marsh,0.080915000000000,Hist,Hist salmon,12356,592.432307183396574,,12356,128409.154010552825639,234704536.754735738039017,Hoquiam River,44,132.534118322867357,808.665664914398349,
-1,1,1823,Marsh,1.192657000000000,Curr,Hist salmon,16911,0.000000000000000,,16911,230932.463257765833987,638216095.057497859001160,Humptulips River,45,553.603330176628447,11918.330228031485603,
-1,1,1824,Marsh,13.854646000000001,Curr,Hist salmon,9542,204.457752537772052,,9542,128409.154010552825639,234704536.754735738039017,Hoquiam River,44,1673.652201763208950,138467.109418856998673,
-1,1,1825,Pond,3.107341000000000,Curr,Hist no salmon,8397,19.923660959842078,,8397,378317.145195854303893,263575921.850556135177612,Lower Chehalis Estuary,50,1290.500486648255901,31055.566907746797369,Yes
-1,1,1826,Pond,0.213550000000000,Hist,Hist salmon,7090,49.751384585219114,,7090,378317.145195854303893,263575921.850556135177612,Lower Chehalis Estuary,50,183.206436606574783,2134.290532453358082,
-1,1,1827,Marsh,1.392384000000000,Hist,Hist salmon,8238,50.654326043127789,,8238,378317.145195854303893,263575921.850556135177612,Lower Chehalis Estuary,50,457.863497152870536,13915.867894387403794,
-1,1,1828,Marsh,0.142067000000000,Hist,Hist no salmon,8246,471.121614026636678,,8246,378317.145195854303893,263575921.850556135177612,Lower Chehalis Estuary,50,143.531624164317606,1419.855698951884960,
-1,1,1829,Pond,0.121870000000000,Curr,Hist salmon,10020,117.422506473844621,,10020,151947.647425919829402,266325666.708538889884949,Wishkah River,43,133.014961316902969,1217.977847043080146,
-1,1,1830,Marsh,0.629684000000000,Curr,Hist salmon,21330,0.000000000000000,,21330,128409.154010552825639,234704536.754735738039017,Hoquiam River,44,439.900554889136174,6292.827620403808396,
-1,1,1831,Marsh,0.428019000000000,Curr,Hist salmon,21332,0.000000000000000,,21332,128409.154010552825639,234704536.754735738039017,Hoquiam River,44,348.327961425351134,4277.459383649565098,
-1,1,1832,Marsh,0.197548000000000,Curr,Hist no salmon,21330,754.511907651015008,,21330,128409.154010552825639,234704536.754735738039017,Hoquiam River,44,161.878684562719855,1974.220353518832098,
-1,1,1833,Pond,0.149012000000000,Hist,Hist no salmon,7101,2877.826099689383227,,7101,378317.145195854303893,263575921.850556135177612,Lower Chehalis Estuary,50,171.905295530535142,1489.259801421421344,
-1,1,1834,Marsh,1.878176000000000,Curr,Curr degrade,8292,143.881634972456112,,8292,67420.654691214382183,87038278.247085735201836,Upper Chehalis Estuary,49,670.108097750339766,18770.692565231627668,
-1,1,1835,Pond,5.819994000000000,Curr,Hist no salmon,8291,77.703893385605298,,8291,67420.654691214382183,87038278.247085735201836,Upper Chehalis Estuary,49,1126.485271661948445,58165.685722077723767,
-1,1,1836,Marsh,0.034676000000000,Hist,Hist salmon,8819,0.000000000000000,,8819,67420.654691214382183,87038278.247085735201836,Upper Chehalis Estuary,49,77.532062105740863,346.553473360752889,
-1,1,1837,Marsh,1.018395000000000,Hist,Hist no salmon,12011,172.877350257744865,,12011,151947.647425919829402,266325666.708538889884949,Wishkah River,43,432.858013992135568,10177.409795671590473,
-1,1,1838,Pond,0.062143000000000,Curr,Hist no salmon,14046,80.801259930475382,,14046,151947.647425919829402,266325666.708538889884949,Wishkah River,43,126.969944327548603,621.016425641664114,
-1,1,1839,Marsh,0.326359000000000,Curr,Hist salmon,21614,476.699241564231784,,21614,230932.463257765833987,638216095.057497859001160,Humptulips River,45,247.942570811652274,3261.310728288190603,
-1,1,1840,Pond,0.651401000000000,Curr,Hist no salmon,7275,1032.777011813746185,,7275,159862.665859964530682,364384257.434201776981354,Black River,23,333.473697231126891,6509.644720472333574,
-1,1,1841,Marsh,0.050375000000000,Hist,Hist salmon,20556,0.000000000000000,,20556,98751.225704972457606,77067740.308363378047943,Unnamed: Central Lowlands 6,20,108.679205402342419,503.430542358368029,
-1,1,1842,Pond,0.108985000000000,Both,Hist no salmon,2843,865.935115487583289,,2843,151813.484517717675772,406226339.697148263454437,Newaukum River,12,142.839459705592844,1089.194504780734860,
-1,1,1843,Marsh,0.469301000000000,Hist,Hist salmon,3153,481.164604043545694,,3153,151813.484517717675772,406226339.697148263454437,Newaukum River,12,339.859605308624282,4690.116887013057749,
-1,1,1844,Pond,0.134802000000000,Curr,Hist no salmon,5753,391.268605996695499,,5753,159862.665859964530682,364384257.434201776981354,Black River,23,179.297204052713170,1347.149848435747799,
-1,1,1845,Marsh,0.227751000000000,Both,Hist salmon,18151,809.989521775426510,,18151,138406.144823040289339,318898089.190657675266266,Skookumchuck River,18,227.617360014623671,2276.061711947686035,
-1,1,1846,Marsh,0.088011000000000,Curr,Hist no salmon,23044,96.618394476921367,,23044,118289.321295402623946,126156469.879530921578407,Upper Chehalis: Proposed Dam to Elk Creek,2,110.070041638515903,879.562379626365555,
-1,1,1847,Pond,0.110222000000000,Hist,Hist salmon,10779,85.757375257273040,,10779,246250.590740413172171,507221006.855407536029816,Wynoochee River,42,150.866334738116024,1101.515287851520952,
-1,1,1848,Pond,0.891117000000000,Both,Hist no salmon,17761,3650.476157709932522,,17761,222380.125267685507424,776523555.048679113388062,Satsop River,40,584.243400913031337,8903.967568655474679,
-1,1,1849,Pond,0.100674000000000,Curr,Hist no salmon,7125,9982.782769558878499,,7125,378317.145195854303893,263575921.850556135177612,Lower Chehalis Estuary,50,128.648009930971739,1006.266098864295031,
-1,1,1850,Marsh,0.582363000000000,Curr,Hist no salmon,21653,125.054688609590187,,21653,230932.463257765833987,638216095.057497859001160,Humptulips River,45,334.761653490045319,5819.950119956393792,
-1,1,1851,Pond,0.086555000000000,Hist,Hist no salmon,8510,655.159935354598247,,8510,67420.654691214382183,87038278.247085735201836,Upper Chehalis Estuary,49,109.236136076533256,865.017762597087199,
-1,1,1852,Pond,0.126886000000000,Both,Hist salmon,9622,50.430879471733839,,9622,246250.590740413172171,507221006.855407536029816,Wynoochee River,42,311.456303346883999,1268.069403191382662,Yes
-1,1,1853,Pond,0.016614000000000,Both,Hist salmon,10107,39.731176413366029,,10107,246250.590740413172171,507221006.855407536029816,Wynoochee River,42,85.333326018594093,166.033182109881125,
-1,1,1854,Marsh,0.158987000000000,Both,Hist salmon,9858,202.532068581524044,,9858,246250.590740413172171,507221006.855407536029816,Wynoochee River,42,232.321976537776266,1588.880533984566910,
-1,1,1855,Marsh,0.230770000000000,Both,Hist salmon,11330,159.504059343643860,,11330,246250.590740413172171,507221006.855407536029816,Wynoochee River,42,243.192460726267200,2306.229337711457447,
-1,1,1856,Pond,0.091411000000000,Both,Hist salmon,8101,406.386745402039026,,8101,67420.654691214382183,87038278.247085735201836,Upper Chehalis Estuary,49,112.982778753147002,913.553249711632134,
-1,1,1857,Marsh,2.585919000000000,Curr,Hist salmon,9161,0.000000000000000,,9161,246250.590740413172171,507221006.855407536029816,Wynoochee River,42,1277.671249473580929,25843.176592001091194,
-1,1,1858,Marsh,2.734151000000000,Curr,Hist salmon,13044,136.298990717982207,,13044,246250.590740413172171,507221006.855407536029816,Wynoochee River,42,1318.545678826676522,27323.093651749448327,
-1,1,1859,Marsh,0.096766000000000,Both,Hist salmon,21114,0.000000000000000,,21114,151947.647425919829402,266325666.708538889884949,Wishkah River,43,177.170432023433193,966.992009443761390,
-1,1,1860,Pond,0.092777000000000,Curr,Hist no salmon,14566,373.309212219580729,,14566,246250.590740413172171,507221006.855407536029816,Wynoochee River,42,144.175358628205316,927.113774263122650,
-1,1,1861,Marsh,0.692862000000000,Both,Hist no salmon,16965,0.023754528372070,,16965,246250.590740413172171,507221006.855407536029816,Wynoochee River,42,321.965915759331608,6923.460922877472512,
-1,1,1862,Marsh,4.779878000000000,Both,Hist salmon,16387,114.401015639093202,,16387,246250.590740413172171,507221006.855407536029816,Wynoochee River,42,1046.279108824473042,47764.438140833299258,
-1,1,1863,Marsh,1.466466000000000,Hist,Hist salmon,15178,0.000000000000000,,15178,246250.590740413172171,507221006.855407536029816,Wynoochee River,42,605.377215783667907,14654.002719265110500,
-1,1,1864,Pond,1.169166000000000,Hist,Hist no salmon,17572,423.646322659461362,,17572,246250.590740413172171,507221006.855407536029816,Wynoochee River,42,813.388247871130261,11682.408353076163621,
-1,1,1865,Marsh,0.991175000000000,Hist,Hist no salmon,17630,0.000000000000000,,17630,246250.590740413172171,507221006.855407536029816,Wynoochee River,42,370.266828452858931,9903.817759947605737,
-1,1,1866,Marsh,0.539069000000000,Both,Hist no salmon,17635,349.213751442991679,,17635,246250.590740413172171,507221006.855407536029816,Wynoochee River,42,324.592664932149660,5386.362980442200751,
-1,1,1867,Marsh,0.907057000000000,Hist,Hist salmon,13948,98.819285710560791,,13948,222380.125267685507424,776523555.048679113388062,Satsop River,40,409.304513955936500,9064.272053166587284,
-1,1,1868,Marsh,0.371962000000000,Curr,Hist salmon,16274,237.272340547942832,,16274,222380.125267685507424,776523555.048679113388062,Satsop River,40,269.682815738211275,3716.893216826148546,
-1,1,1869,Marsh,1.463396000000000,Both,Hist no salmon,17635,332.586387341042894,,17635,246250.590740413172171,507221006.855407536029816,Wynoochee River,42,527.707981448356804,14622.220363235259356,
-1,1,1870,Pond,0.030207000000000,Hist,Hist no salmon,17782,5864.004502401709033,,17782,246250.590740413172171,507221006.855407536029816,Wynoochee River,42,64.082991093860471,301.812305386909429,
-1,1,1871,Pond,0.040791000000000,Hist,Hist no salmon,17782,6180.298452457021995,,17782,246250.590740413172171,507221006.855407536029816,Wynoochee River,42,76.984741495959327,407.555947108469582,
-1,1,1872,Marsh,0.684243000000000,Hist,Hist salmon,14037,632.757860253494755,,14037,222380.125267685507424,776523555.048679113388062,Satsop River,40,340.695920039845817,6837.651302706246497,
-1,1,1873,Pond,0.721057000000000,Both,Hist salmon,17586,2803.706275982737679,,17586,222380.125267685507424,776523555.048679113388062,Satsop River,40,453.299831998547859,7204.804556032899200,
-1,1,1874,Pond,0.302800000000000,Hist,Hist salmon,20262,184.817330546086708,,20262,222380.125267685507424,776523555.048679113388062,Satsop River,40,264.322561509397588,3025.993477658545544,
-1,1,1875,Pond,1.123479000000000,Both,Hist no salmon,17761,2920.142998196623466,,17761,222380.125267685507424,776523555.048679113388062,Satsop River,40,484.769627527791670,11225.693952272584283,
-1,1,1876,Pond,1.203760000000000,Both,Hist salmon,3910,1671.620510504090362,,3910,76524.840528758461005,151273081.305056989192963,Elk Creek,3,784.481022730629775,12030.419031452438503,
-1,1,1877,Marsh,0.811125000000000,Both,Hist salmon,13236,0.000000000000000,,13236,222380.125267685507424,776523555.048679113388062,Satsop River,40,379.152907368323895,8105.560845207801322,
-1,1,1878,Pond,0.029071000000000,Both,Hist salmon,13526,0.000000000000000,,13526,222380.125267685507424,776523555.048679113388062,Satsop River,40,66.143543149625330,290.499957345002542,
-1,1,1879,Marsh,3.763758000000000,Curr,Hist salmon,13523,0.000000000000000,,13523,222380.125267685507424,776523555.048679113388062,Satsop River,40,807.113757872582369,37610.883685689615959,
-1,1,1880,Marsh,0.373148000000000,Hist,Hist salmon,15036,0.014349162488206,,15036,222380.125267685507424,776523555.048679113388062,Satsop River,40,325.333250097109101,3728.810099198827174,
-1,1,1881,Marsh,18.432105000000000,Curr,Hist salmon,15037,0.000000000000000,,15037,222380.125267685507424,776523555.048679113388062,Satsop River,40,4302.623108906412199,184188.873336465097964,
-1,1,1882,Marsh,0.380857000000000,Both,Hist salmon,15044,264.637310035541020,,15044,222380.125267685507424,776523555.048679113388062,Satsop River,40,233.720558337184514,3805.837329621717799,
-1,1,1883,Marsh,0.213881000000000,Hist,Hist salmon,3910,1522.551988599395372,,3910,76524.840528758461005,151273081.305056989192963,Elk Creek,3,184.390758330585470,2137.537344458249663,
-1,1,1884,Pond,0.210667000000000,Hist,Hist salmon,8596,242.302205286937379,,8596,61832.701814796862891,85343223.067351639270782,Unnamed: Central Lowlands 2,36,202.727267903181428,2105.318361002922302,
-1,1,1885,Marsh,66.006837000000004,Curr,Hist salmon,13520,0.000000000000000,,13520,222380.125267685507424,776523555.048679113388062,Satsop River,40,10684.099776899765857,659597.558145605144091,
-1,1,1886,Marsh,0.372536000000000,Hist,Hist salmon,13533,419.959509055541218,,13533,222380.125267685507424,776523555.048679113388062,Satsop River,40,254.122311330010973,3722.695247076084797,
-1,1,1887,Marsh,0.063839000000000,Curr,Hist salmon,13521,964.250000867363156,,13521,222380.125267685507424,776523555.048679113388062,Satsop River,40,137.224167086166887,637.936205209394075,
-1,1,1888,Marsh,0.022524000000000,Curr,Hist salmon,13521,1020.967086329404538,,13521,222380.125267685507424,776523555.048679113388062,Satsop River,40,60.739772842062834,225.076408896774183,
-1,1,1889,Marsh,0.035249000000000,Curr,Hist salmon,13533,977.950594777014771,,13533,222380.125267685507424,776523555.048679113388062,Satsop River,40,82.624418995153931,352.234920768986626,
-1,1,1890,Marsh,0.006506000000000,Curr,Hist salmon,13537,932.022228849210364,,13537,222380.125267685507424,776523555.048679113388062,Satsop River,40,33.033760336958828,65.013276034511094,
-1,1,1891,Marsh,0.547471000000000,Curr,Hist salmon,13533,1068.221361018514926,,13533,222380.125267685507424,776523555.048679113388062,Satsop River,40,383.557912906686909,5470.800015749836348,
-1,1,1892,Marsh,0.054363000000000,Curr,Hist salmon,13533,1205.604163979558962,,13533,222380.125267685507424,776523555.048679113388062,Satsop River,40,98.932618161907271,543.241177119775102,
-1,1,1893,Marsh,0.007592000000000,Curr,Hist salmon,13533,1291.927438948207509,,13533,222380.125267685507424,776523555.048679113388062,Satsop River,40,40.946435660817016,75.861052568600059,
-1,1,1894,Pond,0.026066000000000,Hist,Hist no salmon,15054,286.840030843239390,,15054,222380.125267685507424,776523555.048679113388062,Satsop River,40,73.309974795566362,260.465706761957108,
-1,1,1895,Pond,0.029100000000000,Curr,Hist salmon,9201,120.060988525763662,,9201,72380.641822059013066,39697893.786662034690380,Mainstem: Lower Chehalis 6,62,72.724875342104681,290.808528815364923,
-1,1,1896,Pond,0.040390000000000,Curr,Hist salmon,9201,180.672591126458030,,9201,72380.641822059013066,39697893.786662034690380,Mainstem: Lower Chehalis 6,62,110.348249183253159,403.636048667231421,
-1,1,1897,Marsh,0.704983000000000,Hist,Hist salmon,7506,103.676218029959756,,7506,61832.701814796862891,85343223.067351639270782,Unnamed: Central Lowlands 2,36,346.044781160275420,7045.299179018042196,
-1,1,1898,Pond,0.125881000000000,Hist,Hist salmon,8544,185.872822178312560,,8544,61832.701814796862891,85343223.067351639270782,Unnamed: Central Lowlands 2,36,138.000463252903501,1258.000133735712097,
-1,1,1899,Pond,1.283937000000000,Curr,Hist salmon,9197,495.689111290475523,,9197,72380.641822059013066,39697893.786662034690380,Mainstem: Lower Chehalis 6,62,540.890145638029821,12831.010142571347387,
-1,1,1900,Marsh,0.468251000000000,Curr,Hist salmon,20074,918.254604742379911,,20074,43165.804896704394196,40547067.944952234625816,Unnamed: Black Hills 1,38,276.765408536750101,4679.383088655311440,
-1,1,1901,Pond,0.255238000000000,Both,Hist salmon,20734,1172.687064445592114,,20734,76524.840528758461005,151273081.305056989192963,Elk Creek,3,208.954903884214218,2550.844499195552089,
-1,1,1902,Marsh,6.808815000000000,Hist,Hist salmon,10099,258.973039493062117,,10099,43165.804896704394196,40547067.944952234625816,Unnamed: Black Hills 1,38,2566.604232034691904,68042.686829342579586,
-1,1,1903,Marsh,0.513041000000000,Both,Hist salmon,3887,95.621643075073777,,3887,76524.840528758461005,151273081.305056989192963,Elk Creek,3,355.796051711074483,5127.294641791276263,
-1,1,1904,Marsh,1.573551000000000,Curr,Hist salmon,9266,0.000000000000000,,9266,43165.804896704394196,40547067.944952234625816,Unnamed: Black Hills 1,38,677.880764198417978,15725.092364646385249,
-1,1,1905,Marsh,1.021444000000000,Curr,Hist no salmon,13462,1435.768224942199140,,13462,222380.125267685507424,776523555.048679113388062,Satsop River,40,498.509120320108764,10207.142872591684863,
-1,1,1906,Marsh,1.231153000000000,Curr,Hist no salmon,15638,838.831786654617076,,15638,222380.125267685507424,776523555.048679113388062,Satsop River,40,472.849415904482726,12302.239149681316121,
-1,1,1907,Pond,0.069157000000000,Hist,Hist no salmon,1069,1155.524097348741407,,1069,118289.321295402623946,126156469.879530921578407,Upper Chehalis: Proposed Dam to Elk Creek,2,104.135837970463484,691.150717576404077,
-1,1,1908,Pond,0.072708000000000,Both,Hist salmon,19529,0.000000000000000,,19529,76524.840528758461005,151273081.305056989192963,Elk Creek,3,129.048719976717251,726.634100894274980,
-1,1,1909,Pond,0.044139000000000,Both,Hist salmon,3365,151.824375614603611,,3365,76524.840528758461005,151273081.305056989192963,Elk Creek,3,79.151130407450935,441.124340879244073,
-1,1,1910,Pond,0.527930000000000,Curr,Hist salmon,9067,178.488554439487984,,9067,72380.641822059013066,39697893.786662034690380,Mainstem: Lower Chehalis 6,62,617.556621819021302,5275.846772879211130,
-1,1,1911,Marsh,1.642947000000000,Curr,Hist salmon,10332,1259.120943672263365,,10332,111846.634780773121747,175346973.513960331678391,Cloquallum Creek,37,697.837754582853904,16418.377230402918940,
-1,1,1912,Marsh,0.097867000000000,Both,Hist salmon,3531,187.287925775936486,,3531,76524.840528758461005,151273081.305056989192963,Elk Creek,3,160.785593704703928,978.070315442452397,
-1,1,1913,Pond,0.201217000000000,Both,Hist salmon,3529,617.622811104434049,,3529,76524.840528758461005,151273081.305056989192963,Elk Creek,3,191.412909661662582,2010.946634758945720,
-1,1,1914,Marsh,0.361829000000000,Hist,Hist salmon,8962,0.000000000000000,7592,8962,111846.634780773121747,175346973.513960331678391,Cloquallum Creek,37,320.309442198760053,3615.897942322441395,
-1,1,1915,Marsh,3.448131000000000,Hist,Hist salmon,8964,0.000000000000000,7591,8964,111846.634780773121747,175346973.513960331678391,Cloquallum Creek,37,775.209957373881934,34458.465080777263211,
-1,1,1916,Marsh,0.102464000000000,Curr,Hist no salmon,13098,454.730203935104441,,13098,222380.125267685507424,776523555.048679113388062,Satsop River,40,123.968246384612939,1023.915144988587826,
-1,1,1917,Marsh,0.046377000000000,Hist,Hist no salmon,13098,451.344815871000094,,13098,222380.125267685507424,776523555.048679113388062,Satsop River,40,82.020682548914380,463.445857084881084,
-1,1,1918,Marsh,17.426881000000002,Hist,Hist salmon,13627,102.246536676877980,,13627,222380.125267685507424,776523555.048679113388062,Satsop River,40,3145.858736780019626,174144.669073120312532,
-1,1,1919,Marsh,3.542334000000000,Hist,Hist salmon,13701,148.586686415615475,,13701,222380.125267685507424,776523555.048679113388062,Satsop River,40,1185.247677210630854,35397.642742688236467,
-1,1,1920,Marsh,2.649748000000000,Curr,Hist salmon,15677,695.849608714302121,,15677,222380.125267685507424,776523555.048679113388062,Satsop River,40,818.806395465721835,26477.590152353703161,
-1,1,1921,Pond,0.153491000000000,Both,Hist salmon,3529,426.566289116397286,,3529,76524.840528758461005,151273081.305056989192963,Elk Creek,3,159.118311923027335,1533.971415003713901,
-1,1,1922,Marsh,2.786569000000000,Curr,Hist salmon,5313,0.000000000000000,,5313,55554.058267856235034,72106875.751249000430107,Garrard Creek,25,1073.213678560355447,27848.297065320752154,
-1,1,1923,Marsh,0.211747000000000,Hist,Hist salmon,7673,72.021758135329904,,7673,72380.641822059013066,39697893.786662034690380,Mainstem: Lower Chehalis 6,62,213.742697756237703,2116.084711070594494,Yes
-1,1,1924,Marsh,0.766231000000000,Hist,Hist no salmon,13396,105.930360400468075,,13396,222380.125267685507424,776523555.048679113388062,Satsop River,40,478.333124809328524,7656.828343317802137,
-1,1,1925,Marsh,59.884796999999999,Hist,Hist salmon,13405,0.000000000000000,,13405,222380.125267685507424,776523555.048679113388062,Satsop River,40,8310.914812446253563,598415.569592572283000,
-1,1,1926,Marsh,0.609938000000000,Curr,Hist no salmon,22639,519.349791723966973,,22639,222380.125267685507424,776523555.048679113388062,Satsop River,40,292.136946664925063,6094.853409821572313,
-1,1,1927,Marsh,0.096414000000000,Hist,Hist salmon,22946,0.000000000000000,,22946,118289.321295402623946,126156469.879530921578407,Upper Chehalis: Proposed Dam to Elk Creek,2,116.208618652085534,963.549815606826769,
-1,1,1928,Marsh,0.943845000000000,Hist,Hist salmon,3035,0.000000000000000,,3035,76524.840528758461005,151273081.305056989192963,Elk Creek,3,399.270111300866972,9432.680506341972432,
-1,1,1929,Marsh,0.045240000000000,Curr,Hist salmon,19557,0.000000000000000,,19557,76524.840528758461005,151273081.305056989192963,Elk Creek,3,89.763460601386186,452.120299940717700,
-1,1,1930,Pond,0.136065000000000,Hist,Hist no salmon,4910,677.735209069159737,,4910,55554.058267856235034,72106875.751249000430107,Garrard Creek,25,139.195477418124028,1359.804534139771931,
-1,1,1931,Marsh,2.911489000000000,Curr,Hist salmon,5310,0.000000000000000,,5310,55554.058267856235034,72106875.751249000430107,Garrard Creek,25,809.678352979135184,29096.699308745854069,
-1,1,1932,Marsh,2.198603000000000,Hist,Hist salmon,6169,0.000000000000000,,6169,52529.756095652686781,68590327.366781875491142,Rock Creek (Lower Chehalis),28,925.364641544243227,21972.142844074289314,
-1,1,1933,Marsh,1.306215000000000,Hist,Hist salmon,6167,0.000000000000000,,6167,52529.756095652686781,68590327.366781875491142,Rock Creek (Lower Chehalis),28,755.452978040215385,13053.884268004096157,
-1,1,1934,Marsh,0.449865000000000,Hist,Hist salmon,6166,0.000000000000000,,6166,52529.756095652686781,68590327.366781875491142,Rock Creek (Lower Chehalis),28,322.395787659024563,4495.794571578246178,
-1,1,1935,Marsh,0.361105000000000,Curr,Hist salmon,7678,605.303555642416200,,7678,72380.641822059013066,39697893.786662034690380,Mainstem: Lower Chehalis 6,62,346.444259687552005,3608.677732969009867,
-1,1,1936,Marsh,1.119980000000000,Hist,Hist no salmon,13247,249.897644576621673,,13247,222380.125267685507424,776523555.048679113388062,Satsop River,40,426.439086408867411,11191.827905373176691,
-1,1,1937,Marsh,1.081777000000000,Curr,Hist salmon,13377,874.909938041367013,,13377,222380.125267685507424,776523555.048679113388062,Satsop River,40,428.147899877036082,10810.000823925491204,
-1,1,1938,Marsh,3.297935000000000,Curr,Hist salmon,13378,593.647966765532146,,13378,222380.125267685507424,776523555.048679113388062,Satsop River,40,1183.457712163546148,32955.659433764769346,
-1,1,1939,Marsh,3.393200000000000,Hist,Hist salmon,13413,421.944831078801599,,13413,222380.125267685507424,776523555.048679113388062,Satsop River,40,835.053171524450136,33907.478084074107755,
-1,1,1940,Marsh,4.723914000000000,Hist,Hist salmon,13416,84.465802980662929,,13416,222380.125267685507424,776523555.048679113388062,Satsop River,40,1043.072142156818700,47204.828809124977852,
-1,1,1941,Marsh,0.934610000000000,Curr,Hist salmon,13664,613.288656758087541,,13664,222380.125267685507424,776523555.048679113388062,Satsop River,40,374.364333084930138,9339.258543426984033,
-1,1,1942,Marsh,0.705858000000000,Curr,Hist no salmon,22642,529.250014997380390,,22642,222380.125267685507424,776523555.048679113388062,Satsop River,40,310.756303414306274,7053.310831960314317,
-1,1,1943,Marsh,0.418224000000000,Curr,Hist salmon,1147,41.054235000077036,,1147,118289.321295402623946,126156469.879530921578407,Upper Chehalis: Proposed Dam to Elk Creek,2,342.187431420588496,4179.679010188844586,
-1,1,1944,Marsh,0.021275000000000,Curr,Hist no salmon,19848,689.174582360675004,,19848,90912.708609555149451,112473867.070502221584320,Lincoln Creek,19,62.335591727297881,212.622605028611758,
-1,1,1945,Marsh,0.262243000000000,Hist,Hist no salmon,13371,531.257388874291109,,13371,222380.125267685507424,776523555.048679113388062,Satsop River,40,203.197302273389994,2620.551650110513492,
-1,1,1946,Marsh,0.130840000000000,Curr,Hist no salmon,13379,285.742692113460521,,13379,222380.125267685507424,776523555.048679113388062,Satsop River,40,134.322913575566758,1307.456779009711681,
-1,1,1947,Marsh,7.585555000000000,Curr,Hist no salmon,13897,223.136752576245101,,13897,222380.125267685507424,776523555.048679113388062,Satsop River,40,1201.321168132951470,75800.939561325911200,
-1,1,1948,Marsh,0.496414000000000,Hist,Hist no salmon,13418,327.172356434516985,,13418,222380.125267685507424,776523555.048679113388062,Satsop River,40,309.394794964155551,4960.530889830204615,
-1,1,1949,Marsh,0.426209000000000,Hist,Hist no salmon,13991,484.559615910080140,,13991,222380.125267685507424,776523555.048679113388062,Satsop River,40,262.908937481459304,4258.998890399539960,
-1,1,1950,Marsh,0.201325000000000,Hist,Hist salmon,13425,346.835415006749031,,13425,222380.125267685507424,776523555.048679113388062,Satsop River,40,179.877723993890129,2011.774541656355041,
-1,1,1951,Marsh,0.189370000000000,Curr,Hist no salmon,13425,1214.558750179273829,,13425,222380.125267685507424,776523555.048679113388062,Satsop River,40,210.529777610207987,1892.309974995820085,
-1,1,1952,Marsh,3.771771000000000,Hist,Hist salmon,14101,432.562299649011379,,14101,222380.125267685507424,776523555.048679113388062,Satsop River,40,897.675631420537684,37690.130725626324420,
-1,1,1953,Marsh,1.353087000000000,Curr,Hist no salmon,22642,645.226520841645765,,22642,222380.125267685507424,776523555.048679113388062,Satsop River,40,438.982113541966498,13520.751138503073889,
-1,1,1954,Marsh,1.681894000000000,Curr,Hist salmon,5846,0.000000000000000,,5846,34889.509330777720606,17144842.197271723300219,Unnamed: Central Lowlands 4,27,1013.034858337160244,16808.296597890221165,
-1,1,1955,Marsh,7.683489000000000,Curr,Hist salmon,14169,0.000000000000000,,14169,222380.125267685507424,776523555.048679113388062,Satsop River,40,2362.235500486388446,76778.859217371602426,
-1,1,1956,Marsh,0.517537000000000,Hist,Hist no salmon,14101,801.700520619282429,,14101,222380.125267685507424,776523555.048679113388062,Satsop River,40,323.440729802126270,5171.577655135058194,
-1,1,1957,Marsh,1.873350000000000,Curr,Hist salmon,14173,91.043725408387431,,14173,222380.125267685507424,776523555.048679113388062,Satsop River,40,674.808471235293609,18719.797986028548621,
-1,1,1958,Marsh,2.058030000000000,Curr,Hist salmon,14981,953.065808395926751,,14981,222380.125267685507424,776523555.048679113388062,Satsop River,40,976.685719667682292,20564.933777475838724,
-1,1,1959,Marsh,0.473517000000000,Curr,Hist no salmon,15007,490.814453796305372,,15007,222380.125267685507424,776523555.048679113388062,Satsop River,40,309.936050209871951,4731.568579296770622,
-1,1,1960,Marsh,0.035089000000000,Both,Hist salmon,149,433.476104146019054,,149,87582.837988347251667,164879927.806114047765732,Upper Chehalis: Above Proposed Dam,1,83.645344675746514,350.669357998065266,
-1,1,1961,Marsh,0.075781000000000,Both,Hist salmon,149,118.955642119360220,,149,87582.837988347251667,164879927.806114047765732,Upper Chehalis: Above Proposed Dam,1,136.075995552981368,757.331698389478220,
-1,1,1962,Marsh,0.876633000000000,Hist,Hist salmon,1721,263.444599118913402,,1721,118289.321295402623946,126156469.879530921578407,Upper Chehalis: Proposed Dam to Elk Creek,2,452.204934744644333,8760.922189518616506,
-1,1,1963,Marsh,0.021627000000000,Hist,Hist no salmon,22994,410.493552306794470,,22994,65306.643175367535150,54983150.600972734391689,Unnamed: Willapa Hills 2,6,57.425378298222526,216.135649638566235,
-1,1,1964,Marsh,0.106684000000000,Both,Hist no salmon,3601,300.065968747602710,,3601,65306.643175367535150,54983150.600972734391689,Unnamed: Willapa Hills 2,6,148.220788106984600,1066.179466124028295,
-1,1,1965,Marsh,0.810588000000000,Curr,Hist salmon,5018,22.926725255929934,,5018,55554.058267856235034,72106875.751249000430107,Garrard Creek,25,471.544875673966203,8100.804550258597374,
-1,1,1966,Marsh,2.729247000000000,Hist,Hist salmon,6878,508.967442201711322,,6878,25489.615299052060436,11565107.814306572079659,Mainstem: Lower Chehalis 5,61,1625.646216987381649,27274.855122223165381,
-1,1,1967,Marsh,1.950918000000000,Curr,Hist salmon,7365,334.113561430791606,,7365,25489.615299052060436,11565107.814306572079659,Mainstem: Lower Chehalis 5,61,888.523973989352839,19496.523517061348684,Yes
-1,1,1968,Marsh,0.862312000000000,Hist,Hist no salmon,13905,360.740328374085323,,13905,222380.125267685507424,776523555.048679113388062,Satsop River,40,536.889508551268250,8616.901043648436826,
-1,1,1969,Marsh,0.492522000000000,Curr,Hist no salmon,13907,614.195058264014051,,13907,222380.125267685507424,776523555.048679113388062,Satsop River,40,264.893380382704436,4921.665869776907130,
-1,1,1970,Marsh,3.009237000000000,Curr,Hist salmon,13909,67.517342678840066,,13909,222380.125267685507424,776523555.048679113388062,Satsop River,40,834.161365707842265,30070.576886408456630,
-1,1,1971,Marsh,2.000328000000000,Hist,Hist salmon,14984,1238.486352098811494,,14984,222380.125267685507424,776523555.048679113388062,Satsop River,40,1038.403731071301308,19988.295322022400796,
-1,1,1972,Marsh,0.071154000000000,Hist,Hist salmon,8081,465.252401791842601,,8081,64500.793559666235524,70730227.349633023142815,Mox Chehalis Creek,34,116.088084196668078,711.062208741670133,
-1,1,1973,Marsh,3.397723000000000,Curr,Hist salmon,13922,491.391433297180242,,13922,222380.125267685507424,776523555.048679113388062,Satsop River,40,924.824445269531338,33952.339397357674898,
-1,1,1974,Marsh,20.105142000000001,Curr,Hist salmon,14685,0.000000000000000,,14685,222380.125267685507424,776523555.048679113388062,Satsop River,40,5038.076780702272117,200902.666460709762760,
-1,1,1975,Marsh,0.168740000000000,Both,Hist salmon,122,0.000000000000000,,122,87582.837988347251667,164879927.806114047765732,Upper Chehalis: Above Proposed Dam,1,186.611316039897503,1686.336315934783443,
-1,1,1976,Marsh,0.093187000000000,Curr,Hist salmon,6068,1127.749730428547537,,6068,34889.509330777720606,17144842.197271723300219,Unnamed: Central Lowlands 4,27,138.140011151358607,931.272591654096232,Yes
-1,2,1977,Pond,1.790688000000000,Hist,Hist salmon,6068,746.750928429037003,,6068,34889.509330777720606,17144842.197271723300219,Unnamed: Central Lowlands 4,27,968.819832086843348,17895.424812405279226,Yes
-1,1,1978,Pond,0.099215000000000,Curr,Hist no salmon,6439,202.222712801440679,,6439,70790.401097194917384,102524081.591505512595177,Cedar Creek,29,130.988521641255545,991.506605798926216,
-1,1,1979,Marsh,0.361529000000000,Hist,Hist salmon,10574,0.000000000000000,,10574,111846.634780773121747,175346973.513960331678391,Cloquallum Creek,37,302.381225141065499,3612.806403650842640,
-1,1,1980,Marsh,0.231432000000000,Hist,Hist salmon,12496,118.516010005342636,,12496,111846.634780773121747,175346973.513960331678391,Cloquallum Creek,37,257.427398476926612,2312.674716386812634,
-1,1,1981,Marsh,0.013476000000000,Hist,Hist salmon,14689,481.527530481502708,,14689,222380.125267685507424,776523555.048679113388062,Satsop River,40,52.955308988848621,134.664858725754442,
-1,1,1982,Marsh,0.026452000000000,Curr,Hist salmon,14689,527.146509442369165,,14689,222380.125267685507424,776523555.048679113388062,Satsop River,40,64.099353062366816,264.323294462785384,
-1,1,1983,Marsh,1.369723000000000,Curr,Hist no salmon,14688,1022.581925283245937,,14688,222380.125267685507424,776523555.048679113388062,Satsop River,40,552.917420722719157,13687.152360655416487,
-1,1,1984,Marsh,0.015443000000000,Curr,Hist salmon,14689,588.749543816333244,,14689,222380.125267685507424,776523555.048679113388062,Satsop River,40,58.324094425840478,154.315138846922451,
-1,1,1985,Marsh,1.716901000000000,Curr,Hist salmon,14702,0.000000000000000,,14702,222380.125267685507424,776523555.048679113388062,Satsop River,40,567.171092580220943,17156.199479517912550,
-1,1,1986,Pond,0.054188000000000,Hist,Hist salmon,4359,180.281130214082452,,4359,90912.708609555149451,112473867.070502221584320,Lincoln Creek,19,85.217565451929616,541.542250334000641,
-1,1,1987,Marsh,4.504939000000000,Hist,Hist salmon,5943,120.718408011128219,,5943,38521.396498919821170,15187066.736874151974916,Mainstem: Lower Chehalis 4,60,1600.253865617774636,45020.671921459892474,
-1,1,1988,Marsh,0.086855000000000,Hist,Hist salmon,12498,0.000000000000000,,12498,111846.634780773121747,175346973.513960331678391,Cloquallum Creek,37,163.553681356864047,867.928034480266888,
-1,1,1989,Pond,0.062248000000000,Hist,Hist salmon,12501,0.000000000000000,,12501,111846.634780773121747,175346973.513960331678391,Cloquallum Creek,37,118.453377101225271,622.030596382350041,
-1,1,1990,Marsh,0.120723000000000,Hist,Hist no salmon,2619,678.629145993852831,,2619,118289.321295402623946,126156469.879530921578407,Upper Chehalis: Proposed Dam to Elk Creek,2,135.489101264885136,1206.479207091367698,
-1,1,1991,Marsh,6.235880000000000,Hist,Hist no salmon,8365,1531.744885795199025,,8365,39771.791102286122623,24612682.804720312356949,Unnamed: Black Hills 4,30,2293.668817967957693,62317.616500744377845,
-1,1,1992,Marsh,2.439770000000000,Hist,Hist no salmon,6968,2402.177220004779429,,6968,39771.791102286122623,24612682.804720312356949,Unnamed: Black Hills 4,30,1455.507259481834581,24381.634791594602575,
-1,1,1993,Marsh,0.144091000000000,Curr,Hist no salmon,6504,636.954069938395151,,6504,70790.401097194917384,102524081.591505512595177,Cedar Creek,29,199.259544716246154,1439.981105015486719,
-1,1,1994,Marsh,0.209234000000000,Hist,Hist no salmon,6560,2674.385855447027097,,6560,39771.791102286122623,24612682.804720312356949,Unnamed: Black Hills 4,30,181.286962889443714,2090.965850112477256,
-1,1,1995,Pond,0.395577000000000,Curr,Hist salmon,10388,11.527051741529833,,10388,64500.793559666235524,70730227.349633023142815,Mox Chehalis Creek,34,316.240880370903255,3953.049038907086924,
-1,1,1996,Marsh,1.052049000000000,Hist,Hist salmon,11140,0.000000000000000,,11140,111846.634780773121747,175346973.513960331678391,Cloquallum Creek,37,383.576308317672215,10513.172316173102445,
-1,1,1997,Marsh,0.983299000000000,Hist,Hist no salmon,8201,2083.627122393156696,,8201,67829.617527592563420,102901766.598401084542274,Porter Creek,32,567.826558458089494,9826.478321781061823,
-1,1,1998,Marsh,0.423274000000000,Hist,Hist salmon,8631,1214.458014846275091,,8631,67829.617527592563420,102901766.598401084542274,Porter Creek,32,249.660567381682256,4229.878998643875093,
-1,1,1999,Pond,1.068299000000000,Curr,Hist salmon,703,0.000000000000000,,703,128713.250162538577570,324568132.476597189903259,South Fork Chehalis,5,538.183201197124617,10676.298449393621922,
-1,1,2000,Marsh,0.263958000000000,Hist,Hist salmon,4000,954.124294711657853,,4000,72962.203844451025361,93771104.135443136096001,Bunker Creek,10,205.250333336691199,2637.927638696304257,
-1,1,2001,Marsh,0.201557000000000,Curr,Hist no salmon,20424,1891.264860904869238,,20424,67829.617527592563420,102901766.598401084542274,Porter Creek,32,199.056900521858807,2014.185849123279240,
-1,1,2002,Marsh,1.273142000000000,Both,Hist salmon,20411,0.000000000000000,,20411,128713.250162538577570,324568132.476597189903259,South Fork Chehalis,5,544.854833358312931,12723.305508808714876,
-1,1,2003,Marsh,0.502386000000000,Hist,Hist salmon,20560,0.000000000000000,,20560,98751.225704972457606,77067740.308363378047943,Unnamed: Central Lowlands 6,20,508.519021315591431,5020.661380949199156,
-1,1,2004,Marsh,0.105307000000000,Hist,Hist salmon,6829,0.000000000000000,,6829,70790.401097194917384,102524081.591505512595177,Cedar Creek,29,136.483255482702219,1052.380895550710875,
-1,1,2005,Marsh,0.167609000000000,Curr,Curr degrade,1458,625.744327112171732,,1458,128713.250162538577570,324568132.476597189903259,South Fork Chehalis,5,154.529805543709301,1675.036751567907004,
-1,1,2006,Pond,0.010543000000000,Curr,Hist no salmon,5753,425.012959359484285,,5753,159862.665859964530682,364384257.434201776981354,Black River,23,39.573470108063006,105.363976704832382,
-1,1,2007,Pond,0.101395000000000,Curr,Hist no salmon,5753,410.340401292989100,,5753,159862.665859964530682,364384257.434201776981354,Black River,23,170.021909478710597,1013.295392280113333,
-1,1,2008,Marsh,1.468839000000000,Curr,Hist salmon,23281,0.000000000000000,,23281,70790.401097194917384,102524081.591505512595177,Cedar Creek,29,536.727360260186060,14678.611397299384407,
-1,1,2009,Marsh,0.062315000000000,Hist,Hist salmon,1684,118.266352886775095,,1684,128713.250162538577570,324568132.476597189903259,South Fork Chehalis,5,97.126911251069558,622.763073312202891,
-1,1,2010,Pond,0.082994000000000,Both,Hist no salmon,2299,214.382672467447009,,2299,128713.250162538577570,324568132.476597189903259,South Fork Chehalis,5,110.360847410868658,829.421913320963426,
-1,1,2011,Marsh,1.792386000000000,Curr,Hist salmon,5772,1270.346639882246791,,5772,159862.665859964530682,364384257.434201776981354,Black River,23,776.710491458505771,17912.315845749351865,Yes
-1,1,2012,Marsh,0.537388000000000,Curr,Hist salmon,23285,268.194370356127365,,23285,70790.401097194917384,102524081.591505512595177,Cedar Creek,29,374.314440203453046,5370.290757250873867,
-1,1,2013,Pond,0.291789000000000,Curr,Hist salmon,1786,0.000000000000000,,1786,128713.250162538577570,324568132.476597189903259,South Fork Chehalis,5,255.918669492464460,2916.051614810449337,
-1,1,2014,Marsh,0.109539000000000,Hist,Hist salmon,5328,905.330398006911537,,5328,159862.665859964530682,364384257.434201776981354,Black River,23,133.782127762710786,1094.689150027701999,Yes
-1,1,2015,Pond,0.010511000000000,Curr,Hist no salmon,19218,430.356877033106059,,19218,159862.665859964530682,364384257.434201776981354,Black River,23,39.251947111769013,105.037572685530307,
-1,1,2016,Marsh,17.557282000000001,Hist,Hist salmon,19600,0.000000000000000,,19600,128713.250162538577570,324568132.476597189903259,South Fork Chehalis,5,1936.878701840498024,175462.341357238095952,
-1,1,2017,Marsh,0.180543000000000,Curr,Hist salmon,1206,10.226981287061138,,1206,128713.250162538577570,324568132.476597189903259,South Fork Chehalis,5,191.022731128648303,1804.294275897925445,
-1,1,2018,Pond,0.030890000000000,Curr,Hist no salmon,20465,223.572251103903312,,20465,34108.605140610685339,18818520.316444125026464,Unnamed: Willapa Hills 4,8,69.914662764564724,308.703464888763563,
-1,1,2019,Pond,0.028683000000000,Hist,Hist no salmon,5343,374.663953967971509,,5343,40239.034924584579130,15952808.948135545477271,Mainstem: Lower Chehalis 2,58,67.063268114140087,286.645467431933866,
-1,1,2020,Pond,0.017268000000000,Curr,Hist salmon,8563,97.885168911323049,,8563,159862.665859964530682,364384257.434201776981354,Black River,23,49.957322150592148,172.563360978807367,
-1,2,2021,Pond,0.237462000000000,Hist,Hist salmon,22599,134.943914125868844,,22599,59313.456616296323773,20382099.438309937715530,Mainstem: Middle Chehalis 2,55,191.346727410572186,2373.120746950174180,
-1,1,2022,Marsh,0.085463000000000,Curr,Hist no salmon,23081,693.202447392459248,,23081,40239.034924584579130,15952808.948135545477271,Mainstem: Lower Chehalis 2,58,111.862630280674637,854.086943559699421,
-1,1,2023,Marsh,0.268576000000000,Both,Hist no salmon,6913,701.170472635488522,,6913,159862.665859964530682,364384257.434201776981354,Black River,23,203.430390157461005,2683.976364437691700,
-1,1,2024,Marsh,0.375396000000000,Curr,Hist no salmon,19622,716.700830466713114,,19622,128713.250162538577570,324568132.476597189903259,South Fork Chehalis,5,265.616598310952895,3751.588667083616201,
-1,1,2025,Pond,0.536876000000000,Both,Hist salmon,5190,0.000000000000000,,5190,40239.034924584579130,15952808.948135545477271,Mainstem: Lower Chehalis 2,58,494.233747529477512,5365.309288229827871,Yes
-1,1,2026,Pond,0.182222000000000,Curr,Hist salmon,6003,280.860158718510093,,6003,159862.665859964530682,364384257.434201776981354,Black River,23,161.943696416881949,1821.032202631254904,
-1,1,2027,Marsh,1.162372000000000,Hist,Hist no salmon,6898,669.120259528581983,,6898,159862.665859964530682,364384257.434201776981354,Black River,23,533.484624060898227,11616.041632812673924,
-1,1,2028,Marsh,3.543352000000000,Hist,Hist no salmon,7637,0.004472354344459,,7637,159862.665859964530682,364384257.434201776981354,Black River,23,1106.146161021639273,35409.888156406428607,
-1,1,2029,Marsh,0.029646000000000,Curr,Hist salmon,4567,694.416183568802808,,4567,90912.708609555149451,112473867.070502221584320,Lincoln Creek,19,69.761872603473591,296.269640315768243,
-1,1,2030,Pond,0.084371000000000,Hist,Hist salmon,4733,0.000000000000000,,4733,90912.708609555149451,112473867.070502221584320,Lincoln Creek,19,122.882511495524852,843.176634233144114,
-1,1,2031,Pond,4.814230000000000,Hist,Hist salmon,6820,182.011351754270663,,6820,159862.665859964530682,364384257.434201776981354,Black River,23,1470.551150090125020,48110.590493790681649,
-1,1,2032,Marsh,2.090603000000000,Curr,Hist salmon,6942,977.405867906134858,,6942,159862.665859964530682,364384257.434201776981354,Black River,23,671.203901451655042,20892.140817700517800,
-1,1,2033,Marsh,0.105241000000000,Curr,Hist salmon,7623,6.493450174255488,,7623,159862.665859964530682,364384257.434201776981354,Black River,23,162.666936265465750,1051.710598086273421,
-1,1,2034,Marsh,0.457438000000000,Hist,Hist salmon,1849,0.000000000000000,,1849,59791.565918335734750,95616163.941657066345215,Stearns Creek,9,270.172687437806019,4571.499471404037649,
-1,1,2035,Pond,0.700541000000000,Hist,Hist salmon,3379,0.000000000000000,,3379,59313.456616296323773,20382099.438309937715530,Mainstem: Middle Chehalis 2,55,594.861191061134150,7000.995965380994676,
-1,1,2036,Marsh,0.137871000000000,Hist,Hist salmon,20657,694.716696136095379,,20657,33658.170172136567999,13036252.537259833887219,Unnamed: Central Lowlands 8,14,137.794227697628799,1377.840894246542575,
-1,1,2037,Marsh,0.263167000000000,Curr,Hist salmon,4766,493.755643956221434,,4766,33120.890699998715718,13469576.136961460113525,Mainstem: Lower Chehalis 1,57,238.247486985008152,2629.997782550948614,
-1,1,2038,Pond,0.292162000000000,Curr,Hist no salmon,5204,491.132360247418603,,5204,64116.909780659618264,34581500.544033728539944,Unnamed: Black River 1,21,347.664611670331908,2919.739369523383630,
-1,1,2039,Marsh,1.477976000000000,Hist,Hist no salmon,6115,292.861306313124430,,6115,159862.665859964530682,364384257.434201776981354,Black River,23,488.454864935303590,14770.144921293373045,
-1,1,2040,Marsh,0.384671000000000,Hist,Hist salmon,19271,1140.415602491164009,,19271,159862.665859964530682,364384257.434201776981354,Black River,23,267.423408905694600,3844.185796995482178,
-1,1,2041,Marsh,1.962604000000000,Both,Hist no salmon,7627,708.678650802856168,,7627,159862.665859964530682,364384257.434201776981354,Black River,23,1365.036566112943774,19612.920947623457323,
-1,1,2042,Pond,0.240501000000000,Hist,Hist salmon,3786,72.554117088722876,,3786,59313.456616296323773,20382099.438309937715530,Mainstem: Middle Chehalis 2,55,188.186252519584571,2403.489442472404789,
-1,1,2043,Pond,0.207200000000000,Curr,Hist no salmon,5383,359.872473640596525,,5383,106638.473340230484609,103623513.334606394171715,Scatter Creek,22,226.824079955619709,2070.660457510062770,
-1,1,2044,Pond,1.789835000000000,Curr,Hist no salmon,6597,1231.789892183840720,,6597,159862.665859964530682,364384257.434201776981354,Black River,23,528.983148853136413,17886.625331067432853,
-1,1,2045,Marsh,0.210573000000000,Hist,Hist salmon,19271,1277.168463029685427,,19271,159862.665859964530682,364384257.434201776981354,Black River,23,231.974750168091020,2104.346796479723707,
-1,1,2046,Marsh,0.316472000000000,Hist,Hist no salmon,6939,905.574375645163855,,6939,159862.665859964530682,364384257.434201776981354,Black River,23,217.467693311141545,3162.622068533507900,
-1,1,2047,Marsh,2.034693000000000,Hist,Hist no salmon,7151,933.190243007770391,,7151,159862.665859964530682,364384257.434201776981354,Black River,23,567.790737330150705,20333.453165125029045,
-1,1,2048,Pond,0.235732000000000,Hist,Hist no salmon,17956,1013.208910645104538,,17956,59791.565918335734750,95616163.941657066345215,Stearns Creek,9,207.881966106337558,2355.833858239442179,Yes
-1,1,2049,Marsh,1.758645000000000,Hist,Hist salmon,3855,70.699050338335297,,3855,49339.273498255643062,17306234.431499805301428,Mainstem: Middle Chehalis 3,56,609.608459380037630,17575.366078557479341,
-1,1,2050,Marsh,4.833354000000000,Curr,Hist salmon,6752,0.000000000000000,,6752,159862.665859964530682,364384257.434201776981354,Black River,23,1085.126172103853833,48301.602687391969084,
-1,1,2051,Marsh,0.665104000000000,Hist,Hist no salmon,7151,292.420300101992325,,7151,159862.665859964530682,364384257.434201776981354,Black River,23,415.503897966030820,6646.622550649688492,
-1,1,2052,Marsh,0.797037000000000,Curr,Hist salmon,1232,0.000000000000000,,1232,59791.565918335734750,95616163.941657066345215,Stearns Creek,9,419.767910320579858,7965.361357126486837,
-1,1,2053,Pond,0.064504000000000,Curr,Hist salmon,19103,55.010970597501405,,19103,57551.046467003296129,62244686.940613552927971,Salzer Creek,15,106.321586840521775,644.630398182084150,
-1,1,2054,Marsh,0.166909000000000,Hist,Hist salmon,19343,0.000000000000000,,19343,64116.909780659618264,34581500.544033728539944,Unnamed: Black River 1,21,171.909460881291864,1668.020530345903353,
-1,1,2055,Marsh,4.142385000000000,Hist,Hist salmon,5223,0.000000000000000,,5223,64116.909780659618264,34581500.544033728539944,Unnamed: Black River 1,21,844.565035661470006,41397.195261784167087,
-1,1,2056,Pond,0.108553000000000,Hist,Hist salmon,5400,415.791925817303877,,5400,106638.473340230484609,103623513.334606394171715,Scatter Creek,22,119.599986574717846,1084.826965049597675,
-1,1,2057,Marsh,2.657147000000000,Hist,Hist salmon,6383,600.782368421563774,,6383,159862.665859964530682,364384257.434201776981354,Black River,23,683.623659142935935,26554.114305404360493,
-1,1,2058,Pond,0.069089000000000,Curr,Hist salmon,6617,421.521921863608895,,6617,159862.665859964530682,364384257.434201776981354,Black River,23,104.575696947890108,690.439445484133216,
-1,1,2059,Marsh,1.146315000000000,Curr,Hist salmon,1636,0.000000000000000,,1636,59791.565918335734750,95616163.941657066345215,Stearns Creek,9,475.943542249970108,11455.947453034032151,
-1,1,2060,Marsh,0.221968000000000,Hist,Hist salmon,18997,32.619349293481775,,18997,57551.046467003296129,62244686.940613552927971,Salzer Creek,15,175.085039606132682,2218.279593966644825,
-1,1,2061,Marsh,0.532247000000000,Curr,Hist salmon,18997,295.325584600570380,,18997,57551.046467003296129,62244686.940613552927971,Salzer Creek,15,269.948449184438289,5319.112934311533536,
-1,1,2062,Marsh,11.050621000000000,Curr,Hist salmon,6375,754.494356588250071,,6375,159862.665859964530682,364384257.434201776981354,Black River,23,2354.118409670032634,110434.101246550446376,
-1,1,2063,Pond,3.870037000000000,Curr,Hist salmon,6381,122.111287826584913,,6381,159862.665859964530682,364384257.434201776981354,Black River,23,1053.771206676161455,38675.094719899570919,
-1,1,2064,Marsh,1.610498000000000,Curr,Hist salmon,6377,0.000000000000000,,6377,159862.665859964530682,364384257.434201776981354,Black River,23,733.820699203665868,16094.447324747028688,
-1,1,2065,Pond,4.101630000000000,Curr,Hist salmon,6375,0.000000000000000,,6375,159862.665859964530682,364384257.434201776981354,Black River,23,1216.175989617304140,40989.500913569150725,
-1,1,2066,Marsh,4.046856000000000,Hist,Hist salmon,6373,0.000000000000000,,6373,159862.665859964530682,364384257.434201776981354,Black River,23,1913.602443398911873,40442.111707571159059,
-1,1,2067,Marsh,15.297252000000000,Curr,Hist salmon,7177,0.000000000000000,,7177,159862.665859964530682,364384257.434201776981354,Black River,23,1971.292019056880918,152870.988926728983643,
-1,1,2068,Pond,1.068229000000000,Curr,Hist no salmon,7281,350.368717646382322,,7281,159862.665859964530682,364384257.434201776981354,Black River,23,467.165702042338012,10675.171155253117831,
-1,1,2069,Marsh,0.218982000000000,Curr,Hist no salmon,8322,2301.692022695712694,,8322,159862.665859964530682,364384257.434201776981354,Black River,23,191.480319363588592,2188.348974285391250,
-1,1,2070,Marsh,0.584425000000000,Curr,Hist salmon,1646,0.000000000000000,,1646,59791.565918335734750,95616163.941657066345215,Stearns Creek,9,373.915270456118321,5840.581335707734979,
-1,1,2071,Pond,0.142460000000000,Curr,Hist no salmon,6376,1770.516088736550500,,6376,159862.665859964530682,364384257.434201776981354,Black River,23,155.331904226962138,1423.673828756280273,
-1,1,2072,Pond,2.513949000000000,Hist,Hist salmon,6373,1234.901013449762559,,6373,159862.665859964530682,364384257.434201776981354,Black River,23,949.944648497897219,25123.091274426555174,
-1,1,2073,Marsh,0.545258000000000,Curr,Hist no salmon,23011,893.951896830399278,,23011,159862.665859964530682,364384257.434201776981354,Black River,23,381.277504869384586,5449.020423735561963,
-1,1,2074,Marsh,0.792261000000000,Curr,Hist no salmon,6688,564.287759663613997,,6688,159862.665859964530682,364384257.434201776981354,Black River,23,352.262238581487907,7917.418804520528283,
-1,1,2075,Marsh,0.279914000000000,Hist,Hist salmon,4325,0.000000000000000,,4325,29197.538453411489172,11587509.456123769283295,Unnamed: Cascade Mountains 1,16,205.838613526201414,2797.368473308818920,
-1,1,2076,Marsh,1.005286000000000,Hist,Hist salmon,23011,0.000000000000000,,23011,159862.665859964530682,364384257.434201776981354,Black River,23,445.505073309649674,10046.292561355105136,
-1,1,2077,Pond,0.119609000000000,Curr,Hist no salmon,7295,0.000000000000000,,7295,159862.665859964530682,364384257.434201776981354,Black River,23,137.602511449365267,1195.293061480481811,
-1,1,2078,Marsh,10.046709999999999,Hist,Hist salmon,7297,158.531062937876953,,7297,159862.665859964530682,364384257.434201776981354,Black River,23,1740.076887953867526,100400.029551141487900,
-1,1,2079,Pond,0.240149000000000,Curr,Curr degrade,2384,212.880953306562816,,2384,151813.484517717675772,406226339.697148263454437,Newaukum River,12,183.625464276962134,2399.982897220149880,Yes
-1,1,2080,Marsh,1.698113000000000,Curr,Hist salmon,23018,217.348774487790962,,23018,159862.665859964530682,364384257.434201776981354,Black River,23,691.263006532802706,16970.038352838251740,
-1,1,2081,Marsh,2.756088000000000,Curr,Hist no salmon,7196,1559.239237444237460,,7196,159862.665859964530682,364384257.434201776981354,Black River,23,895.479968492693615,27542.758288904635265,
-1,1,2082,Marsh,2.710508000000000,Hist,Hist no salmon,7297,1251.272718275790567,,7297,159862.665859964530682,364384257.434201776981354,Black River,23,644.179933134398198,27086.980554936289991,
-1,1,2083,Pond,0.241824000000000,Curr,Hist salmon,1938,473.433591076802202,,1938,151813.484517717675772,406226339.697148263454437,Newaukum River,12,280.252482760932367,2416.722488383903510,
-1,1,2084,Pond,0.050927000000000,Curr,Hist no salmon,19073,1378.640348027380242,,19073,50132.307652337098261,42180804.244348973035812,Unnamed: Cascade Mountains 2,13,85.091232903090173,508.946595683355326,
-1,1,2085,Pond,0.056998000000000,Curr,Hist no salmon,19073,1256.496258122036579,,19073,50132.307652337098261,42180804.244348973035812,Unnamed: Cascade Mountains 2,13,88.363188747629891,569.617500142476615,
-1,1,2086,Pond,0.019683000000000,Curr,Hist no salmon,18754,249.883962080184801,,18754,138406.144823040289339,318898089.190657675266266,Skookumchuck River,18,59.591195643715388,196.701288014929048,
-1,1,2087,Pond,0.071574000000000,Both,Hist salmon,1285,56.598183169480976,,1285,151813.484517717675772,406226339.697148263454437,Newaukum River,12,103.982378103553316,715.286837226225771,
-1,1,2088,Pond,0.200863000000000,Curr,Hist no salmon,18446,699.149231974131794,,18446,138406.144823040289339,318898089.190657675266266,Skookumchuck River,18,172.399336855430533,2007.361459044775529,
-1,1,2089,Marsh,0.608153000000000,Curr,Hist no salmon,6711,1173.017172134596194,,6711,159862.665859964530682,364384257.434201776981354,Black River,23,335.462589875220999,6077.549394146498344,
-1,1,2090,Pond,59.728653000000001,Curr,Hist no salmon,18456,0.000000000000000,,18456,138406.144823040289339,318898089.190657675266266,Skookumchuck River,18,4175.450770329724037,596910.247583601390943,
-1,1,2091,Pond,4.036908000000000,Curr,Hist no salmon,18437,0.000000000000000,,18437,138406.144823040289339,318898089.190657675266266,Skookumchuck River,18,1312.698897509622157,40343.515176046370470,
-1,1,2092,Marsh,5.197202000000000,Curr,Hist no salmon,18852,0.000000000000000,,18852,138406.144823040289339,318898089.190657675266266,Skookumchuck River,18,1263.259591868517418,51939.155498251791869,
-1,1,2093,Marsh,1.243066000000000,Curr,Hist salmon,6023,175.129650603862729,,6023,106638.473340230484609,103623513.334606394171715,Scatter Creek,22,437.669893235074539,12422.619786163753815,
-1,1,2094,Marsh,1.998565000000000,Curr,Hist salmon,6064,299.686914961967091,,6064,106638.473340230484609,103623513.334606394171715,Scatter Creek,22,524.743649826075966,19972.593185939018440,
-1,1,2095,Marsh,0.486222000000000,Hist,Hist salmon,1309,95.472255485823155,,1309,151813.484517717675772,406226339.697148263454437,Newaukum River,12,420.857490015638746,4859.189757996810840,
-1,1,2096,Marsh,0.072137000000000,Hist,Hist salmon,18302,0.000000000000000,,18302,138406.144823040289339,318898089.190657675266266,Skookumchuck River,18,109.676790178807792,720.904502273147159,
-1,1,2097,Marsh,0.184830000000000,Curr,Hist no salmon,6048,542.334120759492862,,6048,106638.473340230484609,103623513.334606394171715,Scatter Creek,22,171.749979126448181,1847.102353057219261,
-1,1,2098,Marsh,1.064092000000000,Curr,Hist no salmon,6053,389.261573578672539,,6053,106638.473340230484609,103623513.334606394171715,Scatter Creek,22,422.278790355195270,10633.989664387539960,
-1,1,2099,Marsh,4.223891000000000,Curr,Hist salmon,6059,154.602480741315304,,6059,106638.473340230484609,103623513.334606394171715,Scatter Creek,22,2212.973625213318883,42211.297835383636993,
-1,1,2100,Marsh,0.222775000000000,Hist,Hist salmon,18813,239.605642736501721,,18813,138406.144823040289339,318898089.190657675266266,Skookumchuck River,18,209.486830437998464,2226.354307840908859,
-1,1,2101,Pond,0.346824000000000,Curr,Hist no salmon,5914,708.358900770788864,,5914,106638.473340230484609,103623513.334606394171715,Scatter Creek,22,270.478338793203704,3466.005873450949366,
-1,1,2102,Pond,0.043759000000000,Hist,Hist no salmon,2808,404.539343220333365,,2808,151813.484517717675772,406226339.697148263454437,Newaukum River,12,87.403945335402668,437.317826798169619,
-1,1,2103,Marsh,0.240143000000000,Both,Hist salmon,17878,0.000000000000000,,17878,151813.484517717675772,406226339.697148263454437,Newaukum River,12,276.373526387668562,2399.937838752634434,
-1,1,2104,Marsh,1.204416000000000,Hist,Hist salmon,18590,0.000000000000000,,18590,138406.144823040289339,318898089.190657675266266,Skookumchuck River,18,731.274304410514446,12036.592374806716180,
-1,1,2105,Marsh,2.888230000000000,Hist,Hist salmon,18333,0.000000000000000,,18333,138406.144823040289339,318898089.190657675266266,Skookumchuck River,18,1053.118674025296968,28864.116261907853186,
-1,1,2106,Marsh,0.722700000000000,Both,Hist salmon,2173,0.000000000000000,,2173,151813.484517717675772,406226339.697148263454437,Newaukum River,12,356.284323466324906,7222.518249988757816,
-1,1,2107,Marsh,0.125589000000000,Curr,Hist salmon,2784,385.525600275243619,,2784,151813.484517717675772,406226339.697148263454437,Newaukum River,12,130.349632479027122,1255.106829765843031,
-1,1,2108,Marsh,0.588640000000000,Curr,Hist no salmon,1253,172.780031506331738,,1253,151813.484517717675772,406226339.697148263454437,Newaukum River,12,309.101019026984261,5882.760299986221071,
-1,1,2109,Marsh,0.491130000000000,Curr,Hist no salmon,2044,636.408801987670813,,2044,151813.484517717675772,406226339.697148263454437,Newaukum River,12,291.028768440114050,4908.256738811850482,
-1,1,2110,Pond,0.176626000000000,Curr,Hist no salmon,18018,60.939715758292778,,18018,138406.144823040289339,318898089.190657675266266,Skookumchuck River,18,172.730946424218871,1765.147537087744922,
-1,1,2111,Marsh,3.215693000000000,Hist,Hist salmon,18965,89.525381007566338,,18965,138406.144823040289339,318898089.190657675266266,Skookumchuck River,18,816.071139482824151,32136.374914540636382,
-1,1,2112,Marsh,2.918371000000000,Hist,Hist salmon,18965,601.830808831892227,,18965,138406.144823040289339,318898089.190657675266266,Skookumchuck River,18,1133.521148039035552,29165.034662656311411,
-1,1,2113,Pond,0.200837000000000,Curr,Hist no salmon,1827,136.442952827874279,,1827,151813.484517717675772,406226339.697148263454437,Newaukum River,12,165.262075212015191,2007.129402650215752,
-1,1,2114,Marsh,0.311609000000000,Curr,Hist salmon,1738,67.810264923861439,,1738,151813.484517717675772,406226339.697148263454437,Newaukum River,12,204.733236124069492,3114.160554360874357,
-1,1,2115,Marsh,2.619857000000000,Hist,Hist salmon,2055,0.000000000000000,,2055,151813.484517717675772,406226339.697148263454437,Newaukum River,12,675.090511425351224,26182.400627346374677,
-1,1,2116,Marsh,0.077937000000000,Curr,Hist salmon,2073,1074.941805536753463,,2073,151813.484517717675772,406226339.697148263454437,Newaukum River,12,114.372046868810571,778.894711245171834,
-1,1,2117,Marsh,0.589117000000000,Curr,Hist salmon,2082,0.000000000000000,,2082,151813.484517717675772,406226339.697148263454437,Newaukum River,12,351.992249141016032,5887.565761795734943,
-1,1,2118,Marsh,0.677653000000000,Curr,Hist salmon,2680,0.000000000000000,,2680,151813.484517717675772,406226339.697148263454437,Newaukum River,12,470.710004201297181,6772.391776572223534,
-1,1,2119,Marsh,0.171660000000000,Hist,Hist no salmon,4427,964.983080768646687,,4427,76009.236526847191271,159121473.122915714979172,Upper Skookumchuck,51,155.911021090307401,1715.558641471797728,
-1,1,2120,Marsh,0.511673000000000,Hist,Hist no salmon,4433,401.031367494472136,,4433,76009.236526847191271,159121473.122915714979172,Upper Skookumchuck,51,296.748584514731419,5113.646907485715019,
-1,1,2121,Pond,0.366068000000000,Curr,Hist no salmon,7125,10326.517699612824799,,7125,378317.145195854303893,263575921.850556135177612,Lower Chehalis Estuary,50,261.680617922799399,3658.957175941218338,
-1,1,2122,Marsh,1.186570000000000,Both,Hist no salmon,7125,9850.347256427367029,,7125,378317.145195854303893,263575921.850556135177612,Lower Chehalis Estuary,50,693.954156024997474,11860.063810587966145,
-1,1,2123,Marsh,8.960929999999999,Curr,Hist salmon,10605,0.000000000000000,,10605,378317.145195854303893,263575921.850556135177612,Lower Chehalis Estuary,50,1439.785403843879521,89563.055292208460742,
-1,1,2124,Marsh,0.389177000000000,Curr,Hist no salmon,7127,5701.610891824722785,,7127,378317.145195854303893,263575921.850556135177612,Lower Chehalis Estuary,50,287.198107254204842,3889.908495604395284,
-1,1,2125,Marsh,3.975783000000000,Curr,Hist no salmon,10758,691.750759322372005,,10758,378317.145195854303893,263575921.850556135177612,Lower Chehalis Estuary,50,1064.746715308686362,39736.818087184881733,
-1,1,2126,Pond,3.253805000000000,Curr,Hist salmon,22427,0.000000000000000,,22427,230932.463257765833987,638216095.057497859001160,Humptulips River,45,2280.055047406175618,32520.260079553430842,
-1,1,2127,Marsh,3.932568000000000,Both,Hist salmon,11589,97.139299574974189,,11589,230932.463257765833987,638216095.057497859001160,Humptulips River,45,1394.597450003470613,39304.134252106938220,
-1,1,2128,Marsh,1.408506000000000,Hist,Hist salmon,12462,152.879030935677122,,12462,230932.463257765833987,638216095.057497859001160,Humptulips River,45,485.164619459872256,14077.200901219433945,
-1,1,2129,Marsh,3.039700000000000,Hist,Hist salmon,11665,0.000000000000000,,11665,230932.463257765833987,638216095.057497859001160,Humptulips River,45,1237.299134159869254,30380.186136454347434,
-1,1,2130,Marsh,0.417383000000000,Hist,Hist salmon,14661,772.536138699408070,,14661,230932.463257765833987,638216095.057497859001160,Humptulips River,45,285.489931720646609,4171.335866266978883,
-1,1,2131,Pond,0.088952000000000,Both,Hist salmon,9756,0.000000000000000,,9756,378317.145195854303893,263575921.850556135177612,Lower Chehalis Estuary,50,117.460201089071646,889.031062469296216,
-1,1,2132,Marsh,0.229525000000000,Curr,Hist salmon,12629,0.000000000000000,,12629,230932.463257765833987,638216095.057497859001160,Humptulips River,45,241.215353064715913,2293.936101380095806,
-1,1,2133,Marsh,2.492871000000000,Hist,Hist salmon,12840,0.000000000000000,,12840,230932.463257765833987,638216095.057497859001160,Humptulips River,45,1338.593538730312048,24914.410940473677329,
-1,1,2134,Marsh,21.739322999999999,Hist,Hist salmon,13974,0.000000000000000,,13974,230932.463257765833987,638216095.057497859001160,Humptulips River,45,2061.012720621236440,217263.507817764359061,
-1,1,2135,Pond,0.069294000000000,Curr,Hist no salmon,15466,81.015996580096285,,15466,230932.463257765833987,638216095.057497859001160,Humptulips River,45,106.113816726439694,692.515229200324256,
-1,1,2136,Marsh,12.328358000000000,Hist,Hist salmon,10067,0.000000000000000,,10067,128409.154010552825639,234704536.754735738039017,Hoquiam River,44,3430.072491934529353,123215.379882440291112,
-1,1,2137,Marsh,1.879768000000000,Both,Hist no salmon,15834,306.224842495632799,,15834,230932.463257765833987,638216095.057497859001160,Humptulips River,45,504.067361065090495,18785.925888920570287,
-1,1,2138,Marsh,0.149814000000000,Both,Hist salmon,21989,197.882620733537323,,21989,49308.557195515604690,47291303.365128621459007,Elk River,47,190.063739520578025,1497.367130705446471,
-1,1,2139,Pond,0.139445000000000,Both,Hist no salmon,22484,361.417050701671201,,22484,230932.463257765833987,638216095.057497859001160,Humptulips River,45,177.143521310221615,1393.622942426350164,
-1,1,2140,Marsh,0.430165000000000,Both,Hist salmon,21939,0.000000000000000,,21939,49308.557195515604690,47291303.365128621459007,Elk River,47,301.538047552817261,4299.429302997669765,
-1,1,2141,Pond,0.739280000000000,Curr,Hist no salmon,9509,1471.614867498004060,,9509,378317.145195854303893,263575921.850556135177612,Lower Chehalis Estuary,50,326.230283300631356,7388.704468730817098,
-1,1,2142,Marsh,3.272937000000000,Hist,Hist no salmon,14022,0.000000000000000,,14022,230932.463257765833987,638216095.057497859001160,Humptulips River,45,691.628561723656048,32709.317209434102551,
-1,1,2143,Marsh,10.243473000000000,Hist,Hist salmon,16044,305.346483681357824,,16044,230932.463257765833987,638216095.057497859001160,Humptulips River,45,1364.296299322665163,102367.169411364680855,
-1,1,2144,Marsh,1.424037000000000,Curr,Hist no salmon,16324,283.135293614210013,,16324,230932.463257765833987,638216095.057497859001160,Humptulips River,45,688.564400768860651,14230.976587595392630,
-1,1,2145,Marsh,8.025474000000001,Curr,Hist no salmon,16328,165.122169557137283,,16328,230932.463257765833987,638216095.057497859001160,Humptulips River,45,2170.187699219683509,80201.249710434771259,
-1,1,2146,Marsh,0.476598000000000,Both,Hist salmon,15740,257.683579359514397,,15740,230932.463257765833987,638216095.057497859001160,Humptulips River,45,405.629559675026485,4762.872843218383423,
-1,1,2147,Marsh,0.600187000000000,Curr,Hist salmon,16339,0.005557877201586,,16339,230932.463257765833987,638216095.057497859001160,Humptulips River,45,359.533909458428468,5997.852955169629240,
-1,1,2148,Marsh,0.341713000000000,Both,Hist no salmon,13796,647.808315434216979,,13796,230932.463257765833987,638216095.057497859001160,Humptulips River,45,368.167993154565920,3414.989712468013295,
-1,1,2149,Marsh,0.688305000000000,Curr,Hist no salmon,14066,0.001923337429230,,14066,230932.463257765833987,638216095.057497859001160,Humptulips River,45,367.202818674705668,6878.708005723435235,
-1,1,2150,Pond,1.260757000000000,Both,Hist salmon,15757,103.151113679434374,,15757,230932.463257765833987,638216095.057497859001160,Humptulips River,45,651.097987505599690,12599.273516257368101,
-1,1,2151,Marsh,0.500569000000000,Hist,Hist salmon,15431,321.221697130961672,,15431,230932.463257765833987,638216095.057497859001160,Humptulips River,45,374.361312437140839,5002.414171885332507,
-1,1,2152,Marsh,0.326415000000000,Hist,Hist salmon,15433,438.532935880404182,,15433,230932.463257765833987,638216095.057497859001160,Humptulips River,45,259.748173630057522,3262.003194856520167,
-1,1,2153,Marsh,0.936259000000000,Curr,Hist no salmon,13592,222.033971369826702,,13592,128409.154010552825639,234704536.754735738039017,Hoquiam River,44,401.835023722937933,9356.624252948195135,
-1,1,2154,Pond,0.151683000000000,Hist,Hist no salmon,7094,962.565481368752785,,7094,378317.145195854303893,263575921.850556135177612,Lower Chehalis Estuary,50,201.826215068669597,1515.976718635327643,
-1,1,2155,Marsh,0.151598000000000,Hist,Hist salmon,8238,222.617764506699672,,8238,378317.145195854303893,263575921.850556135177612,Lower Chehalis Estuary,50,179.935939366570210,1515.108378365126555,
-1,1,2156,Marsh,0.135775000000000,Hist,Hist no salmon,8246,581.274631248615606,,8246,378317.145195854303893,263575921.850556135177612,Lower Chehalis Estuary,50,143.891918814603343,1356.966120721108382,
-1,1,2157,Pond,1.625090000000000,Curr,Curr degrade,8290,0.000000000000000,,8290,67420.654691214382183,87038278.247085735201836,Upper Chehalis Estuary,49,1296.812438802555562,16241.352858010115597,
-1,1,2158,Marsh,4.541571000000000,Curr,Hist no salmon,8290,17.742521803126024,,8290,67420.654691214382183,87038278.247085735201836,Upper Chehalis Estuary,49,989.136251691037046,45389.002219326343038,
-1,1,2159,Pond,0.005645000000000,Both,Hist no salmon,8817,123.543122671506794,,8817,67420.654691214382183,87038278.247085735201836,Upper Chehalis Estuary,49,34.801850395374927,56.420084867049148,
-1,1,2160,Pond,0.253468000000000,Both,Hist salmon,8405,155.114750819840168,,8405,67420.654691214382183,87038278.247085735201836,Upper Chehalis Estuary,49,209.147024763866654,2533.165214491575625,
-1,1,2161,Pond,0.020899000000000,Curr,Hist no salmon,8828,51.295671773008308,,8828,67420.654691214382183,87038278.247085735201836,Upper Chehalis Estuary,49,54.625262156005078,208.863620427513013,
-1,1,2162,Pond,0.045899000000000,Curr,Hist no salmon,20912,107.974633144323704,,20912,151947.647425919829402,266325666.708538889884949,Wishkah River,43,90.900655069691666,458.688100910733169,
-1,1,2163,Lake,5.356403000000000,Curr,Hist no salmon,15988,0.000000000000000,,15988,151947.647425919829402,266325666.708538889884949,Wishkah River,43,1995.797260974371511,53526.654889055149397,
-1,1,2164,Marsh,0.085270000000000,Hist,Hist salmon,10433,0.000000000000000,,10433,246250.590740413172171,507221006.855407536029816,Wynoochee River,42,116.924686638220635,852.171831590537749,
-1,1,2165,Marsh,0.054319000000000,Hist,Hist salmon,14452,0.000000000000000,,14452,151947.647425919829402,266325666.708538889884949,Wishkah River,43,103.366063697768254,542.823023582981364,
-1,1,2166,Marsh,0.113587000000000,Both,Hist salmon,9859,187.962652063198448,,9859,246250.590740413172171,507221006.855407536029816,Wynoochee River,42,213.725373358144736,1135.161011497240906,
-1,1,2167,Marsh,0.753494000000000,Hist,Hist salmon,9682,0.000000000000000,,9682,246250.590740413172171,507221006.855407536029816,Wynoochee River,42,459.976242003256573,7530.247029134130571,
-1,1,2168,Marsh,0.341153000000000,Hist,Hist no salmon,16237,350.498308105909132,,16237,151947.647425919829402,266325666.708538889884949,Wishkah River,43,249.124664848316826,3409.098509324329370,
-1,1,2169,Marsh,2.038415000000000,Hist,Hist salmon,16903,0.000000000000000,,16903,246250.590740413172171,507221006.855407536029816,Wynoochee River,42,840.550125752112081,20369.057634690369014,
-1,1,2170,Pond,0.353808000000000,Both,Hist no salmon,21545,948.851324271632734,,21545,230932.463257765833987,638216095.057497859001160,Humptulips River,45,234.340755396846390,3535.202997424432851,
-1,1,2171,Pond,0.502965000000000,Curr,Hist no salmon,8419,74.447684699737479,,8419,246250.590740413172171,507221006.855407536029816,Wynoochee River,42,326.111247921122072,5026.545284523915143,Yes
-1,1,2172,Pond,4.729637000000000,Curr,Hist no salmon,8428,66.962285845541786,,8428,246250.590740413172171,507221006.855407536029816,Wynoochee River,42,899.514271068090011,47267.137339426124527,Yes
-1,1,2173,Marsh,0.884582000000000,Curr,Hist salmon,9778,471.524061932276538,,9778,246250.590740413172171,507221006.855407536029816,Wynoochee River,42,631.732723829024508,8840.275102815201535,
-1,1,2174,Marsh,2.670870000000000,Hist,Hist salmon,15163,0.000000000000000,,15163,246250.590740413172171,507221006.855407536029816,Wynoochee River,42,758.475957830172206,26689.641550863692828,
-1,1,2175,Pond,0.096981000000000,Curr,Hist no salmon,8417,73.094019530168907,,8417,246250.590740413172171,507221006.855407536029816,Wynoochee River,42,169.620657176477835,969.213487523725007,Yes
-1,1,2176,Pond,0.470645000000000,Curr,Hist no salmon,8187,35.985149330091254,,8187,246250.590740413172171,507221006.855407536029816,Wynoochee River,42,274.991758590846302,4703.531501187995673,
-1,1,2177,Pond,0.180623000000000,Both,Hist salmon,20884,0.000000000000000,,20884,246250.590740413172171,507221006.855407536029816,Wynoochee River,42,198.206558651599750,1805.097533951993000,
-1,1,2178,Marsh,1.818095000000000,Both,Hist salmon,14429,0.000000000000000,,14429,222380.125267685507424,776523555.048679113388062,Satsop River,40,646.465286714726631,18168.126846833616582,
-1,1,2179,Marsh,1.655863000000000,Curr,Hist salmon,17034,367.172833256374190,,17034,246250.590740413172171,507221006.855407536029816,Wynoochee River,42,584.233243161737619,16545.877335074677831,
-1,1,2180,Marsh,0.433260000000000,Hist,Hist no salmon,17633,0.000000000000000,,17633,246250.590740413172171,507221006.855407536029816,Wynoochee River,42,246.815898766734904,4329.124779691510412,
-1,1,2181,Pond,0.279855000000000,Hist,Hist salmon,12745,319.119739315309459,,12745,222380.125267685507424,776523555.048679113388062,Satsop River,40,205.157583549800336,2796.636220344374124,
-1,1,2182,Pond,0.837432000000000,Hist,Hist salmon,20094,69.464849323435189,,20094,222380.125267685507424,776523555.048679113388062,Satsop River,40,545.023225938514656,8368.469870801765865,
-1,1,2183,Marsh,1.227643000000000,Curr,Hist salmon,16209,257.417483617297819,,16209,222380.125267685507424,776523555.048679113388062,Satsop River,40,524.023804465371541,12267.433977935463190,
-1,1,2184,Pond,0.040125000000000,Hist,Hist no salmon,17782,4704.757115024781342,,17782,246250.590740413172171,507221006.855407536029816,Wynoochee River,42,82.960963099438615,400.908769954919933,
-1,1,2185,Marsh,0.252483000000000,Curr,Hist salmon,12223,0.000000000000000,,12223,222380.125267685507424,776523555.048679113388062,Satsop River,40,190.222353735142576,2523.097661394206170,
-1,1,2186,Pond,3.148843000000000,Hist,Hist no salmon,17771,1126.086831656047025,,17771,246250.590740413172171,507221006.855407536029816,Wynoochee River,42,677.541745993918425,31462.358008146326029,
-1,1,2187,Pond,1.805731000000000,Hist,Hist no salmon,17775,1122.224479815491577,,17775,246250.590740413172171,507221006.855407536029816,Wynoochee River,42,661.957479756726002,18042.320375994644564,
-1,1,2188,Marsh,1.028710000000000,Curr,Hist salmon,8469,404.409324211440321,,8469,48290.055449476276408,24797583.336042989045382,Mainstem: Lower Chehalis 7,63,537.302633342863487,10280.558610092439267,Yes
-1,1,2189,Pond,0.614020000000000,Both,Hist salmon,17586,2512.803256949811384,,17586,222380.125267685507424,776523555.048679113388062,Satsop River,40,390.044509660343863,6135.291406735333112,
-1,1,2190,Pond,0.141219000000000,Both,Hist no salmon,17586,2612.512805536432097,,17586,222380.125267685507424,776523555.048679113388062,Satsop River,40,150.810692896482891,1411.058113501565913,
-1,1,2191,Marsh,0.375553000000000,Curr,Hist salmon,8469,204.104131552604770,,8469,48290.055449476276408,24797583.336042989045382,Mainstem: Lower Chehalis 7,63,369.799341388964649,3753.139573874922462,Yes
-1,1,2192,Marsh,5.061171000000000,Hist,Hist no salmon,8467,288.551599569070959,,8467,48290.055449476276408,24797583.336042989045382,Mainstem: Lower Chehalis 7,63,1615.161820836747438,50579.331524625551538,Yes
-1,1,2193,Pond,0.151935000000000,Curr,Hist salmon,20261,46.826630523798514,,20261,222380.125267685507424,776523555.048679113388062,Satsop River,40,157.521475848958403,1518.347193134587314,
-1,1,2194,Pond,0.327606000000000,Both,Hist salmon,14252,209.983688665342839,,14252,222380.125267685507424,776523555.048679113388062,Satsop River,40,271.474863569450690,3273.749163515925375,
-1,1,2195,Marsh,0.778847000000000,Hist,Hist salmon,9327,0.000000000000000,,9327,222380.125267685507424,776523555.048679113388062,Satsop River,40,602.642717526315550,7783.432324690821588,Yes
-1,1,2196,Pond,0.497349000000000,Curr,Hist salmon,13524,845.290835659996333,,13524,222380.125267685507424,776523555.048679113388062,Satsop River,40,323.267074416700495,4969.973371348306500,
-1,1,2197,Marsh,0.219670000000000,Both,Hist no salmon,15977,363.214331707157442,,15977,222380.125267685507424,776523555.048679113388062,Satsop River,40,201.004329337079128,2195.082565549389528,
-1,1,2198,Marsh,2.013588000000000,Hist,Hist no salmon,14131,552.283128140538906,,14131,222380.125267685507424,776523555.048679113388062,Satsop River,40,577.352177175354655,20121.548467969263584,
-1,1,2199,Marsh,0.959640000000000,Curr,Hist salmon,13537,85.367163434702917,,13537,222380.125267685507424,776523555.048679113388062,Satsop River,40,467.124104164762116,9589.513448706264171,
-1,1,2200,Marsh,0.016446000000000,Curr,Hist salmon,13533,1243.413230980467233,,13533,222380.125267685507424,776523555.048679113388062,Satsop River,40,51.157925759273397,164.344515605408873,
-1,1,2201,Marsh,0.139041000000000,Curr,Hist salmon,15058,374.907989481419861,,15058,222380.125267685507424,776523555.048679113388062,Satsop River,40,198.968328775715605,1389.394235100506194,
-1,1,2202,Pond,1.366736000000000,Hist,Hist salmon,13573,111.204636514042875,,13573,222380.125267685507424,776523555.048679113388062,Satsop River,40,582.620620843033407,13657.246852858679631,
-1,1,2203,Marsh,6.255579000000000,Curr,Hist salmon,15728,23.365437998657640,,15728,222380.125267685507424,776523555.048679113388062,Satsop River,40,1568.378839301623657,62509.261883661682077,
-1,1,2204,Marsh,1.056175000000000,Hist,Hist salmon,15732,0.000000000000000,,15732,222380.125267685507424,776523555.048679113388062,Satsop River,40,485.916800218053368,10553.857466944895350,
-1,1,2205,Pond,0.035481000000000,Hist,Hist no salmon,9202,450.871844733966611,,9202,72380.641822059013066,39697893.786662034690380,Mainstem: Lower Chehalis 6,62,84.131887405672970,354.582035267196090,
-1,1,2206,Marsh,0.145460000000000,Hist,Hist salmon,9197,308.535576325205909,,9197,72380.641822059013066,39697893.786662034690380,Mainstem: Lower Chehalis 6,62,225.236185150026898,1453.658868229313612,
-1,1,2207,Pond,1.699885000000000,Hist,Hist salmon,11779,0.000000000000000,,11779,222380.125267685507424,776523555.048679113388062,Satsop River,40,518.634223521404579,16987.115066645535990,
-1,1,2208,Marsh,0.142334000000000,Hist,Hist salmon,7475,189.079686528366807,,7475,72380.641822059013066,39697893.786662034690380,Mainstem: Lower Chehalis 6,62,153.808194498068843,1422.412783382187172,
-1,1,2209,Pond,0.015755000000000,Both,Hist no salmon,19588,1081.521301047916268,,19588,87582.837988347251667,164879927.806114047765732,Upper Chehalis: Above Proposed Dam,1,56.099271595101442,157.455300948350441,
-1,1,2210,Marsh,0.622852000000000,Hist,Hist salmon,8841,432.440463599730492,,8841,72380.641822059013066,39697893.786662034690380,Mainstem: Lower Chehalis 6,62,686.042497164791257,6224.449782804046663,
-1,1,2211,Pond,5.119317000000000,Curr,Hist no salmon,9234,17.883638000382284,,9234,72380.641822059013066,39697893.786662034690380,Mainstem: Lower Chehalis 6,62,989.497564217459399,51159.535880311756046,
-1,1,2212,Marsh,2.535164000000000,Curr,Hist salmon,12128,0.000000000000000,,12128,222380.125267685507424,776523555.048679113388062,Satsop River,40,737.920821203927403,25334.167306660703616,
-1,1,2213,Marsh,1.021358000000000,Hist,Hist salmon,15354,0.000000000000000,,15354,222380.125267685507424,776523555.048679113388062,Satsop River,40,638.247726350221342,10206.004059058395796,
-1,1,2214,Pond,0.050944000000000,Both,Hist salmon,19528,0.000000000000000,,19528,76524.840528758461005,151273081.305056989192963,Elk Creek,3,96.253532162587319,509.126155947330801,
-1,1,2215,Pond,0.040427000000000,Both,Hist salmon,3365,131.153932966596074,,3365,76524.840528758461005,151273081.305056989192963,Elk Creek,3,81.372405405778878,404.022364112160687,
-1,1,2216,Pond,0.195929000000000,Both,Hist salmon,19524,0.000000000000000,,19524,76524.840528758461005,151273081.305056989192963,Elk Creek,3,247.506806861006595,1958.102635896235824,
-1,1,2217,Marsh,1.922111000000000,Hist,Hist salmon,6461,760.750839109832214,,6461,52529.756095652686781,68590327.366781875491142,Rock Creek (Lower Chehalis),28,1276.395563538739907,19208.870286594443314,
-1,1,2218,Marsh,0.687449000000000,Hist,Hist salmon,11227,1473.180270765137948,,11227,111846.634780773121747,175346973.513960331678391,Cloquallum Creek,37,381.948311955602435,6869.839906213746872,
-1,1,2219,Pond,0.023241000000000,Curr,Hist no salmon,20360,51.295521462621231,,20360,222380.125267685507424,776523555.048679113388062,Satsop River,40,59.992565879726627,232.248943759855422,
-1,1,2220,Pond,0.038236000000000,Curr,Hist no salmon,13102,40.243053256310525,,13102,222380.125267685507424,776523555.048679113388062,Satsop River,40,77.367280808485319,382.096726130660784,
-1,1,2221,Pond,0.961111000000000,Curr,Hist no salmon,13003,0.000000000000000,,13003,222380.125267685507424,776523555.048679113388062,Satsop River,40,1119.476956509994125,9604.337810266677479,
-1,1,2222,Marsh,1.088922000000000,Curr,Hist no salmon,15354,696.604305262546063,,15354,222380.125267685507424,776523555.048679113388062,Satsop River,40,443.768027824787907,10881.167710189927675,
-1,1,2223,Marsh,0.059649000000000,Both,Hist salmon,3532,329.804180862666556,,3532,76524.840528758461005,151273081.305056989192963,Elk Creek,3,93.798701322147792,596.131087779478776,
-1,1,2224,Marsh,0.037402000000000,Both,Hist salmon,3532,282.960936324509078,,3532,76524.840528758461005,151273081.305056989192963,Elk Creek,3,89.880201155653495,373.786857552181573,
-1,1,2225,Pond,0.189209000000000,Both,Hist salmon,4211,364.891053342925318,,4211,76524.840528758461005,151273081.305056989192963,Elk Creek,3,196.090666524982822,1890.927538502243578,
-1,1,2226,Pond,0.801710000000000,Hist,Hist salmon,8935,0.000000000000000,,8935,72380.641822059013066,39697893.786662034690380,Mainstem: Lower Chehalis 6,62,508.481276069385331,8011.826964388480519,Yes
-1,1,2227,Pond,0.057328000000000,Curr,Hist no salmon,8954,425.855852052156592,,8954,111846.634780773121747,175346973.513960331678391,Cloquallum Creek,37,90.859441029960223,572.900409656083070,
-1,1,2228,Pond,0.314399000000000,Hist,Hist salmon,8965,329.705629322216339,,8965,111846.634780773121747,175346973.513960331678391,Cloquallum Creek,37,231.066973496991636,3141.902458599018246,
-1,1,2229,Marsh,2.767863000000000,Hist,Hist no salmon,13631,333.564847117477825,,13631,222380.125267685507424,776523555.048679113388062,Satsop River,40,908.678964251311982,27658.869084424070024,
-1,1,2230,Marsh,0.044552000000000,Curr,Hist salmon,15647,116.148833006574677,,15647,222380.125267685507424,776523555.048679113388062,Satsop River,40,95.786277798859828,445.198024691028934,
-1,1,2231,Marsh,3.065216000000000,Curr,Hist salmon,15359,860.663751874593800,,15359,222380.125267685507424,776523555.048679113388062,Satsop River,40,826.298055978485650,30629.246274884546438,
-1,1,2232,Pond,1.832396000000000,Hist,Hist no salmon,15575,1163.246702111607874,,15575,222380.125267685507424,776523555.048679113388062,Satsop River,40,545.848911756670873,18309.785050654852967,
-1,1,2233,Pond,0.720500000000000,Hist,Hist salmon,8937,0.000000000000000,,8937,72380.641822059013066,39697893.786662034690380,Mainstem: Lower Chehalis 6,62,421.545908950223122,7200.260781677581690,Yes
-1,1,2234,Pond,0.084579000000000,Hist,Hist salmon,8938,0.000000000000000,,8938,72380.641822059013066,39697893.786662034690380,Mainstem: Lower Chehalis 6,62,109.390636454056491,845.231532672553726,Yes
-1,1,2235,Marsh,0.055176000000000,Hist,Hist no salmon,13396,133.920150130516873,,13396,222380.125267685507424,776523555.048679113388062,Satsop River,40,90.128328428360334,551.365849612817101,
-1,1,2236,Marsh,6.374836000000000,Hist,Hist no salmon,13632,251.337067917772004,,13632,222380.125267685507424,776523555.048679113388062,Satsop River,40,1878.820881024021901,63702.696349024336087,
-1,1,2237,Marsh,4.016722000000000,Curr,Hist no salmon,13648,416.695029853797053,,13648,222380.125267685507424,776523555.048679113388062,Satsop River,40,1122.455182558932393,40138.081895476199861,
-1,1,2238,Marsh,4.345259000000000,Curr,Hist salmon,13411,465.339618323397303,,13411,222380.125267685507424,776523555.048679113388062,Satsop River,40,1360.852867430745391,43421.147290130349575,
-1,1,2239,Marsh,0.411984000000000,Hist,Hist no salmon,13654,195.442315010291622,,13654,222380.125267685507424,776523555.048679113388062,Satsop River,40,292.771138630639371,4116.844832809396394,
-1,1,2240,Marsh,0.408882000000000,Curr,Hist salmon,20079,566.001506910092417,,20079,72380.641822059013066,39697893.786662034690380,Mainstem: Lower Chehalis 6,62,316.910544857511468,4086.145483981334564,Yes
-1,1,2241,Marsh,0.273160000000000,Hist,Hist salmon,13256,60.516625061678518,,13256,222380.125267685507424,776523555.048679113388062,Satsop River,40,200.430733256412452,2729.671596995026448,
-1,1,2242,Marsh,7.993115000000000,Hist,Hist no salmon,13393,473.607703675719222,,13393,222380.125267685507424,776523555.048679113388062,Satsop River,40,1578.883046526394764,79873.892364049956086,
-1,1,2243,Marsh,6.431502000000000,Curr,Hist salmon,13366,295.814797293208301,,13366,222380.125267685507424,776523555.048679113388062,Satsop River,40,1345.641595243726897,64268.930923463260115,
-1,1,2244,Marsh,0.873007000000000,Curr,Hist salmon,13659,402.456618479965812,,13659,222380.125267685507424,776523555.048679113388062,Satsop River,40,440.736527016502919,8723.706994689528074,
-1,1,2245,Marsh,5.556093000000000,Curr,Hist salmon,13420,0.000000000000000,,13420,222380.125267685507424,776523555.048679113388062,Satsop River,40,1985.357499530879522,55520.461991765550920,
-1,1,2246,Marsh,0.055599000000000,Both,Hist no salmon,20852,1478.374387840467989,,20852,87582.837988347251667,164879927.806114047765732,Upper Chehalis: Above Proposed Dam,1,88.321342343889256,555.644032249597672,
-1,1,2247,Marsh,0.977434000000000,Hist,Hist salmon,5555,0.000000000000000,,5555,55554.058267856235034,72106875.751249000430107,Garrard Creek,25,612.100550371370900,9768.201793656260634,
-1,1,2248,Pond,1.079452000000000,Curr,Hist no salmon,7699,668.453547707154144,,7699,72380.641822059013066,39697893.786662034690380,Mainstem: Lower Chehalis 6,62,407.271799825534345,10787.501035573799527,
-1,1,2249,Marsh,0.510107000000000,Hist,Hist salmon,8756,106.227339487877671,,8756,64500.793559666235524,70730227.349633023142815,Mox Chehalis Creek,34,318.156251089923899,5097.683175063756607,
-1,1,2250,Marsh,2.110977000000000,Hist,Hist salmon,13380,650.157518434885901,,13380,222380.125267685507424,776523555.048679113388062,Satsop River,40,718.519614188591049,21094.499645289510227,
-1,1,2251,Marsh,0.144386000000000,Hist,Hist no salmon,13418,521.818827772832833,,13418,222380.125267685507424,776523555.048679113388062,Satsop River,40,139.097478549566688,1442.810239822289304,
-1,1,2252,Marsh,0.915421000000000,Hist,Hist no salmon,13991,669.928662415515760,,13991,222380.125267685507424,776523555.048679113388062,Satsop River,40,398.863108984929909,9147.565191513498576,
-1,1,2253,Marsh,1.969919000000000,Hist,Hist no salmon,13418,448.105177038917361,,13418,222380.125267685507424,776523555.048679113388062,Satsop River,40,615.152991014136205,19684.869808010109409,
-1,1,2254,Marsh,0.667402000000000,Hist,Hist salmon,13421,619.519407128376997,,13421,222380.125267685507424,776523555.048679113388062,Satsop River,40,327.420184413502852,6669.146895077756199,
-1,1,2255,Marsh,3.936266000000000,Hist,Hist no salmon,13425,460.567986077117951,,13425,222380.125267685507424,776523555.048679113388062,Satsop River,40,1050.501748315547275,39333.886345249229635,
-1,1,2256,Marsh,4.129398000000000,Curr,Hist no salmon,13673,1507.836243745698994,,13673,222380.125267685507424,776523555.048679113388062,Satsop River,40,1007.012288396203758,41263.450282393496309,
-1,1,2257,Marsh,2.610036000000000,Curr,Hist salmon,7366,858.593831226382349,,7366,25489.615299052060436,11565107.814306572079659,Mainstem: Lower Chehalis 5,61,989.208315702435698,26083.479564580920851,Yes
-1,1,2258,Marsh,0.389192000000000,Curr,Hist salmon,7355,728.073274335126143,,7355,25489.615299052060436,11565107.814306572079659,Mainstem: Lower Chehalis 5,61,393.897280657829072,3889.392779933994916,
-1,1,2259,Marsh,4.390121000000000,Hist,Hist salmon,12563,266.544361917388073,,12563,111846.634780773121747,175346973.513960331678391,Cloquallum Creek,37,1340.410777592421027,43870.354479763998825,
-1,1,2260,Marsh,1.097023000000000,Curr,Hist salmon,12680,565.923352886576822,,12680,111846.634780773121747,175346973.513960331678391,Cloquallum Creek,37,464.760075415293386,10962.425380462847897,
-1,1,2261,Marsh,0.517265000000000,Curr,Hist no salmon,12991,907.320710478218530,,12991,111846.634780773121747,175346973.513960331678391,Cloquallum Creek,37,291.182315172416622,5168.964801026507303,
-1,1,2262,Marsh,0.040745000000000,Hist,Hist salmon,13902,23.738977039914307,,13902,222380.125267685507424,776523555.048679113388062,Satsop River,40,83.993339402444491,407.154857061211317,
-1,1,2263,Marsh,4.890098000000000,Hist,Hist salmon,14100,0.000000000000000,,14100,222380.125267685507424,776523555.048679113388062,Satsop River,40,1345.147396185372827,48865.250214183644857,
-1,1,2264,Marsh,2.162318000000000,Hist,Hist salmon,14170,0.000000000000000,,14170,222380.125267685507424,776523555.048679113388062,Satsop River,40,785.504925454089062,21607.378679919358547,
-1,1,2265,Marsh,0.367061000000000,Hist,Hist no salmon,14981,730.467721762687120,,14981,222380.125267685507424,776523555.048679113388062,Satsop River,40,247.578440122622851,3667.855493952009510,
-1,1,2266,Pond,0.355773000000000,Curr,Hist salmon,5512,114.540476477127683,,5512,55554.058267856235034,72106875.751249000430107,Garrard Creek,25,231.657816887389401,3555.495309856179119,
-1,1,2267,Marsh,0.150211000000000,Hist,Hist salmon,5495,487.357003628261623,,5495,55554.058267856235034,72106875.751249000430107,Garrard Creek,25,172.961381974010408,1501.162770438418875,
-1,1,2268,Marsh,1.239568000000000,Curr,Hist salmon,5843,0.000000000000000,,5843,34889.509330777720606,17144842.197271723300219,Unnamed: Central Lowlands 4,27,550.006929644104730,12387.815411437846706,
-1,1,2269,Marsh,0.058786000000000,Hist,Hist no salmon,6637,507.417371949424989,,6637,52529.756095652686781,68590327.366781875491142,Rock Creek (Lower Chehalis),28,96.288493808054966,587.482874571275715,
-1,1,2270,Marsh,1.406220000000000,Curr,Hist salmon,7367,261.517727495910151,,7367,25489.615299052060436,11565107.814306572079659,Mainstem: Lower Chehalis 5,61,1170.611566929039100,14053.101305338388556,Yes
-1,2,2271,Marsh,0.070718000000000,Hist,Hist salmon,7364,281.548647782013745,,7364,39771.791102286122623,24612682.804720312356949,Unnamed: Black Hills 4,30,125.589617856622709,706.720107672721383,Yes
-1,1,2272,Marsh,0.179676000000000,Curr,Hist no salmon,13915,189.792585627456816,,13915,222380.125267685507424,776523555.048679113388062,Satsop River,40,165.607722738076319,1795.456495948457587,
-1,1,2273,Marsh,0.262370000000000,Hist,Hist salmon,14981,1820.345332253027436,,14981,222380.125267685507424,776523555.048679113388062,Satsop River,40,206.166696622781700,2621.743215254034112,
-1,1,2274,Marsh,0.116311000000000,Hist,Hist salmon,14981,1919.713193001977970,,14981,222380.125267685507424,776523555.048679113388062,Satsop River,40,135.811849757051164,1162.239574086124776,
-1,1,2275,Marsh,0.089492000000000,Hist,Hist salmon,20595,0.000000000000000,,20595,55554.058267856235034,72106875.751249000430107,Garrard Creek,25,122.747273226019374,894.357169192473634,
-1,1,2276,Marsh,0.564372000000000,Hist,Hist salmon,20595,0.000000000000000,,20595,55554.058267856235034,72106875.751249000430107,Garrard Creek,25,391.888403971363573,5640.161402008112418,
-1,1,2277,Marsh,0.071591000000000,Curr,Hist salmon,8081,408.964133049193492,,8081,64500.793559666235524,70730227.349633023142815,Mox Chehalis Creek,34,118.713720194353868,715.440883849901184,
-1,1,2278,Marsh,0.097725000000000,Both,Hist no salmon,11402,205.850966112212376,,11402,111846.634780773121747,175346973.513960331678391,Cloquallum Creek,37,159.498900331880520,976.574261389269395,
-1,1,2279,Marsh,4.177908000000000,Both,Hist salmon,10544,233.784949752686799,,10544,111846.634780773121747,175346973.513960331678391,Cloquallum Creek,37,825.025349302470090,41750.260042587244243,
-1,1,2280,Pond,0.083177000000000,Hist,Hist salmon,20579,1100.038817455998924,,20579,98751.225704972457606,77067740.308363378047943,Unnamed: Central Lowlands 6,20,106.673375294649702,831.243625985565586,
-1,1,2281,Marsh,1.661548000000000,Curr,Hist salmon,9148,492.314437915372707,,9148,64500.793559666235524,70730227.349633023142815,Mox Chehalis Creek,34,468.857182094202926,16604.320616004581098,
-1,1,2282,Marsh,0.180303000000000,Hist,Hist salmon,12498,0.000000000000000,,12498,111846.634780773121747,175346973.513960331678391,Cloquallum Creek,37,230.812477733679373,1801.742854646258365,
-1,1,2283,Marsh,0.526407000000000,Curr,Hist salmon,12501,556.221595820880111,,12501,111846.634780773121747,175346973.513960331678391,Cloquallum Creek,37,371.841765160306636,5260.305431494110962,
-1,1,2284,Marsh,2.129726000000000,Hist,Hist salmon,10584,0.000000000000000,,10584,111846.634780773121747,175346973.513960331678391,Cloquallum Creek,37,904.909046986510816,21282.518860087522626,
-1,1,2285,Marsh,0.326553000000000,Hist,Hist salmon,23256,93.436735536744834,,23256,111846.634780773121747,175346973.513960331678391,Cloquallum Creek,37,246.882353187549597,3263.254556022861379,
-1,1,2286,Marsh,0.250338000000000,Hist,Hist no salmon,2619,1006.436162496167071,,2619,48209.614123100487632,34704709.802221670746803,Unnamed: Willapa Hills 3,4,195.931628927912925,2501.826686256789344,
-1,1,2287,Pond,0.058021000000000,Hist,Hist no salmon,6968,2521.896434256676912,,6968,39771.791102286122623,24612682.804720312356949,Unnamed: Black Hills 4,30,90.783131725369145,579.823199677737080,
-1,1,2288,Marsh,0.161720000000000,Hist,Hist salmon,19483,0.000000000000000,,19483,72962.203844451025361,93771104.135443136096001,Bunker Creek,10,159.110713569459989,1616.187671702022271,
-1,1,2289,Marsh,0.151001000000000,Hist,Hist no salmon,6560,3208.493655032448714,,6560,39771.791102286122623,24612682.804720312356949,Unnamed: Black Hills 4,30,172.405716013474745,1509.007480027064048,
-1,1,2290,Marsh,1.781178000000000,Hist,Hist salmon,12801,264.538566756971363,,12801,111846.634780773121747,175346973.513960331678391,Cloquallum Creek,37,681.909081174554672,17798.899719010736590,
-1,1,2291,Marsh,0.391116000000000,Hist,Hist no salmon,6406,755.776808271050982,,6406,70790.401097194917384,102524081.591505512595177,Cedar Creek,29,312.087784164396965,3908.627814262953507,
-1,1,2292,Marsh,0.062776000000000,Curr,Hist salmon,8632,1509.264019463893874,,8632,67829.617527592563420,102901766.598401084542274,Porter Creek,32,100.777718718499600,627.330205073869479,
-1,1,2293,Marsh,0.569954000000000,Hist,Hist salmon,8645,3114.121373692456473,,8645,67829.617527592563420,102901766.598401084542274,Porter Creek,32,317.949276302211558,5695.656537460748950,
-1,1,2294,Marsh,0.125343000000000,Hist,Hist salmon,8645,3159.975090886037833,,8645,67829.617527592563420,102901766.598401084542274,Porter Creek,32,151.115729865955046,1252.581608781886871,
-1,1,2295,Marsh,0.342475000000000,Curr,Hist salmon,1108,182.675796945682862,,1108,128713.250162538577570,324568132.476597189903259,South Fork Chehalis,5,238.534694671629410,3422.606506142891703,
-1,1,2296,Marsh,0.424626000000000,Hist,Hist salmon,20564,545.889516455545277,,20564,98751.225704972457606,77067740.308363378047943,Unnamed: Central Lowlands 6,20,411.940410630444148,4243.558142057104305,
-1,1,2297,Marsh,0.403802000000000,Hist,Hist salmon,6841,0.000000000000000,,6841,70790.401097194917384,102524081.591505512595177,Cedar Creek,29,382.503354864454877,4035.394686844828357,
-1,1,2298,Marsh,0.326600000000000,Curr,Hist salmon,6838,326.365787986556086,,6838,70790.401097194917384,102524081.591505512595177,Cedar Creek,29,377.381663514054594,3263.869383488919993,
-1,1,2299,Marsh,1.112265000000000,Curr,Hist salmon,7327,0.000000000000000,,7327,70790.401097194917384,102524081.591505512595177,Cedar Creek,29,504.516602058459057,11115.263462980281474,
-1,1,2300,Marsh,0.686476000000000,Hist,Hist salmon,8656,1481.416229154763414,,8656,67829.617527592563420,102901766.598401084542274,Porter Creek,32,495.850376083790877,6860.075087367157721,
-1,1,2301,Pond,0.496238000000000,Curr,Hist no salmon,893,830.063084897121485,,893,128713.250162538577570,324568132.476597189903259,South Fork Chehalis,5,310.713325335845866,4959.266042248503254,
-1,1,2302,Pond,0.090703000000000,Curr,Hist no salmon,4865,883.720418659939014,,4865,90912.708609555149451,112473867.070502221584320,Lincoln Creek,19,120.743557256584850,906.455908873071735,
-1,1,2303,Pond,0.008123000000000,Curr,Hist no salmon,5753,457.715731787796926,,5753,159862.665859964530682,364384257.434201776981354,Black River,23,36.390213085544616,81.175998183451242,
-1,1,2304,Marsh,6.456619000000000,Curr,Hist salmon,1870,0.000000000000000,,1870,128713.250162538577570,324568132.476597189903259,South Fork Chehalis,5,1362.407487265757709,64525.678255058126524,
-1,1,2305,Marsh,4.888606000000000,Curr,Hist salmon,19674,0.000000000000000,,19674,128713.250162538577570,324568132.476597189903259,South Fork Chehalis,5,1239.393928944936988,48855.321120562497526,
-1,1,2306,Marsh,0.070032000000000,Curr,Hist salmon,1203,143.939814938991816,,1203,128713.250162538577570,324568132.476597189903259,South Fork Chehalis,5,108.494027714573150,699.875583862911867,
-1,1,2307,Marsh,0.587813000000000,Curr,Hist salmon,19671,111.106341929305160,,19671,128713.250162538577570,324568132.476597189903259,South Fork Chehalis,5,356.706233093645892,5874.440392353790230,
-1,1,2308,Marsh,0.666299000000000,Curr,Hist salmon,1766,34.894723780225810,,1766,128713.250162538577570,324568132.476597189903259,South Fork Chehalis,5,441.515526323597612,6658.805973447027100,
-1,1,2309,Marsh,0.224637000000000,Hist,Hist salmon,5328,969.909992053794781,,5328,159862.665859964530682,364384257.434201776981354,Black River,23,221.720735837789306,2244.926856154125289,Yes
-1,1,2310,Pond,0.033298000000000,Curr,Hist no salmon,19218,228.976806101188998,,19218,159862.665859964530682,364384257.434201776981354,Black River,23,86.138618946306622,332.762763194040417,
-1,1,2311,Pond,0.090167000000000,Curr,Hist no salmon,19218,364.134465316348553,,19218,159862.665859964530682,364384257.434201776981354,Black River,23,120.869038434875620,901.082898737059850,
-1,1,2312,Pond,1.096804000000000,Curr,Hist salmon,1213,213.095421115175043,,1213,128713.250162538577570,324568132.476597189903259,South Fork Chehalis,5,412.200687367220269,10961.143704307856751,
-1,1,2313,Marsh,0.416645000000000,Hist,Hist salmon,20479,20.339283994034805,,20479,34108.605140610685339,18818520.316444125026464,Unnamed: Willapa Hills 4,8,361.567013428203040,4163.838270727841518,
-1,1,2314,Pond,1.047826000000000,Curr,Hist salmon,4586,260.408257087044831,,4586,90912.708609555149451,112473867.070502221584320,Lincoln Creek,19,484.789165701040758,10471.605945330229588,
-1,1,2315,Pond,0.389597000000000,Hist,Hist salmon,20339,1423.126557805955372,,20339,159862.665859964530682,364384257.434201776981354,Black River,23,383.474945405064659,3893.387748873240980,
-1,1,2316,Pond,1.031746000000000,Hist,Hist salmon,20339,1416.029765280235779,,20339,159862.665859964530682,364384257.434201776981354,Black River,23,699.336500812996746,10310.640088856125658,
-1,1,2317,Marsh,9.463490000000000,Hist,Hist salmon,19632,0.000000000000000,,19632,128713.250162538577570,324568132.476597189903259,South Fork Chehalis,5,2920.451013652164875,94575.169233756561880,
-1,1,2318,Marsh,0.527110000000000,Curr,Hist salmon,821,20.348638032881073,,821,128713.250162538577570,324568132.476597189903259,South Fork Chehalis,5,283.089732522314023,5267.771398223001597,
-1,1,2319,Marsh,5.133271000000000,Hist,Hist salmon,819,0.000000000000000,,819,128713.250162538577570,324568132.476597189903259,South Fork Chehalis,5,1118.352940115895763,51300.357512396047241,
-1,1,2320,Marsh,1.111987000000000,Hist,Hist salmon,825,63.331356406159706,,825,128713.250162538577570,324568132.476597189903259,South Fork Chehalis,5,421.269567959763663,11112.852846969361053,
-1,1,2321,Marsh,4.266351000000000,Hist,Hist salmon,19609,0.000000000000000,,19609,128713.250162538577570,324568132.476597189903259,South Fork Chehalis,5,1028.817369388277257,42636.656498953845585,
-1,1,2322,Marsh,0.118471000000000,Curr,Hist no salmon,20453,862.313035180895099,,20453,59791.565918335734750,95616163.941657066345215,Stearns Creek,9,138.165762667812118,1183.960346184537002,
-1,1,2323,Marsh,2.212660000000000,Curr,Hist salmon,2736,0.000000000000000,,2736,34108.605140610685339,18818520.316444125026464,Unnamed: Willapa Hills 4,8,1129.735221016754849,22112.698105795723677,
-1,1,2324,Pond,0.104398000000000,Hist,Hist no salmon,3089,802.994593308214235,,3089,41351.329529655922670,29855620.203990574926138,Unnamed: Central Lowlands 9,11,125.214326048608655,1043.319780541897671,
-1,1,2325,Marsh,0.457259000000000,Both,Hist salmon,6896,285.911583359800488,,6896,159862.665859964530682,364384257.434201776981354,Black River,23,252.827276850040676,4569.567285271008586,
-1,1,2326,Pond,3.051382000000000,Curr,Hist salmon,7821,367.230037999538581,,7821,159862.665859964530682,364384257.434201776981354,Black River,23,895.802071896218990,30493.315501019231306,
-1,1,2327,Marsh,4.231866000000000,Curr,Hist salmon,5105,0.000000000000000,,5105,40239.034924584579130,15952808.948135545477271,Mainstem: Lower Chehalis 2,58,1200.552590782782772,42291.517780125825084,
-1,1,2328,Marsh,0.645434000000000,Both,Hist salmon,19253,179.685302747258049,,19253,159862.665859964530682,364384257.434201776981354,Black River,23,413.458430859239684,6450.125987834350781,
-1,1,2329,Marsh,0.383504000000000,Hist,Hist no salmon,19274,679.787944797149180,,19274,159862.665859964530682,364384257.434201776981354,Black River,23,274.307826866609389,3832.522601446223234,
-1,1,2330,Marsh,0.800911000000000,Curr,Hist salmon,6942,913.149257088846184,,6942,159862.665859964530682,364384257.434201776981354,Black River,23,470.979818502052467,8003.790129697790690,
-1,1,2331,Marsh,0.439410000000000,Curr,Hist no salmon,7832,467.430613175329427,,7832,159862.665859964530682,364384257.434201776981354,Black River,23,271.577947445596863,4391.126352106635750,
-1,1,2332,Pond,0.787737000000000,Hist,Hist salmon,3797,108.903502612452684,,3797,59313.456616296323773,20382099.438309937715530,Mainstem: Middle Chehalis 2,55,596.734488178490437,7872.405165077694619,
-1,1,2333,Marsh,0.108845000000000,Hist,Hist no salmon,4947,490.552372587843763,,4947,40239.034924584579130,15952808.948135545477271,Mainstem: Lower Chehalis 2,58,177.543430494825202,1087.754626678512977,Yes
-1,1,2334,Pond,0.105495000000000,Curr,Hist no salmon,2123,223.765555038033455,,2123,59791.565918335734750,95616163.941657066345215,Stearns Creek,9,129.048511108784936,1054.288162396946973,
-1,1,2335,Marsh,3.351560000000000,Hist,Hist salmon,2659,0.000000000000000,,2659,59791.565918335734750,95616163.941657066345215,Stearns Creek,9,763.397654816003183,33494.509197052197123,
-1,1,2336,Pond,0.079667000000000,Curr,Hist no salmon,5388,366.152741943868023,,5388,106638.473340230484609,103623513.334606394171715,Scatter Creek,22,140.897602211503653,796.151293390699038,
-1,1,2337,Marsh,0.216397000000000,Curr,Hist no salmon,6597,1619.688782218324604,,6597,159862.665859964530682,364384257.434201776981354,Black River,23,170.479701856377517,2162.549935402135816,
-1,1,2338,Marsh,1.729238000000000,Curr,Hist no salmon,6811,878.456615214426279,,6811,159862.665859964530682,364384257.434201776981354,Black River,23,511.670337300341203,17280.954154627263051,
-1,1,2339,Marsh,6.812071000000000,Curr,Hist salmon,3852,0.000000000000000,,3852,49339.273498255643062,17306234.431499805301428,Mainstem: Middle Chehalis 3,56,1060.849876178840759,68077.743857669629506,Yes
-1,1,2340,Marsh,0.417206000000000,Curr,Curr degrade,23115,297.583128879349601,,23115,49339.273498255643062,17306234.431499805301428,Mainstem: Middle Chehalis 3,56,276.387035270431454,4169.421374259738514,
-1,1,2341,Marsh,0.063122000000000,Curr,Curr degrade,23112,188.988229897014890,,23112,49339.273498255643062,17306234.431499805301428,Mainstem: Middle Chehalis 3,56,98.475246883078384,630.817027197379844,
-1,1,2342,Pond,0.023239000000000,Curr,Hist no salmon,4295,42.804046290094234,,4295,49339.273498255643062,17306234.431499805301428,Mainstem: Middle Chehalis 3,56,55.868007976135495,232.246224621483151,
-1,1,2343,Marsh,0.303487000000000,Curr,Hist no salmon,6596,574.850552589374843,,6596,159862.665859964530682,364384257.434201776981354,Black River,23,236.936079290780640,3032.875569787001950,
-1,1,2344,Marsh,0.065193000000000,Hist,Hist salmon,7151,0.000000000000000,,7151,159862.665859964530682,364384257.434201776981354,Black River,23,94.864807135814218,651.498662119887967,
-1,1,2345,Marsh,1.410002000000000,Hist,Hist no salmon,7253,299.504236659486821,,7253,159862.665859964530682,364384257.434201776981354,Black River,23,905.522958971980984,14090.630415907920906,
-1,1,2346,Marsh,1.093810000000000,Both,Hist salmon,19303,799.254413973416490,,19303,159862.665859964530682,364384257.434201776981354,Black River,23,378.019169885197073,10930.638613430784972,
-1,1,2347,Pond,0.143216000000000,Both,Hist no salmon,17963,603.851995211799363,,17963,151813.484517717675772,406226339.697148263454437,Newaukum River,12,142.569283426017307,1431.253195692912186,Yes
-1,1,2348,Marsh,3.650827000000000,Both,Hist no salmon,7264,143.562479437272032,,7264,159862.665859964530682,364384257.434201776981354,Black River,23,744.978083049057773,36483.855799507073243,
-1,1,2349,Marsh,0.165847000000000,Hist,Hist no salmon,1635,323.663970982840851,,1635,59791.565918335734750,95616163.941657066345215,Stearns Creek,9,162.559873311259622,1657.433764987999893,
-1,1,2350,Pond,0.971217000000000,Curr,Hist salmon,4310,0.000000000000000,,4310,49339.273498255643062,17306234.431499805301428,Mainstem: Middle Chehalis 3,56,430.693449861270551,9706.004021218339403,Yes
-1,1,2351,Marsh,0.846746000000000,Hist,Hist salmon,19348,0.000000000000000,,19348,64116.909780659618264,34581500.544033728539944,Unnamed: Black River 1,21,387.867646481218117,8462.003668918987387,
-1,1,2352,Pond,0.258105000000000,Curr,Hist no salmon,5412,965.049245961491920,,5412,106638.473340230484609,103623513.334606394171715,Scatter Creek,22,193.640056192676468,2579.378789390155362,
-1,1,2353,Marsh,0.371489000000000,Curr,Hist salmon,1637,0.000000000000000,,1637,59791.565918335734750,95616163.941657066345215,Stearns Creek,9,305.114126842002236,3712.554773972266958,
-1,1,2354,Marsh,0.535536000000000,Hist,Hist salmon,1638,0.000000000000000,,1638,59791.565918335734750,95616163.941657066345215,Stearns Creek,9,288.882085433903057,5351.990788619214072,
-1,1,2355,Pond,0.143293000000000,Curr,Hist salmon,2631,172.197304108040981,,2631,151813.484517717675772,406226339.697148263454437,Newaukum River,12,138.388752566957265,1432.034584488797009,
-1,1,2356,Marsh,0.075123000000000,Curr,Hist salmon,6374,0.000000000000000,,6374,159862.665859964530682,364384257.434201776981354,Black River,23,120.816920725958724,750.736556741718118,
-1,1,2357,Marsh,0.295439000000000,Hist,Hist no salmon,6774,635.361028770030885,,6774,159862.665859964530682,364384257.434201776981354,Black River,23,263.318852187908817,2952.438730428322287,
-1,1,2358,Marsh,6.165596000000000,Curr,Hist no salmon,8322,2276.147023564394203,,8322,159862.665859964530682,364384257.434201776981354,Black River,23,1780.553261419602450,61614.459917076332204,
-1,1,2359,Marsh,0.074407000000000,Curr,Hist salmon,1646,0.000000000000000,,1646,59791.565918335734750,95616163.941657066345215,Stearns Creek,9,102.239493666852383,743.603908323427845,
-1,1,2360,Pond,0.110964000000000,Curr,Hist no salmon,1892,1381.758766892772201,,1892,151813.484517717675772,406226339.697148263454437,Newaukum River,12,121.705691740000134,1108.945369867137742,
-1,1,2361,Pond,0.583966000000000,Curr,Hist salmon,17990,131.751801100943311,,17990,151813.484517717675772,406226339.697148263454437,Newaukum River,12,478.480112619458964,5835.988561916852632,Yes
-1,1,2362,Marsh,0.755969000000000,Curr,Hist salmon,6376,1104.498546113168231,,6376,159862.665859964530682,364384257.434201776981354,Black River,23,365.859146491715364,7554.766988167491945,
-1,1,2363,Marsh,1.129897000000000,Curr,Hist salmon,6375,1427.556538950144613,,6375,159862.665859964530682,364384257.434201776981354,Black River,23,611.504826921663721,11291.605328776537135,
-1,1,2364,Pond,3.558061000000000,Curr,Hist salmon,6373,907.735502788311578,,6373,159862.665859964530682,364384257.434201776981354,Black River,23,1147.516710823403173,35557.381173793663038,
-1,1,2365,Marsh,1.376171000000000,Curr,Hist no salmon,6373,1186.217353179921020,,6373,159862.665859964530682,364384257.434201776981354,Black River,23,488.170640023343140,13752.726605534926421,
-1,1,2366,Pond,0.063765000000000,Curr,Hist no salmon,19147,1282.116896740157017,,19147,57551.046467003296129,62244686.940613552927971,Salzer Creek,15,93.262151257537226,637.243518615806806,
-1,1,2367,Pond,0.048831000000000,Curr,Hist no salmon,4331,917.466712035177693,,4331,57551.046467003296129,62244686.940613552927971,Salzer Creek,15,84.260989654622549,487.997982548203140,
-1,1,2368,Marsh,23.820777000000000,Curr,Hist salmon,18390,0.000000000000000,,18390,138406.144823040289339,318898089.190657675266266,Skookumchuck River,18,2114.258137059625369,238055.850867900589947,
-1,1,2369,Marsh,3.589151000000000,Curr,Hist no salmon,7297,1080.301844217988446,,7297,159862.665859964530682,364384257.434201776981354,Black River,23,1067.120365267669058,35867.531959551903128,
-1,1,2370,Pond,0.106466000000000,Curr,Curr degrade,2384,357.720700058898274,,2384,151813.484517717675772,406226339.697148263454437,Newaukum River,12,149.743797782214813,1063.996510940331518,Yes
-1,1,2371,Marsh,0.301412000000000,Curr,Hist salmon,2955,0.000000000000000,,2955,50132.307652337098261,42180804.244348973035812,Unnamed: Cascade Mountains 2,13,226.100892317604263,3012.228356883359538,
-1,1,2372,Pond,0.053843000000000,Hist,Hist no salmon,18104,462.172997945065561,,18104,138406.144823040289339,318898089.190657675266266,Skookumchuck River,18,134.941078450678475,538.087148218534594,
-1,1,2373,Pond,1.707736000000000,Hist,Hist no salmon,18104,473.047506729058910,,18104,138406.144823040289339,318898089.190657675266266,Skookumchuck River,18,1047.770817813935992,17066.442429892755172,
-1,1,2374,Pond,1.764687000000000,Both,Hist no salmon,7208,1218.842900292364448,,7208,159862.665859964530682,364384257.434201776981354,Black River,23,534.165022009725476,17635.120141740888357,
-1,1,2375,Pond,12.482688000000000,Curr,Hist no salmon,18440,1110.182488697216058,,18440,138406.144823040289339,318898089.190657675266266,Skookumchuck River,18,1518.390915991009251,124747.810556293421541,
-1,1,2376,Pond,0.800405000000000,Curr,Hist no salmon,18753,73.762779732344470,,18753,138406.144823040289339,318898089.190657675266266,Skookumchuck River,18,360.670489011575171,7998.966703040008724,
-1,1,2377,Pond,0.205364000000000,Curr,Hist no salmon,18753,84.449474025730467,,18753,138406.144823040289339,318898089.190657675266266,Skookumchuck River,18,175.407504319230469,2052.334248416536411,
-1,1,2378,Pond,0.635990000000000,Curr,Hist no salmon,6132,873.057643904143788,,6132,106638.473340230484609,103623513.334606394171715,Scatter Creek,22,594.525828327572981,6355.761134147843222,
-1,1,2379,Pond,0.090452000000000,Hist,Hist no salmon,6711,869.701857593438490,,6711,159862.665859964530682,364384257.434201776981354,Black River,23,110.023932618276689,903.928315316320095,
-1,1,2380,Marsh,0.206385000000000,Both,Hist no salmon,2499,612.292178358176898,,2499,151813.484517717675772,406226339.697148263454437,Newaukum River,12,211.124280631025528,2062.556784704579059,
-1,1,2381,Marsh,0.514223000000000,Curr,Hist salmon,2966,0.000000000000000,,2966,50132.307652337098261,42180804.244348973035812,Unnamed: Cascade Mountains 2,13,466.708106409671473,5139.003738135951608,
-1,1,2382,Marsh,0.016109000000000,Hist,Hist no salmon,19089,1238.204853066774149,,19089,50132.307652337098261,42180804.244348973035812,Unnamed: Cascade Mountains 2,13,48.334566959477719,160.993788279558970,
-1,1,2383,Marsh,0.019793000000000,Hist,Hist salmon,18685,233.326595090082492,,18685,138406.144823040289339,318898089.190657675266266,Skookumchuck River,18,52.714972129207446,197.800346576875796,
-1,1,2384,Pond,0.195673000000000,Curr,Hist salmon,18450,529.108893958799399,,18450,138406.144823040289339,318898089.190657675266266,Skookumchuck River,18,218.336840346757242,1955.487754292095815,
-1,1,2385,Pond,3.301814000000000,Curr,Hist no salmon,18845,614.793206181864321,,18845,138406.144823040289339,318898089.190657675266266,Skookumchuck River,18,729.308759719063346,32997.206029290253355,
-1,1,2386,Pond,0.427513000000000,Curr,Hist no salmon,18758,69.198853712528162,,18758,138406.144823040289339,318898089.190657675266266,Skookumchuck River,18,272.852969141360290,4272.417074058394974,
-1,1,2387,Marsh,0.567472000000000,Hist,Hist salmon,6064,560.270343404365576,,6064,106638.473340230484609,103623513.334606394171715,Scatter Creek,22,280.011032618231241,5671.013302395241226,
-1,1,2388,Marsh,0.051833000000000,Hist,Hist no salmon,18866,590.945710127280677,,18866,138406.144823040289339,318898089.190657675266266,Skookumchuck River,18,102.146230625453441,518.007340902187593,
-1,1,2389,Marsh,0.184348000000000,Hist,Hist salmon,1507,0.000000000000000,,1507,151813.484517717675772,406226339.697148263454437,Newaukum River,12,159.702718982003915,1842.332230000301934,
-1,1,2390,Marsh,1.633750000000000,Curr,Hist salmon,18772,0.000000000000000,,18772,138406.144823040289339,318898089.190657675266266,Skookumchuck River,18,800.604960585887738,16327.252542624728449,
-1,1,2391,Marsh,3.060704000000000,Curr,Hist no salmon,6056,1098.230685336741089,,6056,106638.473340230484609,103623513.334606394171715,Scatter Creek,22,651.578599141565860,30587.089185212695156,
-1,1,2392,Marsh,0.229361000000000,Hist,Hist salmon,18780,0.000000000000000,,18780,138406.144823040289339,318898089.190657675266266,Skookumchuck River,18,190.512584027473821,2292.177978945756877,
-1,1,2393,Marsh,0.434476000000000,Hist,Hist salmon,1350,0.000000000000000,,1350,151813.484517717675772,406226339.697148263454437,Newaukum River,12,344.225503943919762,4342.073290862581416,
-1,1,2394,Marsh,0.095645000000000,Hist,Hist salmon,3115,582.624463963861217,,3115,151813.484517717675772,406226339.697148263454437,Newaukum River,12,119.556878638838029,955.851146918899985,
-1,1,2395,Marsh,1.500301000000000,Both,Hist salmon,3818,0.000000000000000,,3818,151813.484517717675772,406226339.697148263454437,Newaukum River,12,1091.540493114511719,14993.664769435523340,
-1,1,2396,Pond,0.501247000000000,Curr,Hist no salmon,17889,0.000000000000000,,17889,151813.484517717675772,406226339.697148263454437,Newaukum River,12,525.547590146409220,5009.334640518943161,
-1,1,2397,Marsh,1.275247000000000,Hist,Hist salmon,18587,92.564795195413467,,18587,138406.144823040289339,318898089.190657675266266,Skookumchuck River,18,546.316348240677598,12744.446030161212548,
-1,1,2398,Marsh,0.557749000000000,Both,Hist salmon,2172,0.000000000000000,,2172,151813.484517717675772,406226339.697148263454437,Newaukum River,12,280.995289169146872,5574.033412660153772,
-1,1,2399,Marsh,0.110910000000000,Hist,Hist salmon,18931,410.164528771248172,,18931,138406.144823040289339,318898089.190657675266266,Skookumchuck River,18,123.490189934296509,1108.400031029189449,
-1,1,2400,Marsh,2.478372000000000,Hist,Hist salmon,18933,0.000000000000000,,18933,138406.144823040289339,318898089.190657675266266,Skookumchuck River,18,804.391254444699825,24768.000203252591746,
-1,1,2401,Marsh,0.402792000000000,Hist,Hist salmon,2557,0.000000000000000,,2557,151813.484517717675772,406226339.697148263454437,Newaukum River,12,253.075233241405186,4025.427318483884392,
-1,1,2402,Marsh,0.305098000000000,Hist,Hist salmon,3659,100.550092455636488,,3659,151813.484517717675772,406226339.697148263454437,Newaukum River,12,270.561862453554340,3049.087733093899715,
-1,1,2403,Marsh,0.124493000000000,Hist,Hist no salmon,2571,187.626222692564568,,2571,151813.484517717675772,406226339.697148263454437,Newaukum River,12,162.996245161156565,1244.165773753984695,
-1,1,2404,Marsh,0.220245000000000,Curr,Hist salmon,2698,99.226181472490936,,2698,151813.484517717675772,406226339.697148263454437,Newaukum River,12,176.703891763966965,2201.102529549961218,
-1,1,2405,Marsh,3.922959000000000,Hist,Hist salmon,5102,0.000000000000000,,5102,76009.236526847191271,159121473.122915714979172,Upper Skookumchuck,51,927.572796634967062,39205.148599419218954,
-1,1,2406,Marsh,0.670529000000000,Hist,Hist no salmon,4181,1021.202429679297893,,4181,76009.236526847191271,159121473.122915714979172,Upper Skookumchuck,51,294.834848799714962,6701.171284679287055,
-1,1,2407,Marsh,0.275339000000000,Hist,Hist no salmon,5079,801.058024825240182,,5079,76009.236526847191271,159121473.122915714979172,Upper Skookumchuck,51,229.008253462040244,2751.679922597560108,
-1,1,2408,Marsh,0.078731000000000,Curr,Hist salmon,2329,70.294184842907427,,2329,151813.484517717675772,406226339.697148263454437,Newaukum River,12,115.920862724467440,786.831116659013446,
-1,1,2409,Pond,0.092974000000000,Both,Hist salmon,2708,58.374916213846731,,2708,151813.484517717675772,406226339.697148263454437,Newaukum River,12,114.773018422650878,929.177947900369304,
-1,1,2410,Marsh,1.068166000000000,Curr,Hist salmon,1994,31.604231728639220,,1994,151813.484517717675772,406226339.697148263454437,Newaukum River,12,474.873252905298045,10675.216532800282948,
-1,1,2411,Marsh,0.569637000000000,Hist,Hist no salmon,4969,462.237965853330422,,4969,76009.236526847191271,159121473.122915714979172,Upper Skookumchuck,51,313.151187543585081,5692.853061335728853,
-1,1,2412,Marsh,0.157251000000000,Both,Hist no salmon,4190,1539.352593892511550,,4190,151813.484517717675772,406226339.697148263454437,Newaukum River,12,149.508262414187129,1571.555055214646700,
-1,1,2413,Marsh,0.285861000000000,Both,Hist no salmon,4190,1677.908434926240716,,4190,151813.484517717675772,406226339.697148263454437,Newaukum River,12,201.384956195040331,2856.879810446879674,
-1,1,2414,Pond,0.892701000000000,Both,Hist salmon,2875,184.007028236759822,,2875,151813.484517717675772,406226339.697148263454437,Newaukum River,12,403.764026888293188,8921.726725593589435,
-1,1,2415,Pond,0.281191000000000,Curr,Hist no salmon,1670,37.340684281670320,,1670,118289.321295402623946,126156469.879530921578407,Upper Chehalis: Proposed Dam to Elk Creek,2,519.220409544908307,2810.176200002499172,
-1,1,2416,Pond,0.049002000000000,Curr,Hist no salmon,1989,98.240775691895550,,1989,35513.610385592714010,5228343.456361263990402,Mainstem: Upper Chehalis 1,52,92.050036845039799,489.720071722333444,
-1,1,2417,Pond,0.238966000000000,Curr,Hist no salmon,2522,298.511458060291091,,2522,37122.234989205142483,8781882.017450014129281,Mainstem: Middle Chehalis 1,54,250.467388532983676,2388.164363216163565,
-1,1,2418,Pond,0.166307000000000,Curr,Hist no salmon,2523,175.096277888096836,,2523,37122.234989205142483,8781882.017450014129281,Mainstem: Middle Chehalis 1,54,215.730948225414579,1662.023926637440127,
-1,1,2419,Pond,0.290221000000000,Curr,Hist no salmon,2524,154.647752034276806,,2524,37122.234989205142483,8781882.017450014129281,Mainstem: Middle Chehalis 1,54,482.652696648441179,2900.394746271545500,
-1,1,2420,Marsh,0.552599000000000,Hist,Hist salmon,2531,250.786991022546346,,2531,37122.234989205142483,8781882.017450014129281,Mainstem: Middle Chehalis 1,54,425.977503974724527,5522.529098392279593,
-1,1,2421,Marsh,0.652720000000000,Curr,Hist salmon,2531,162.730522951946540,,2531,37122.234989205142483,8781882.017450014129281,Mainstem: Middle Chehalis 1,54,1312.503136317584904,6523.116019269071330,
-1,1,2422,Marsh,0.242900000000000,Curr,Hist salmon,2530,517.471601503798752,,2530,65306.643175367535150,54983150.600972734391689,Unnamed: Willapa Hills 2,6,557.301981150877168,2427.479989958618717,
-1,1,2423,Pond,0.122075000000000,Hist,Hist salmon,2904,23.884072707449917,,2904,59313.456616296323773,20382099.438309937715530,Mainstem: Middle Chehalis 2,55,296.173962584005551,1219.984514170284911,
-1,1,2424,Pond,0.117727000000000,Curr,Hist no salmon,2588,40.849834846533952,,2588,37122.234989205142483,8781882.017450014129281,Mainstem: Middle Chehalis 1,54,228.528867627231477,1176.538645262400905,
-1,1,2425,Marsh,1.125452000000000,Curr,Hist salmon,3262,158.926885364535281,,3262,59313.456616296323773,20382099.438309937715530,Mainstem: Middle Chehalis 2,55,1704.863438401451731,11247.435630668114754,
-1,2,2426,Pond,0.037459000000000,Hist,Hist no salmon,22599,458.848541787758563,,22599,59313.456616296323773,20382099.438309937715530,Mainstem: Middle Chehalis 2,55,117.006162912492869,374.350785807893942,
-1,1,2427,Marsh,0.266356000000000,Hist,Hist salmon,22594,64.932671988373812,,22594,59313.456616296323773,20382099.438309937715530,Mainstem: Middle Chehalis 2,55,215.233888121624744,2661.883495809457145,
-1,2,2428,Marsh,0.636797000000000,Hist,Hist salmon,22525,21.260307538082543,869,22525,59791.565918335734750,95616163.941657066345215,Stearns Creek,9,658.162185304860486,6363.958357026758677,Yes
-1,1,2429,Pond,0.321409000000000,Curr,Hist no salmon,3624,642.329465958150081,,3624,34108.605140610685339,18818520.316444125026464,Unnamed: Willapa Hills 4,8,243.154120335256266,3212.064964944565872,
-1,1,2430,Marsh,0.408367000000000,Hist,Hist salmon,3793,457.471768796441268,,3793,59313.456616296323773,20382099.438309937715530,Mainstem: Middle Chehalis 2,55,625.253427420912999,4081.093062810751235,
-1,1,2431,Marsh,2.347688000000000,Curr,Hist salmon,3790,557.096459381157047,,3790,59313.456616296323773,20382099.438309937715530,Mainstem: Middle Chehalis 2,55,1415.046641306116044,23462.087763095867558,
-1,2,2432,Slough,0.097994000000000,Hist,Hist salmon,3265,0.000000000000000,,3265,59791.565918335734750,95616163.941657066345215,Stearns Creek,9,420.491994296977680,979.324451196126233,Yes
-1,1,2433,Pond,0.384035000000000,Curr,Hist salmon,3797,123.820016385415045,,3797,59313.456616296323773,20382099.438309937715530,Mainstem: Middle Chehalis 2,55,705.695726272560364,3837.925219603075220,
-1,1,2434,Pond,0.230354000000000,Hist,Hist salmon,3087,50.741200640570383,,3087,59313.456616296323773,20382099.438309937715530,Mainstem: Middle Chehalis 2,55,374.785878859814716,2302.085690285153305,
-1,1,2435,Marsh,1.633298000000000,Curr,Hist salmon,3105,207.182248138920329,,3105,59313.456616296323773,20382099.438309937715530,Mainstem: Middle Chehalis 2,55,1449.785688390042424,16322.705814255230507,
-1,1,2436,Pond,0.118564000000000,Hist,Hist salmon,3088,104.582775852785048,,3088,59313.456616296323773,20382099.438309937715530,Mainstem: Middle Chehalis 2,55,327.252466275172026,1184.889789903210158,
-1,1,2437,Marsh,9.073689999999999,Curr,Hist salmon,17936,639.216520140940361,,17936,59313.456616296323773,20382099.438309937715530,Mainstem: Middle Chehalis 2,55,3522.996361623419943,90679.730209545930848,
-1,1,2438,Marsh,0.138129000000000,Hist,Hist salmon,3792,452.856811255601258,,3792,59313.456616296323773,20382099.438309937715530,Mainstem: Middle Chehalis 2,55,228.528364754073067,1380.417489036835377,
-1,1,2439,Marsh,1.525688000000000,Both,Hist salmon,17945,177.195158867785779,,17945,151813.484517717675772,406226339.697148263454437,Newaukum River,12,1848.337844828379730,15247.267040536227796,Yes
-1,1,2440,Pond,0.131642000000000,Curr,Hist no salmon,3089,269.145802731941387,,3089,59313.456616296323773,20382099.438309937715530,Mainstem: Middle Chehalis 2,55,158.408972135028648,1315.589009237120081,
-1,1,2441,Pond,0.910537000000000,Curr,Hist salmon,3788,98.745361329351198,,3788,59313.456616296323773,20382099.438309937715530,Mainstem: Middle Chehalis 2,55,970.636389213109396,9099.633696838289325,
-1,1,2442,Marsh,0.198247000000000,Hist,Hist salmon,3789,550.641376705127982,,3789,59313.456616296323773,20382099.438309937715530,Mainstem: Middle Chehalis 2,55,334.565824840069808,1981.224783464561824,
-1,1,2443,Pond,5.595409000000000,Curr,Hist salmon,3792,256.073161184418780,,3792,59313.456616296323773,20382099.438309937715530,Mainstem: Middle Chehalis 2,55,5940.036406097141480,55918.820147605576494,
-1,1,2444,Pond,4.735343000000000,Curr,Hist no salmon,3861,121.863476997648306,,3861,49339.273498255643062,17306234.431499805301428,Mainstem: Middle Chehalis 3,56,1330.950262792696094,47323.579262927065429,
-1,1,2445,Pond,0.137711000000000,Curr,Hist no salmon,3109,848.998426701444487,,3109,59313.456616296323773,20382099.438309937715530,Mainstem: Middle Chehalis 2,55,186.479746257601761,1376.240232699880380,
-1,1,2446,Pond,0.146691000000000,Curr,Hist no salmon,3109,821.294786476174068,,3109,59313.456616296323773,20382099.438309937715530,Mainstem: Middle Chehalis 2,55,238.131571005114751,1465.986931148901476,
-1,1,2447,Pond,0.213882000000000,Curr,Hist no salmon,22783,571.853208569286267,,22783,41351.329529655922670,29855620.203990574926138,Unnamed: Central Lowlands 9,11,191.963997684284834,2137.476754145679479,
-1,1,2448,Pond,0.300672000000000,Curr,Hist no salmon,22783,492.278403876586481,,22783,41351.329529655922670,29855620.203990574926138,Unnamed: Central Lowlands 9,11,255.951620896208084,3004.831343164503323,
-1,1,2449,Marsh,0.064382000000000,Curr,Hist salmon,3852,19.419923143324652,,3852,49339.273498255643062,17306234.431499805301428,Mainstem: Middle Chehalis 3,56,162.712040491134303,643.413227760383279,Yes
-1,1,2450,Marsh,1.459299000000000,Curr,Hist salmon,4137,136.614436174303336,,4137,49339.273498255643062,17306234.431499805301428,Mainstem: Middle Chehalis 3,56,2096.973416365620324,14583.779212215511507,
-1,1,2451,Marsh,1.220918000000000,Curr,Hist salmon,4130,341.185542475911745,,4130,49339.273498255643062,17306234.431499805301428,Mainstem: Middle Chehalis 3,56,1095.106121681787954,12201.474349017356872,
-1,1,2452,Pond,0.716899000000000,Curr,Hist salmon,4120,215.706066781416411,,4120,49339.273498255643062,17306234.431499805301428,Mainstem: Middle Chehalis 3,56,733.118789062439419,7164.460740156683642,
-1,1,2453,Pond,0.257863000000000,Curr,Hist salmon,4119,278.467327911765665,,4119,49339.273498255643062,17306234.431499805301428,Mainstem: Middle Chehalis 3,56,431.462405832511422,2576.995108222453837,
-1,1,2454,Pond,0.095486000000000,Curr,Curr degrade,4115,95.181824930542405,,4115,49339.273498255643062,17306234.431499805301428,Mainstem: Middle Chehalis 3,56,171.853616146918284,954.260608908413815,
-1,1,2455,Pond,0.270655000000000,Curr,Curr degrade,4114,272.358292545520385,,4114,49339.273498255643062,17306234.431499805301428,Mainstem: Middle Chehalis 3,56,402.210204302126613,2704.842263762091079,
-1,1,2456,Pond,2.046430000000000,Curr,Curr degrade,4114,161.910640126273677,,4114,49339.273498255643062,17306234.431499805301428,Mainstem: Middle Chehalis 3,56,1405.908026089208306,20451.366806535799697,
-1,1,2457,Marsh,2.029790000000000,Curr,Curr degrade,4289,246.936091745912393,,4289,49339.273498255643062,17306234.431499805301428,Mainstem: Middle Chehalis 3,56,2100.632251129440647,20285.069283620010538,
-1,2,2458,Pond,7.376513000000000,Curr,Hist salmon,4283,254.567231496338138,,4283,57551.046467003296129,62244686.940613552927971,Salzer Creek,15,5804.613562075111986,73718.508760886674281,
-1,1,2459,Pond,1.954496000000000,Curr,Curr degrade,4284,123.645598480529301,,4284,49339.273498255643062,17306234.431499805301428,Mainstem: Middle Chehalis 3,56,1077.763730789729152,19532.600912205303757,
-1,1,2460,Pond,0.760461000000000,Curr,Hist salmon,19103,180.817299002922056,,19103,57551.046467003296129,62244686.940613552927971,Salzer Creek,15,559.436394153477295,7599.798752492834865,
-1,1,2461,Pond,4.188901000000000,Curr,Hist salmon,4289,183.889816163216665,,4289,49339.273498255643062,17306234.431499805301428,Mainstem: Middle Chehalis 3,56,3051.113068067675613,41862.509032217953063,
-1,1,2462,Pond,0.060536000000000,Hist,Hist salmon,4290,755.525252861104946,,4290,49339.273498255643062,17306234.431499805301428,Mainstem: Middle Chehalis 3,56,122.490614270260323,604.972917073229951,
-1,1,2463,Pond,0.462882000000000,Curr,Curr degrade,4278,348.350971272308300,,4278,49339.273498255643062,17306234.431499805301428,Mainstem: Middle Chehalis 3,56,462.541721672503911,4625.887357758150756,
-1,1,2464,Marsh,0.067476000000000,Curr,Hist salmon,23115,107.747910872518489,,23115,49339.273498255643062,17306234.431499805301428,Mainstem: Middle Chehalis 3,56,153.571935556646594,674.329797944488064,
-1,1,2465,Marsh,1.297675000000000,Curr,Curr degrade,23115,520.902882659082024,,23115,49339.273498255643062,17306234.431499805301428,Mainstem: Middle Chehalis 3,56,875.718068254587479,12968.530350354145412,
-1,1,2466,Pond,0.162209000000000,Curr,Curr degrade,23117,173.347513059441610,,23117,49339.273498255643062,17306234.431499805301428,Mainstem: Middle Chehalis 3,56,204.760414675402245,1621.066324752529226,
-1,1,2467,Marsh,5.511021000000000,Curr,Hist salmon,23112,80.671284084452111,,23112,49339.273498255643062,17306234.431499805301428,Mainstem: Middle Chehalis 3,56,2972.694764401847351,55075.302150511190121,
-1,1,2468,Pond,0.560375000000000,Hist,Hist salmon,4336,156.487975118084563,,4336,33120.890699998715718,13469576.136961460113525,Mainstem: Lower Chehalis 1,57,444.259241484063296,5600.195857558931493,
-1,1,2469,Pond,0.713706000000000,Hist,Hist salmon,4765,236.675446833411172,,4765,33120.890699998715718,13469576.136961460113525,Mainstem: Lower Chehalis 1,57,1749.627288272449277,7132.531328305017269,
-1,1,2470,Pond,0.940763000000000,Both,Hist salmon,4765,43.655943503172864,,4765,33120.890699998715718,13469576.136961460113525,Mainstem: Lower Chehalis 1,57,1624.536155404292913,9401.652420122356489,
-1,1,2471,Slough,0.442397000000000,Curr,Hist salmon,4761,39.561892393814887,,4761,33120.890699998715718,13469576.136961460113525,Mainstem: Lower Chehalis 1,57,780.649072973860257,4421.158279583540207,
-1,1,2472,Marsh,5.831496000000000,Hist,Hist salmon,4757,384.522027723996928,,4757,90912.708609555149451,112473867.070502221584320,Lincoln Creek,19,3624.567579764095171,58277.864222864765907,
-1,1,2473,Pond,0.315723000000000,Curr,Hist no salmon,4594,204.410692907944650,,4594,90912.708609555149451,112473867.070502221584320,Lincoln Creek,19,259.607577500045068,3155.219211639852801,
-1,1,2474,Pond,0.569907000000000,Curr,Hist salmon,5048,977.953255759015747,,5048,40239.034924584579130,15952808.948135545477271,Mainstem: Lower Chehalis 2,58,833.669076967512410,5695.431222346378490,
-1,2,2475,Pond,0.102593000000000,Hist,Hist salmon,4933,144.407611297759246,,4933,98751.225704972457606,77067740.308363378047943,Unnamed: Central Lowlands 6,20,191.962404878220099,1025.276891178864389,
-1,1,2476,Pond,0.267729000000000,Hist,Hist salmon,4933,81.282722524925148,,4933,40239.034924584579130,15952808.948135545477271,Mainstem: Lower Chehalis 2,58,358.331460194016756,2675.580124482932661,
-1,1,2477,Pond,0.860630000000000,Curr,Hist salmon,4947,678.116321509279373,,4947,40239.034924584579130,15952808.948135545477271,Mainstem: Lower Chehalis 2,58,1511.936600343858572,8600.789449171084925,Yes
-1,1,2478,Marsh,0.381359000000000,Hist,Hist no salmon,5111,324.494132889877790,,5111,40239.034924584579130,15952808.948135545477271,Mainstem: Lower Chehalis 2,58,418.661559252766665,3811.148603940102021,
-1,1,2479,Marsh,0.344319000000000,Hist,Hist no salmon,5111,492.164688596553560,,5111,40239.034924584579130,15952808.948135545477271,Mainstem: Lower Chehalis 2,58,387.581953009591984,3440.987666154695489,
-1,1,2480,Marsh,0.098496000000000,Hist,Hist no salmon,5044,346.115475679645044,,5044,40239.034924584579130,15952808.948135545477271,Mainstem: Lower Chehalis 2,58,230.355376043735475,984.330631102400048,
-1,1,2481,Marsh,0.947671000000000,Hist,Hist no salmon,5111,250.106185276793781,,5111,40239.034924584579130,15952808.948135545477271,Mainstem: Lower Chehalis 2,58,850.121909217906477,9470.638855105309631,
-1,1,2482,Pond,0.068061000000000,Curr,Hist salmon,5131,265.901197080362977,,5131,40239.034924584579130,15952808.948135545477271,Mainstem: Lower Chehalis 2,58,153.570620383711145,680.174222541504832,Yes
-1,1,2483,Marsh,0.058947000000000,Hist,Hist no salmon,5109,256.504747643291921,,5109,40239.034924584579130,15952808.948135545477271,Mainstem: Lower Chehalis 2,58,162.711325028611924,589.096103923554324,Yes
-1,1,2484,Pond,3.625591000000000,Curr,Hist salmon,5131,635.507611490753447,,5131,40239.034924584579130,15952808.948135545477271,Mainstem: Lower Chehalis 2,58,4134.283987091987910,36232.696209593545063,Yes
-1,1,2485,Marsh,0.302261000000000,Hist,Hist no salmon,5109,210.065317208776150,,5109,40239.034924584579130,15952808.948135545477271,Mainstem: Lower Chehalis 2,58,676.437915037401808,3020.678797681239757,Yes
-1,1,2486,Pond,4.198128000000000,Curr,Hist salmon,23089,777.591815904599571,,23089,40239.034924584579130,15952808.948135545477271,Mainstem: Lower Chehalis 2,58,2338.290032796807736,41954.400392049494258,Yes
-1,1,2487,Marsh,0.823003000000000,Curr,Hist salmon,22518,768.719321518153265,,22518,40239.034924584579130,15952808.948135545477271,Mainstem: Lower Chehalis 2,58,1053.051791926010992,8224.759567355331455,Yes
-1,1,2488,Pond,0.051004000000000,Curr,Hist salmon,5130,366.604176389304712,,5130,40239.034924584579130,15952808.948135545477271,Mainstem: Lower Chehalis 2,58,113.349032255932769,509.710724589164329,Yes
-1,1,2489,Marsh,3.225624000000000,Curr,Hist salmon,23089,472.775130314376611,,23089,40239.034924584579130,15952808.948135545477271,Mainstem: Lower Chehalis 2,58,1906.829832088716330,32235.580550287017104,Yes
-1,1,2490,Marsh,0.759892000000000,Curr,Hist salmon,22518,442.636662755225586,,22518,40239.034924584579130,15952808.948135545477271,Mainstem: Lower Chehalis 2,58,1287.477055911736670,7594.050020896717797,Yes
-1,1,2491,Marsh,1.692072000000000,Curr,Hist salmon,23089,143.059624138513726,,23089,40239.034924584579130,15952808.948135545477271,Mainstem: Lower Chehalis 2,58,3060.957208139097020,16909.872853734115779,Yes
-1,1,2492,Marsh,0.515558000000000,Both,Hist salmon,22518,0.000000000000000,,22518,40239.034924584579130,15952808.948135545477271,Mainstem: Lower Chehalis 2,58,985.408288123075181,5152.274868083874935,Yes
-1,1,2493,Marsh,1.545755000000000,Curr,Hist salmon,5195,72.864177735541830,,5195,40239.034924584579130,15952808.948135545477271,Mainstem: Lower Chehalis 2,58,2106.106921704170418,15447.627831076417351,
-1,1,2494,Pond,0.731372000000000,Curr,Hist salmon,5194,0.000000000000000,,5194,40239.034924584579130,15952808.948135545477271,Mainstem: Lower Chehalis 2,58,1240.870690908220695,7309.027273915332444,Yes
-1,1,2495,Slough,0.169986000000000,Curr,Hist salmon,23087,76.577657515566585,,23087,40239.034924584579130,15952808.948135545477271,Mainstem: Lower Chehalis 2,58,411.348718050117554,1698.764464378615003,Yes
-1,1,2496,Pond,0.085248000000000,Hist,Hist salmon,5193,0.000000000000000,,5193,40239.034924584579130,15952808.948135545477271,Mainstem: Lower Chehalis 2,58,238.210329164204751,851.937399214736615,Yes
-1,1,2497,Pond,0.512632000000000,Curr,Hist no salmon,5193,43.702630387082124,,5193,40239.034924584579130,15952808.948135545477271,Mainstem: Lower Chehalis 2,58,369.299969315684109,5123.029984541469275,Yes
-1,1,2498,Pond,0.113295000000000,Curr,Hist no salmon,5193,116.135552237032755,,5193,40239.034924584579130,15952808.948135545477271,Mainstem: Lower Chehalis 2,58,197.447958778115748,1132.227324358900432,Yes
-1,1,2499,Pond,0.145988000000000,Curr,Hist no salmon,5193,112.260726658898477,,5193,40239.034924584579130,15952808.948135545477271,Mainstem: Lower Chehalis 2,58,217.557662859445088,1458.944975143145257,Yes
-1,1,2500,Pond,3.847834000000000,Curr,Hist salmon,5224,0.000000000000000,,5224,46318.348114841333881,11516952.686538651585579,Mainstem: Lower Chehalis 3,59,2930.877434195760998,38453.764883644405927,Yes
-1,1,2501,Pond,0.130854000000000,Hist,Hist salmon,5227,69.103795788564398,,5227,46318.348114841333881,11516952.686538651585579,Mainstem: Lower Chehalis 3,59,380.268596155865396,1307.708028069951297,Yes
-1,1,2502,Pond,0.021990000000000,Curr,Hist salmon,23077,217.039731951387267,,23077,40239.034924584579130,15952808.948135545477271,Mainstem: Lower Chehalis 2,58,76.784762039017409,219.760233395928736,Yes
-1,1,2503,Pond,0.214188000000000,Curr,Hist salmon,23076,247.102593554313160,,23076,40239.034924584579130,15952808.948135545477271,Mainstem: Lower Chehalis 2,58,315.993942676075278,2140.504940850360526,
-1,1,2504,Marsh,0.369714000000000,Curr,Hist salmon,5343,441.262217224871790,,5343,40239.034924584579130,15952808.948135545477271,Mainstem: Lower Chehalis 2,58,337.504593345736396,3694.759344157811029,
-1,1,2505,Marsh,0.663799000000000,Curr,Hist salmon,23079,197.980533581909555,,23079,40239.034924584579130,15952808.948135545477271,Mainstem: Lower Chehalis 2,58,1963.974523745598390,6633.728162626489393,
-1,1,2506,Marsh,0.173264000000000,Curr,Hist salmon,5342,332.049051597770358,,5342,40239.034924584579130,15952808.948135545477271,Mainstem: Lower Chehalis 2,58,461.171576835032567,1731.529724057701969,
-1,1,2507,Pond,2.252201000000000,Curr,Hist salmon,5230,0.000000000000000,,5230,46318.348114841333881,11516952.686538651585579,Mainstem: Lower Chehalis 3,59,2170.092399126668624,22507.600309192835994,Yes
-1,1,2508,Marsh,2.353820000000000,Curr,Hist salmon,5238,37.039546756790536,,5238,46318.348114841333881,11516952.686538651585579,Mainstem: Lower Chehalis 3,59,2144.755955783195532,23523.117383719643840,Yes
-1,1,2509,Pond,0.108446000000000,Curr,Hist no salmon,5240,157.420342501641585,,5240,46318.348114841333881,11516952.686538651585579,Mainstem: Lower Chehalis 3,59,296.169547542871953,1083.765408581490647,Yes
-1,1,2510,Pond,0.093697000000000,Both,Hist salmon,5675,182.566743094179628,,5675,46318.348114841333881,11516952.686538651585579,Mainstem: Lower Chehalis 3,59,262.749073626479685,936.368046852185785,Yes
-1,1,2511,Pond,0.148664000000000,Hist,Hist no salmon,5328,708.133316225059616,,5328,159862.665859964530682,364384257.434201776981354,Black River,23,241.324737320821100,1485.684435897420599,Yes
-1,1,2512,Marsh,0.247381000000000,Curr,Hist salmon,5679,685.338832340598174,,5679,159862.665859964530682,364384257.434201776981354,Black River,23,755.387566245023208,2472.232351062731595,Yes
-1,1,2513,Slough,0.456276000000000,Both,Hist salmon,5659,391.843882689110671,,5659,46318.348114841333881,11516952.686538651585579,Mainstem: Lower Chehalis 3,59,1001.863568694583705,4559.854250434837013,Yes
-1,1,2514,Pond,0.238883000000000,Both,Hist salmon,5674,281.563664185912501,,5674,46318.348114841333881,11516952.686538651585579,Mainstem: Lower Chehalis 3,59,559.435358308419950,2387.299620080244040,Yes
-1,2,2515,Slough,0.322764000000000,Both,Hist salmon,5609,388.969105941103976,,5609,38521.396498919821170,15187066.736874151974916,Mainstem: Lower Chehalis 4,60,514.987974229495876,3225.578226685098798,Yes
-1,1,2516,Pond,0.626416000000000,Both,Hist salmon,5673,157.547161198040925,,5673,46318.348114841333881,11516952.686538651585579,Mainstem: Lower Chehalis 3,59,1440.934941342866296,6260.154999540970493,Yes
-1,1,2517,Marsh,0.917913000000000,Hist,Hist salmon,5716,491.724336983085493,,5716,159862.665859964530682,364384257.434201776981354,Black River,23,2401.499076754606904,9173.251778756939530,Yes
-1,1,2518,Marsh,0.628714000000000,Hist,Hist no salmon,5293,341.375608311392966,,5293,46318.348114841333881,11516952.686538651585579,Mainstem: Lower Chehalis 3,59,996.946672279496283,6283.094123472194951,Yes
-1,1,2519,Marsh,0.437087000000000,Hist,Hist no salmon,5296,644.248757879023742,,5296,46318.348114841333881,11516952.686538651585579,Mainstem: Lower Chehalis 3,59,1026.237130227768148,4368.061153719047070,Yes
-1,1,2520,Marsh,0.010619000000000,Hist,Hist no salmon,5293,703.545265048132251,,5293,159862.665859964530682,364384257.434201776981354,Black River,23,54.846034925747389,106.119971941646966,Yes
-1,2,2521,Marsh,0.559425000000000,Hist,Hist no salmon,5294,819.449042928443077,,5294,159862.665859964530682,364384257.434201776981354,Black River,23,641.756341058260546,5590.648305597165745,Yes
-1,2,2522,Marsh,0.958373000000000,Curr,Hist salmon,5696,112.802227787882615,,5696,159862.665859964530682,364384257.434201776981354,Black River,23,1848.330119680092139,9577.606329505568283,Yes
-1,1,2523,Pond,0.260789000000000,Curr,Hist no salmon,5709,52.924758155370967,,5709,159862.665859964530682,364384257.434201776981354,Black River,23,219.385604027564511,2606.223058709671022,
-1,1,2524,Pond,0.554438000000000,Curr,Hist salmon,5611,74.757262653548324,,5611,38521.396498919821170,15187066.736874151974916,Mainstem: Lower Chehalis 4,60,687.410490790483891,5540.841437026831954,Yes
-1,1,2525,Pond,2.981093000000000,Both,Hist salmon,5646,80.042036149656653,,5646,38521.396498919821170,15187066.736874151974916,Mainstem: Lower Chehalis 4,60,3476.724201165396153,29791.920729093242699,Yes
-1,1,2526,Marsh,0.961299000000000,Curr,Hist salmon,5728,884.523326306221861,,5728,159862.665859964530682,364384257.434201776981354,Black River,23,1455.262915148660568,9606.812829020267600,Yes
-1,1,2527,Marsh,1.627242000000000,Curr,Hist salmon,5705,98.651389582038874,,5705,159862.665859964530682,364384257.434201776981354,Black River,23,2045.890244203447764,16261.978311285445670,
-1,1,2528,Marsh,2.443085000000000,Curr,Hist salmon,5943,120.718408011128219,,5943,38521.396498919821170,15187066.736874151974916,Mainstem: Lower Chehalis 4,60,2819.014700362977692,24415.263279556282214,
-1,1,2529,Marsh,0.444738000000000,Curr,Hist salmon,5872,0.000000000000000,,5872,38521.396498919821170,15187066.736874151974916,Mainstem: Lower Chehalis 4,60,590.513141935245926,4444.534532844849309,
-1,1,2530,Marsh,0.673210000000000,Both,Hist salmon,5933,55.475245192930025,,5933,38521.396498919821170,15187066.736874151974916,Mainstem: Lower Chehalis 4,60,1391.949087806069656,6727.795081273387041,Yes
-1,1,2531,Marsh,1.438062000000000,Curr,Hist salmon,5820,38.184592078902455,,5820,38521.396498919821170,15187066.736874151974916,Mainstem: Lower Chehalis 4,60,1612.490020944671414,14371.428373847831608,Yes
-1,1,2532,Slough,2.109413000000000,Curr,Hist salmon,5811,0.000000000000000,,5811,38521.396498919821170,15187066.736874151974916,Mainstem: Lower Chehalis 4,60,2353.733473528885952,21080.628670325386338,
-1,2,2533,Pond,2.454044000000000,Curr,Hist salmon,5814,277.706019497478792,,5814,34889.509330777720606,17144842.197271723300219,Unnamed: Central Lowlands 4,27,3126.253726037617071,24524.733273457008181,
-1,1,2534,Slough,0.826872000000000,Both,Hist salmon,4934,0.000000000000000,608,4934,40239.034924584579130,15952808.948135545477271,Mainstem: Lower Chehalis 2,58,1244.976879280529147,8263.446457406627815,Yes
-1,1,2535,Pond,2.051624000000000,Curr,Hist salmon,4746,970.185840902685413,,4746,40239.034924584579130,15952808.948135545477271,Mainstem: Lower Chehalis 2,58,1740.864207982569042,20503.129583026733599,Yes
-1,2,2536,Pond,0.423667000000000,Curr,Hist salmon,4746,613.056465421852408,,4746,40239.034924584579130,15952808.948135545477271,Mainstem: Lower Chehalis 2,58,719.075677338331275,4233.959295806744194,Yes
-1,1,2537,Pond,0.076130000000000,Curr,Hist salmon,4744,524.067322752217706,,4744,33120.890699998715718,13469576.136961460113525,Mainstem: Lower Chehalis 1,57,283.897694294544067,760.816874857426910,
-1,1,2538,Slough,0.768907000000000,Both,Hist salmon,23107,71.517578405463041,,23107,38521.396498919821170,15187066.736874151974916,Mainstem: Lower Chehalis 4,60,1014.983476407175544,7684.170363481178356,Yes
-1,2,2539,Slough,0.348472000000000,Both,Hist salmon,5620,460.262380078051592,,5620,38521.396498919821170,15187066.736874151974916,Mainstem: Lower Chehalis 4,60,528.649289978767115,3482.505046138349826,Yes
-1,1,2540,Marsh,0.292689000000000,Hist,Hist salmon,4732,144.053592319036198,,4732,90912.708609555149451,112473867.070502221584320,Lincoln Creek,19,256.426099205678895,2925.036550116247327,Yes
-1,1,2541,Pond,0.039357000000000,Hist,Hist salmon,4337,74.659305215986848,,4337,33120.890699998715718,13469576.136961460113525,Mainstem: Lower Chehalis 1,57,75.397184556966820,393.324139352768270,
-1,1,2542,Pond,0.470756000000000,Curr,Hist salmon,5046,773.224534683360275,,5046,40239.034924584579130,15952808.948135545477271,Mainstem: Lower Chehalis 2,58,679.254364307749711,4704.542146455256443,Yes
-1,1,2543,Pond,0.076556000000000,Curr,Hist salmon,3096,219.115054096781165,,3096,59313.456616296323773,20382099.438309937715530,Mainstem: Middle Chehalis 2,55,143.376709539372939,765.080085617418717,
-1,2,2544,Pond,0.928261000000000,Curr,Hist salmon,6068,764.087431632770972,,6068,34889.509330777720606,17144842.197271723300219,Unnamed: Central Lowlands 4,27,534.000502440618220,9276.664603898785572,Yes
-1,1,2545,Marsh,1.369553000000000,Both,Hist salmon,6068,16.949981033726054,,6068,38521.396498919821170,15187066.736874151974916,Mainstem: Lower Chehalis 4,60,481.053389918460027,13686.745794690263210,Yes
-1,1,2546,Pond,0.330072000000000,Curr,Hist no salmon,6435,166.310646027779569,,6435,70790.401097194917384,102524081.591505512595177,Cedar Creek,29,228.528500717816314,3298.589649792063028,
-1,1,2547,Pond,0.809539000000000,Both,Hist salmon,6723,35.804723869121084,,6723,70790.401097194917384,102524081.591505512595177,Cedar Creek,29,591.018551398456339,8090.165784285618429,
-1,1,2548,Pond,0.068429000000000,Curr,Hist no salmon,6715,192.672929061927135,,6715,52529.756095652686781,68590327.366781875491142,Rock Creek (Lower Chehalis),28,114.555783402497596,683.856350544879774,
-1,1,2549,Marsh,0.227242000000000,Hist,Hist salmon,6644,186.896724743970765,,6644,38521.396498919821170,15187066.736874151974916,Mainstem: Lower Chehalis 4,60,346.589527898739561,2270.957829627449428,
-1,1,2550,Marsh,0.300226000000000,Hist,Hist salmon,6623,567.926583697686851,,6623,52529.756095652686781,68590327.366781875491142,Rock Creek (Lower Chehalis),28,529.674189563902814,3000.319447572534500,
-1,1,2551,Marsh,0.640554000000000,Curr,Hist salmon,6879,509.705777136934501,,6879,25489.615299052060436,11565107.814306572079659,Mainstem: Lower Chehalis 5,61,633.544154518372466,6401.406646256165914,
-1,1,2552,Marsh,1.372987000000000,Hist,Hist salmon,6877,1261.473066557814263,,6877,25489.615299052060436,11565107.814306572079659,Mainstem: Lower Chehalis 5,61,672.563836314745231,13721.027342367728124,
-1,2,2553,Marsh,3.226539000000000,Hist,Hist salmon,7368,1589.200614708389139,,7368,28374.023442190664355,12235680.236594472080469,Unnamed: Central Lowlands 3,31,1528.192891344856207,32244.616491545617464,
-1,1,2554,Marsh,0.135522000000000,Hist,Hist no salmon,6877,1273.578334922507338,,6877,25489.615299052060436,11565107.814306572079659,Mainstem: Lower Chehalis 5,61,166.680341553848649,1354.348453808686827,
-1,1,2555,Marsh,0.462366000000000,Curr,Hist salmon,7368,1746.999549292825577,,7368,25489.615299052060436,11565107.814306572079659,Mainstem: Lower Chehalis 5,61,276.068602575720263,4620.684404162393548,
-1,1,2556,Marsh,14.290341000000000,Hist,Hist salmon,7367,1082.975905832601711,,7367,25489.615299052060436,11565107.814306572079659,Mainstem: Lower Chehalis 5,61,2507.504982737108548,142811.159212607075460,Yes
-1,1,2557,Marsh,2.200552000000000,Curr,Hist salmon,6878,511.102281438020043,,6878,25489.615299052060436,11565107.814306572079659,Mainstem: Lower Chehalis 5,61,1565.673682051599144,21991.323369575740799,
-1,1,2558,Marsh,0.883755000000000,Both,Hist salmon,6877,264.741503987157330,,6877,25489.615299052060436,11565107.814306572079659,Mainstem: Lower Chehalis 5,61,589.843218917390686,8831.846486632657616,
-1,1,2559,Marsh,0.401471000000000,Both,Hist no salmon,7368,781.744132557897387,,7368,25489.615299052060436,11565107.814306572079659,Mainstem: Lower Chehalis 5,61,380.794222912630687,4012.118275028360131,
-1,1,2560,Marsh,4.829108000000000,Hist,Hist salmon,7367,259.476658609434082,,7367,25489.615299052060436,11565107.814306572079659,Mainstem: Lower Chehalis 5,61,2895.663313017789733,48259.860655908400076,Yes
-1,1,2561,Marsh,0.459799000000000,Curr,Hist salmon,7370,248.769922338921418,,7370,25489.615299052060436,11565107.814306572079659,Mainstem: Lower Chehalis 5,61,259.600903176234283,4595.008229707288592,
-1,2,2562,Pond,0.537900000000000,Curr,Hist salmon,7370,369.678338743373956,,7370,39771.791102286122623,24612682.804720312356949,Unnamed: Black Hills 4,30,421.466032506347688,5375.515620470690919,
-1,1,2563,Marsh,4.170161000000000,Hist,Hist salmon,7364,254.879252714618559,,7364,25489.615299052060436,11565107.814306572079659,Mainstem: Lower Chehalis 5,61,1132.532002197837073,41674.553230686797178,Yes
-1,1,2564,Marsh,1.390558000000000,Both,Hist salmon,7364,54.806980743157069,,7364,25489.615299052060436,11565107.814306572079659,Mainstem: Lower Chehalis 5,61,785.063449527993043,13896.566849564369477,Yes
-1,1,2565,Side channel,0.294192000000000,Both,Hist salmon,7366,0.000000000000000,215,7366,25489.615299052060436,11565107.814306572079659,Mainstem: Lower Chehalis 5,61,460.950735180624065,2940.019079255201177,Yes
-1,1,2566,Pond,0.387213000000000,Curr,Hist no salmon,7368,305.261843131687385,,7368,25489.615299052060436,11565107.814306572079659,Mainstem: Lower Chehalis 5,61,248.883089729122929,3869.628081606924752,
-1,1,2567,Pond,0.248691000000000,Curr,Hist no salmon,7363,737.597275720328639,,7363,25489.615299052060436,11565107.814306572079659,Mainstem: Lower Chehalis 5,61,200.218228256195630,2485.301641329632275,Yes
-1,1,2568,Marsh,1.198064000000000,Both,Hist no salmon,7366,622.502618572424581,,7366,25489.615299052060436,11565107.814306572079659,Mainstem: Lower Chehalis 5,61,698.220610469121084,11972.883449502722215,Yes
-1,1,2569,Marsh,0.947848000000000,Curr,Hist salmon,7362,697.683849812355334,,7362,25489.615299052060436,11565107.814306572079659,Mainstem: Lower Chehalis 5,61,715.859191795333913,9472.342763517763160,
-1,1,2570,Marsh,1.767464000000000,Hist,Hist salmon,7363,97.852018187248063,,7363,25489.615299052060436,11565107.814306572079659,Mainstem: Lower Chehalis 5,61,1360.330733688291275,17663.178711450862465,Yes
-1,1,2571,Marsh,1.678991000000000,Hist,Hist salmon,7361,172.528656028411206,,7361,25489.615299052060436,11565107.814306572079659,Mainstem: Lower Chehalis 5,61,1250.191587681724741,16779.011891919944901,
-1,1,2572,Pond,0.756022000000000,Curr,Hist no salmon,7355,666.090542647878806,,7355,25489.615299052060436,11565107.814306572079659,Mainstem: Lower Chehalis 5,61,372.879374538044829,7555.314624147504219,
-1,1,2573,Pond,0.518272000000000,Curr,Hist no salmon,7355,592.063397312319012,,7355,25489.615299052060436,11565107.814306572079659,Mainstem: Lower Chehalis 5,61,283.311540235097311,5179.358510510982342,
-1,1,2574,Pond,5.541981000000000,Hist,Hist salmon,7350,110.609565631078155,,7350,25489.615299052060436,11565107.814306572079659,Mainstem: Lower Chehalis 5,61,3041.697847936237395,55383.725232700046035,Yes
-1,1,2575,Marsh,5.617950000000000,Curr,Hist salmon,7350,62.454430188482334,,7350,25489.615299052060436,11565107.814306572079659,Mainstem: Lower Chehalis 5,61,2988.345765154755554,56142.882417743814585,Yes
-1,2,2576,Marsh,0.047561000000000,Curr,Hist salmon,7419,264.817550551818044,,7419,72380.641822059013066,39697893.786662034690380,Mainstem: Lower Chehalis 6,62,113.239733128863151,475.305826285960620,Yes
-1,1,2577,Marsh,0.109966000000000,Curr,Hist salmon,7420,0.000000000000000,,7420,72380.641822059013066,39697893.786662034690380,Mainstem: Lower Chehalis 6,62,221.767630276162777,1098.939681625377489,
-1,1,2578,Pond,0.281534000000000,Hist,Hist salmon,23105,297.368448235610174,,23105,72380.641822059013066,39697893.786662034690380,Mainstem: Lower Chehalis 6,62,235.665618416761561,2813.507023605664472,
-1,1,2579,Marsh,10.174707000000000,Hist,Hist salmon,7790,13.461356427840968,,7790,64500.793559666235524,70730227.349633023142815,Mox Chehalis Creek,34,1789.306677514018702,101680.414317931004916,Yes
-1,2,2580,Slough,11.503510000000000,Hist,Hist salmon,7790,0.000000000000000,3570,7790,64500.793559666235524,70730227.349633023142815,Mox Chehalis Creek,34,3668.426418241630472,114959.715792566334130,Yes
-1,1,2581,Pond,0.667518000000000,Hist,Hist salmon,20082,316.702296365339180,,20082,72380.641822059013066,39697893.786662034690380,Mainstem: Lower Chehalis 6,62,459.291483884399838,6670.801866802605218,Yes
-1,1,2582,Marsh,4.020799000000000,Curr,Hist salmon,20081,486.741349774432081,,20081,72380.641822059013066,39697893.786662034690380,Mainstem: Lower Chehalis 6,62,2270.634270471051423,40181.567165453263442,Yes
-1,1,2583,Marsh,2.262535000000000,Curr,Hist salmon,7687,233.267230626928182,,7687,72380.641822059013066,39697893.786662034690380,Mainstem: Lower Chehalis 6,62,1120.470317199055216,22610.535803337093967,Yes
-1,1,2584,Marsh,0.976857000000000,Curr,Hist salmon,7677,258.289501698603090,,7677,72380.641822059013066,39697893.786662034690380,Mainstem: Lower Chehalis 6,62,817.454324633365900,9762.156691229229182,Yes
-1,1,2585,Marsh,0.666821000000000,Curr,Hist salmon,7677,265.977162604540865,,7677,72380.641822059013066,39697893.786662034690380,Mainstem: Lower Chehalis 6,62,481.043238575411010,6663.837402333267164,Yes
-1,1,2586,Pond,0.509546000000000,Hist,Hist no salmon,7652,522.447283897120883,,7652,72380.641822059013066,39697893.786662034690380,Mainstem: Lower Chehalis 6,62,285.269718207521180,5092.145103732220377,
-1,2,2587,Pond,1.968375000000000,Curr,Hist no salmon,7653,9.531569092719566,,7653,61832.701814796862891,85343223.067351639270782,Unnamed: Central Lowlands 2,36,1382.527384095182697,19670.954857648619509,
-1,1,2588,Pond,0.119992000000000,Curr,Hist no salmon,7655,81.936749939497631,,7655,61832.701814796862891,85343223.067351639270782,Unnamed: Central Lowlands 2,36,192.136678835941012,1199.140874409096568,
-1,1,2589,Marsh,0.615256000000000,Curr,Hist salmon,7649,127.549235454061261,,7649,72380.641822059013066,39697893.786662034690380,Mainstem: Lower Chehalis 6,62,385.426846789477111,6148.554081402249722,Yes
-1,1,2590,Marsh,0.123292000000000,Curr,Hist salmon,7692,210.247625966830697,,7692,72380.641822059013066,39697893.786662034690380,Mainstem: Lower Chehalis 6,62,173.994183433671651,1232.120825772807166,Yes
-1,1,2591,Marsh,0.882030000000000,Curr,Hist salmon,7691,140.403936651737098,,7691,72380.641822059013066,39697893.786662034690380,Mainstem: Lower Chehalis 6,62,777.006391793643161,8814.538452756569313,Yes
-1,1,2592,Pond,2.889981000000000,Hist,Hist salmon,8942,52.902404676778410,,8942,72380.641822059013066,39697893.786662034690380,Mainstem: Lower Chehalis 6,62,723.319459070375842,28880.809716537365603,Yes
-1,1,2593,Pond,0.942277000000000,Curr,Hist no salmon,8940,320.416879977500400,,8940,72380.641822059013066,39697893.786662034690380,Mainstem: Lower Chehalis 6,62,410.613210307371332,9416.583878971243394,Yes
-1,1,2594,Marsh,1.223201000000000,Curr,Hist salmon,8941,0.000000000000000,,8941,72380.641822059013066,39697893.786662034690380,Mainstem: Lower Chehalis 6,62,464.020471196621088,12223.967714865120797,
-1,1,2595,Pond,0.541395000000000,Curr,Hist salmon,8845,115.174480083194439,,8845,72380.641822059013066,39697893.786662034690380,Mainstem: Lower Chehalis 6,62,565.414103154898157,5410.407779155561911,
-1,1,2596,Pond,1.059455000000000,Hist,Hist salmon,8842,196.277004237429395,,8842,72380.641822059013066,39697893.786662034690380,Mainstem: Lower Chehalis 6,62,1038.688905617318142,10587.620219444945178,
-1,1,2597,Marsh,2.067391000000000,Hist,Hist salmon,8840,68.711472944662887,,8840,72380.641822059013066,39697893.786662034690380,Mainstem: Lower Chehalis 6,62,1249.925671092110406,20660.391661724301230,
-1,1,2598,Marsh,0.678783000000000,Curr,Hist salmon,9069,123.931793646389664,,9069,72380.641822059013066,39697893.786662034690380,Mainstem: Lower Chehalis 6,62,354.920230665164127,6783.384524196623715,Yes
-1,1,2599,Marsh,51.585289000000003,Curr,Hist salmon,20765,0.000000000000000,,20765,72380.641822059013066,39697893.786662034690380,Mainstem: Lower Chehalis 6,62,4359.932335546438480,515518.943922310776543,
-1,1,2600,Pond,0.205519000000000,Hist,Hist no salmon,9020,301.662143948381583,,9020,72380.641822059013066,39697893.786662034690380,Mainstem: Lower Chehalis 6,62,179.742160512754424,2053.851094730066961,
-1,1,2601,Slough,4.899977000000000,Curr,Hist salmon,9019,0.000000000000000,,9019,72380.641822059013066,39697893.786662034690380,Mainstem: Lower Chehalis 6,62,2417.279019605003668,48967.911903316540702,
-1,1,2602,Pond,1.719145000000000,Curr,Hist no salmon,9269,68.533229603313814,,9269,72380.641822059013066,39697893.786662034690380,Mainstem: Lower Chehalis 6,62,552.795231323312009,17180.170335653936490,
-1,1,2603,Pond,7.471734000000000,Curr,Hist no salmon,9235,26.815527165703635,,9235,72380.641822059013066,39697893.786662034690380,Mainstem: Lower Chehalis 6,62,1837.622559056080945,74668.332462877791841,
-1,1,2604,Marsh,1.677186000000000,Curr,Hist salmon,9270,239.320330067234664,,9270,72380.641822059013066,39697893.786662034690380,Mainstem: Lower Chehalis 6,62,1185.557268801297823,16760.874396505474579,
-1,1,2605,Slough,4.927424000000000,Curr,Hist salmon,9022,0.000000000000000,,9022,72380.641822059013066,39697893.786662034690380,Mainstem: Lower Chehalis 6,62,2972.955628204942968,49241.970051647811488,Yes
-1,1,2606,Pond,3.324950000000000,Hist,Hist no salmon,9241,467.130029809994880,,9241,72380.641822059013066,39697893.786662034690380,Mainstem: Lower Chehalis 6,62,812.622625245828090,33227.800451700641133,
-1,1,2607,Pond,5.838753000000000,Hist,Hist no salmon,9242,601.373488684367544,,9242,72380.641822059013066,39697893.786662034690380,Mainstem: Lower Chehalis 6,62,1132.889003008315967,58349.423412104995805,
-1,1,2608,Pond,0.386720000000000,Hist,Hist no salmon,9197,840.514756475639047,,9197,72380.641822059013066,39697893.786662034690380,Mainstem: Lower Chehalis 6,62,245.322903061910324,3864.677087112566824,
-1,1,2609,Marsh,1.245498000000000,Hist,Hist no salmon,9241,779.672673087955559,,9241,72380.641822059013066,39697893.786662034690380,Mainstem: Lower Chehalis 6,62,631.495004722343310,12446.867770663353440,
-1,1,2610,Marsh,1.565717000000000,Hist,Hist salmon,9196,528.874955502386570,,9196,72380.641822059013066,39697893.786662034690380,Mainstem: Lower Chehalis 6,62,736.038405967493190,15646.974977376639799,
-1,1,2611,Pond,1.811456000000000,Hist,Hist salmon,9197,490.625152195043597,,9197,72380.641822059013066,39697893.786662034690380,Mainstem: Lower Chehalis 6,62,616.391605443009212,18102.759237992704584,
-1,1,2612,Marsh,2.106258000000000,Hist,Hist salmon,9197,392.858797503718449,,9197,72380.641822059013066,39697893.786662034690380,Mainstem: Lower Chehalis 6,62,832.031768691032994,21048.850660137875821,
-1,1,2613,Pond,0.837885000000000,Curr,Hist salmon,9198,190.227295790483652,,9198,72380.641822059013066,39697893.786662034690380,Mainstem: Lower Chehalis 6,62,413.930770087315864,8373.406348499103842,
-1,1,2614,Pond,1.117903000000000,Curr,Hist salmon,9201,165.122107815384652,,9201,72380.641822059013066,39697893.786662034690380,Mainstem: Lower Chehalis 6,62,511.724189312124508,11171.759072413671674,
-1,1,2615,Marsh,0.950620000000000,Curr,Hist salmon,9201,247.022618866751145,,9201,72380.641822059013066,39697893.786662034690380,Mainstem: Lower Chehalis 6,62,369.498582582568247,9500.019965047964433,
-1,1,2616,Marsh,0.698758000000000,Curr,Hist salmon,9201,162.947038090792717,,9201,72380.641822059013066,39697893.786662034690380,Mainstem: Lower Chehalis 6,62,335.989428209227185,6983.038252778014794,
-1,1,2617,Pond,6.463397000000000,Curr,Hist salmon,9202,0.000000000000000,,9202,72380.641822059013066,39697893.786662034690380,Mainstem: Lower Chehalis 6,62,963.234513691828511,64591.888826816313667,
-1,1,2618,Marsh,8.944637999999999,Curr,Hist salmon,9201,0.000000000000000,,9201,72380.641822059013066,39697893.786662034690380,Mainstem: Lower Chehalis 6,62,1264.679926471575754,89388.221214307501214,
-1,1,2619,Marsh,4.132443000000000,Curr,Hist salmon,20060,16.755661582291673,,20060,72380.641822059013066,39697893.786662034690380,Mainstem: Lower Chehalis 6,62,1600.706871519157858,41297.603905359697819,
-1,1,2620,Marsh,15.946396999999999,Curr,Hist salmon,9194,0.000000000000000,,9194,72380.641822059013066,39697893.786662034690380,Mainstem: Lower Chehalis 6,62,3139.544594377576232,159360.360350609640591,
-1,1,2621,Pond,2.699531000000000,Hist,Hist salmon,8672,124.334713106131801,,8672,222380.125267685507424,776523555.048679113388062,Satsop River,40,868.810042342228826,26977.921620375876955,Yes
-1,1,2622,Pond,1.033516000000000,Both,Hist salmon,8672,135.852858106691173,,8672,222380.125267685507424,776523555.048679113388062,Satsop River,40,577.597007665793740,10328.500270722955975,Yes
-1,1,2623,Slough,0.131696000000000,Both,Hist salmon,22700,0.000000000000000,,22700,222380.125267685507424,776523555.048679113388062,Satsop River,40,300.617466457046248,1316.113398625865557,Yes
-1,1,2624,Slough,0.839618000000000,Both,Hist salmon,8674,0.000000000000000,,8674,222380.125267685507424,776523555.048679113388062,Satsop River,40,574.357895401794849,8390.776289902727513,Yes
-1,1,2625,Pond,10.574370999999999,Hist,Hist salmon,8463,77.064120281206797,,8463,48290.055449476276408,24797583.336042989045382,Mainstem: Lower Chehalis 7,63,1354.537725214613829,105676.212783783819759,Yes
-1,1,2626,Marsh,1.490112000000000,Curr,Hist no salmon,8467,374.700775071032183,,8467,48290.055449476276408,24797583.336042989045382,Mainstem: Lower Chehalis 7,63,730.002027198127394,14891.583175104766269,Yes
-1,1,2627,Pond,0.851704000000000,Curr,Hist no salmon,8146,197.101160104935019,,8146,48290.055449476276408,24797583.336042989045382,Mainstem: Lower Chehalis 7,63,396.202918604135164,8511.587281059142697,
-1,1,2628,Pond,1.357834000000000,Curr,Hist salmon,8468,0.000000000000000,,8468,48290.055449476276408,24797583.336042989045382,Mainstem: Lower Chehalis 7,63,762.301656705896221,13569.677953127231376,Yes
-1,2,2629,Pond,0.987046000000000,Curr,Hist salmon,8111,0.000000000000000,,8111,45069.293017475247325,21179643.557440347969532,Unnamed: Central Lowlands 1,39,441.213830186476230,9864.210113202287175,
-1,1,2630,Slough,3.246402000000000,Hist,Hist salmon,8124,67.642820364262789,,8124,48290.055449476276408,24797583.336042989045382,Mainstem: Lower Chehalis 7,63,1966.905778024441361,32443.493804276800802,Yes
-1,1,2631,Marsh,0.235675000000000,Hist,Hist salmon,8253,13.568053930077747,,8253,48290.055449476276408,24797583.336042989045382,Mainstem: Lower Chehalis 7,63,310.569594339552850,2355.262351657004729,
-1,1,2632,Marsh,0.225406000000000,Curr,Hist salmon,8456,433.627364815317378,,8456,48290.055449476276408,24797583.336042989045382,Mainstem: Lower Chehalis 7,63,353.113699699798076,2252.627578494703812,Yes
-1,1,2633,Marsh,0.265799000000000,Curr,Hist salmon,8457,152.193688494040657,,8457,48290.055449476276408,24797583.336042989045382,Mainstem: Lower Chehalis 7,63,496.077657792242974,2656.295819451727766,Yes
-1,1,2634,Marsh,1.286269000000000,Curr,Hist salmon,8457,119.828563045609812,,8457,48290.055449476276408,24797583.336042989045382,Mainstem: Lower Chehalis 7,63,686.042876753127302,12854.504597386963724,Yes
-1,1,2635,Marsh,0.841009000000000,Curr,Hist salmon,8456,84.616031669716307,,8456,48290.055449476276408,24797583.336042989045382,Mainstem: Lower Chehalis 7,63,406.413464421350170,8404.735817380038498,Yes
-1,1,2636,Marsh,1.710277000000000,Curr,Hist salmon,8457,203.698244682248827,,8457,48290.055449476276408,24797583.336042989045382,Mainstem: Lower Chehalis 7,63,537.700645337677997,17091.905943410834880,Yes
-1,1,2637,Marsh,0.075649000000000,Curr,Hist salmon,8458,77.291392730682659,,8458,48290.055449476276408,24797583.336042989045382,Mainstem: Lower Chehalis 7,63,198.570015574992937,756.002675755661699,Yes
-1,1,2638,Marsh,0.104482000000000,Curr,Hist salmon,8455,201.553640185818580,,8455,48290.055449476276408,24797583.336042989045382,Mainstem: Lower Chehalis 7,63,186.656011493920602,1044.157516948958801,Yes
-1,1,2639,Marsh,1.207799000000000,Curr,Hist salmon,8454,45.194841593961257,,8454,48290.055449476276408,24797583.336042989045382,Mainstem: Lower Chehalis 7,63,590.608249110801353,12070.309219563408988,Yes
-1,1,2640,Marsh,0.294202000000000,Curr,Hist salmon,8454,442.320025626352049,,8454,48290.055449476276408,24797583.336042989045382,Mainstem: Lower Chehalis 7,63,218.846487738035080,2940.151041958203677,Yes
-1,1,2641,Marsh,9.701537000000000,Curr,Hist salmon,8454,18.851242995451493,,8454,48290.055449476276408,24797583.336042989045382,Mainstem: Lower Chehalis 7,63,1232.552966593768815,96953.780505497968988,Yes
-1,1,2642,Marsh,0.338584000000000,Curr,Hist salmon,8455,626.537015445869656,,8455,48290.055449476276408,24797583.336042989045382,Mainstem: Lower Chehalis 7,63,236.300865001898899,3383.697749412786379,Yes
-1,1,2643,Marsh,0.292000000000000,Curr,Hist salmon,8455,199.270977939976802,,8455,48290.055449476276408,24797583.336042989045382,Mainstem: Lower Chehalis 7,63,234.241542199792661,2918.147151827029120,Yes
-1,1,2644,Marsh,3.572793000000000,Hist,Hist salmon,8856,0.000000000000000,,8856,48290.055449476276408,24797583.336042989045382,Mainstem: Lower Chehalis 7,63,1425.766787440475127,35705.356623987434432,Yes
-1,1,2645,Marsh,11.183047999999999,Hist,Hist salmon,8529,92.664894797547475,,8529,48290.055449476276408,24797583.336042989045382,Mainstem: Lower Chehalis 7,63,2014.390609456167567,111760.396824440802447,Yes
-1,1,2646,Marsh,1.690119000000000,Hist,Hist salmon,8477,84.799997491886003,,8477,48290.055449476276408,24797583.336042989045382,Mainstem: Lower Chehalis 7,63,559.589380866640113,16890.624594588480250,Yes
-1,1,2647,Marsh,8.485925999999999,Curr,Hist salmon,8477,0.000000000000000,,8477,48290.055449476276408,24797583.336042989045382,Mainstem: Lower Chehalis 7,63,1415.021569624276253,84806.203442705911584,Yes
-1,1,2648,Pond,1.684071000000000,Hist,Hist salmon,8355,152.980536703811140,,8355,48290.055449476276408,24797583.336042989045382,Mainstem: Lower Chehalis 7,63,503.909935365214153,16830.169580211528228,
-1,1,2649,Pond,7.279876000000000,Hist,Hist salmon,8345,0.000000000000000,,8345,48290.055449476276408,24797583.336042989045382,Mainstem: Lower Chehalis 7,63,1383.101738801447254,72753.258248323923908,
-1,1,2650,Marsh,2.199457000000000,Hist,Hist salmon,8343,0.000000000000000,,8343,48290.055449476276408,24797583.336042989045382,Mainstem: Lower Chehalis 7,63,924.661783150481369,21980.833162885031925,Yes
-1,1,2651,Pond,0.249916000000000,Curr,Hist no salmon,7777,735.829943026960336,,7777,67420.654691214382183,87038278.247085735201836,Upper Chehalis Estuary,49,201.011527173989009,2497.623216084307387,
-1,1,2652,Pond,13.138244000000000,Curr,Hist no salmon,8047,118.328681228932069,,8047,67420.654691214382183,87038278.247085735201836,Upper Chehalis Estuary,49,2347.763546076292187,131302.262974695302546,Yes
-1,1,2653,Pond,0.531041000000000,Hist,Hist salmon,9087,44.938815124803334,,9087,67420.654691214382183,87038278.247085735201836,Upper Chehalis Estuary,49,490.620694447859591,5307.267358267803502,
-1,1,2654,Pond,0.042067000000000,Hist,Hist salmon,8062,0.000000000000000,,8062,67420.654691214382183,87038278.247085735201836,Upper Chehalis Estuary,49,112.241780421337978,420.408128897174379,
-1,1,2655,Pond,6.159824000000000,Curr,Hist no salmon,8414,594.047857561909723,,8414,67420.654691214382183,87038278.247085735201836,Upper Chehalis Estuary,49,1086.383060584563282,61560.188531909290759,
-1,1,2656,Marsh,0.813315000000000,Hist,Hist salmon,6715,743.948522042089280,,6715,52529.756095652686781,68590327.366781875491142,Rock Creek (Lower Chehalis),28,691.509491847467189,8127.913046297897381,
-1,1,2657,Marsh,5.959970000000000,Hist,Hist salmon,6877,1468.648291101885889,,6877,25489.615299052060436,11565107.814306572079659,Mainstem: Lower Chehalis 5,61,2262.902819587774047,59561.325209192153125,
-1,1,2658,Marsh,0.991134000000000,Hist,Hist no salmon,7368,1173.720090510727459,,7368,25489.615299052060436,11565107.814306572079659,Mainstem: Lower Chehalis 5,61,603.888791654137549,9904.951879540134541,
-1,1,2659,Marsh,0.670294000000000,Curr,Hist salmon,7367,1125.812094819297499,,7367,25489.615299052060436,11565107.814306572079659,Mainstem: Lower Chehalis 5,61,390.448080134769441,6698.619469503687469,Yes
-1,1,2660,Marsh,0.746423000000000,Hist,Hist salmon,7367,1175.402809288889785,,7367,25489.615299052060436,11565107.814306572079659,Mainstem: Lower Chehalis 5,61,525.969651906626154,7459.412500250761695,Yes
-1,1,2661,Pond,0.743417000000000,Hist,Hist no salmon,7425,363.759080307067165,,7425,25489.615299052060436,11565107.814306572079659,Mainstem: Lower Chehalis 5,61,394.994839848718698,7429.342328365803041,
-1,1,2662,Pond,7.723682000000000,Curr,Hist salmon,8942,92.411290653434563,,8942,72380.641822059013066,39697893.786662034690380,Mainstem: Lower Chehalis 6,62,1837.362063775722390,77186.096741102504893,Yes
-1,1,2663,Marsh,10.949233000000000,Curr,Hist salmon,8942,481.877225814245435,,8942,72380.641822059013066,39697893.786662034690380,Mainstem: Lower Chehalis 6,62,1631.469427257032521,109420.355567502090707,Yes
-1,1,2664,Pond,14.520358000000000,Curr,Hist no salmon,9232,38.518873860079658,,9232,72380.641822059013066,39697893.786662034690380,Mainstem: Lower Chehalis 6,62,2719.629092496479188,145108.497827093349770,
-1,1,2665,Marsh,0.226516000000000,Hist,Hist salmon,2582,497.037363732802760,,2582,37122.234989205142483,8781882.017450014129281,Mainstem: Middle Chehalis 1,54,281.768853642209137,2263.745351930851484,
-1,1,2666,Marsh,0.504121000000000,Hist,Hist salmon,2582,476.395185079888222,,2582,37122.234989205142483,8781882.017450014129281,Mainstem: Middle Chehalis 1,54,539.213217462755438,5038.050024650709020,
-1,1,2667,Pond,0.108336000000000,Hist,Hist salmon,2624,44.889028769752265,,2624,35513.610385592714010,5228343.456361263990402,Mainstem: Upper Chehalis 1,52,168.280938306733361,1082.688079418385314,
-1,1,2668,Marsh,0.530640000000000,Hist,Hist salmon,2011,87.277162061138768,,2011,128713.250162538577570,324568132.476597189903259,South Fork Chehalis,5,395.133232443066049,5303.078653581685103,
-1,1,2669,Marsh,0.326222000000000,Curr,Hist salmon,3175,139.098604938694479,,3175,15506.591740480260341,3788415.705757713411003,Mainstem: Upper Chehalis 2,53,242.798965212636290,3260.195407565669484,
-1,1,2670,Marsh,0.868001000000000,Curr,Hist salmon,3446,59.002182950991752,,3446,15506.591740480260341,3788415.705757713411003,Mainstem: Upper Chehalis 2,53,470.464934605465146,8674.627546839567003,
-1,2,2671,Marsh,2.324937000000000,Curr,Hist salmon,3447,63.252672672099123,,3447,48209.614123100487632,34704709.802221670746803,Unnamed: Willapa Hills 3,4,1269.515063948007310,23234.950207121000858,
-1,2,2672,Marsh,0.781001000000000,Curr,Hist salmon,3174,94.979594291201721,,3174,48209.614123100487632,34704709.802221670746803,Unnamed: Willapa Hills 3,4,496.540138475548360,7805.170289646775927,
-1,1,2673,Pond,0.044448000000000,Curr,Hist no salmon,1989,104.947888978507777,,1989,35513.610385592714010,5228343.456361263990402,Mainstem: Upper Chehalis 1,52,78.502902497286883,444.200637897088427,
-1,1,2674,Marsh,0.820094000000000,Curr,Hist salmon,3788,50.468554926834386,,3788,59313.456616296323773,20382099.438309937715530,Mainstem: Middle Chehalis 2,55,497.060840208345724,8195.772465362382718,
-1,1,2675,Pond,0.322707000000000,Hist,Hist no salmon,7914,445.437785246121393,,7914,67420.654691214382183,87038278.247085735201836,Upper Chehalis Estuary,49,245.050155948005681,3225.123387543500030,
-1,1,2676,Marsh,0.693359000000000,Hist,Hist salmon,2540,0.000000000000000,,2540,37122.234989205142483,8781882.017450014129281,Mainstem: Middle Chehalis 1,54,798.891336869323709,6929.245887581355419,
-1,1,2677,Pond,3.740595000000000,Hist,Hist salmon,8845,79.322295591999918,,8845,72380.641822059013066,39697893.786662034690380,Mainstem: Lower Chehalis 6,62,1458.498745242712630,37381.435340621836076,
-1,1,2678,Pond,3.207618000000000,Curr,Hist no salmon,9044,613.822243718371851,,9044,72380.641822059013066,39697893.786662034690380,Mainstem: Lower Chehalis 6,62,876.599750385254652,32055.162004462203186,
-1,1,2679,Pond,0.442242000000000,Curr,Hist no salmon,9044,722.638630314461238,,9044,72380.641822059013066,39697893.786662034690380,Mainstem: Lower Chehalis 6,62,345.139401117036982,4419.513269523285999,
-1,1,2680,Pond,1.174958000000000,Curr,Hist no salmon,9044,822.177150975197833,,9044,72380.641822059013066,39697893.786662034690380,Mainstem: Lower Chehalis 6,62,680.749496131012506,11741.887106738946386,
-1,1,2681,Pond,3.635844000000000,Curr,Hist no salmon,7169,42.519580889491323,,7169,159862.665859964530682,364384257.434201776981354,Black River,23,734.723040659615208,36334.269693252099387,
-1,1,2682,Pond,4.689125000000000,Curr,Hist no salmon,7169,188.499891027596874,,7169,159862.665859964530682,364384257.434201776981354,Black River,23,942.753328715451403,46860.072850492499128,
-1,1,2683,Pond,4.141089000000000,Curr,Hist salmon,6591,761.335248423098392,,6591,159862.665859964530682,364384257.434201776981354,Black River,23,763.623055850797073,41383.802490079135168,
-1,1,2684,Pond,12.449800000000000,Hist,Hist salmon,6591,761.441493193119072,,6591,159862.665859964530682,364384257.434201776981354,Black River,23,1309.476199244397776,124416.574586350237951,
-1,1,2685,Marsh,1.561422000000000,Hist,Hist salmon,7208,699.753431443907402,,7208,159862.665859964530682,364384257.434201776981354,Black River,23,744.231038637805113,15603.841735545440315,
-1,1,2686,Marsh,1.651037000000000,Hist,Hist salmon,15637,396.632387791553583,,15637,222380.125267685507424,776523555.048679113388062,Satsop River,40,542.503880045011897,16498.001569493426359,
-1,1,2687,Pond,0.913965000000000,Hist,Hist no salmon,12560,144.264274978070347,,12560,111846.634780773121747,175346973.513960331678391,Cloquallum Creek,37,457.793557715926283,9133.239848444301970,
-1,1,2688,Pond,1.133534000000000,Both,Hist no salmon,13256,684.556537604829259,,13256,222380.125267685507424,776523555.048679113388062,Satsop River,40,502.068624814506677,11327.353629580080451,
-1,1,2689,Marsh,3.062641000000000,Curr,Hist salmon,2656,0.000000000000000,,2656,59791.565918335734750,95616163.941657066345215,Stearns Creek,9,786.686878190161110,30607.134567848588631,Yes
-1,1,2690,Pond,2.146034000000000,Both,Hist salmon,3910,1987.097526701842071,,3910,76524.840528758461005,151273081.305056989192963,Elk Creek,3,978.265851808869229,21447.530348647276696,
-1,1,2691,Pond,1.911819000000000,Both,Hist salmon,3910,2741.255672885181866,,3910,76524.840528758461005,151273081.305056989192963,Elk Creek,3,902.547649054972794,19106.815813281780720,
-1,1,2692,Marsh,2.788273000000000,Hist,Hist salmon,23079,162.195534548319756,,23079,40239.034924584579130,15952808.948135545477271,Mainstem: Lower Chehalis 2,58,2300.322321510104757,27864.823550270768465,
-1,1,2693,Pond,4.997210000000000,Hist,Hist salmon,7790,0.000000000000000,,7790,64500.793559666235524,70730227.349633023142815,Mox Chehalis Creek,34,1286.700890080667705,49939.344273067195900,Yes
-1,1,2694,Marsh,17.971406999999999,Hist,Hist salmon,8942,435.923491355201747,,8942,72380.641822059013066,39697893.786662034690380,Mainstem: Lower Chehalis 6,62,1870.705882545479426,179595.907153461419512,Yes
-1,1,2695,Marsh,1.585918000000000,Hist,Hist salmon,9068,43.531328979144611,,9068,72380.641822059013066,39697893.786662034690380,Mainstem: Lower Chehalis 6,62,762.187684248001005,15848.797835256136750,Yes
-1,1,2696,Pond,0.038623000000000,Hist,Hist salmon,9720,263.130901684253388,,9720,111846.634780773121747,175346973.513960331678391,Cloquallum Creek,37,75.378683521062456,385.969890389270631,
-1,1,2697,Marsh,6.841020000000000,Hist,Hist salmon,5018,0.000000000000000,,5018,55554.058267856235034,72106875.751249000430107,Garrard Creek,25,1014.643121374096381,68367.357007882746984,
-1,1,2698,Pond,0.302439000000000,Curr,Hist no salmon,5512,254.354843342146722,,5512,55554.058267856235034,72106875.751249000430107,Garrard Creek,25,228.183061011262367,3022.492421794981510,
-1,1,2699,Pond,0.189359000000000,Curr,Hist no salmon,5579,44.579832169657401,,5579,55554.058267856235034,72106875.751249000430107,Garrard Creek,25,170.741122450127136,1892.394624300461828,
-1,1,2700,Marsh,0.940895000000000,Hist,Hist salmon,5576,25.979519374531378,,5576,55554.058267856235034,72106875.751249000430107,Garrard Creek,25,702.000919417519526,9402.983904990478550,
-1,1,2701,Marsh,0.720958000000000,Hist,Hist salmon,5537,0.000000000000000,,5537,55554.058267856235034,72106875.751249000430107,Garrard Creek,25,406.544375610213933,7205.014733418282049,
-1,2,2702,Slough,12.682733000000001,Hist,Hist salmon,5810,0.000000000000000,,5810,34889.509330777720606,17144842.197271723300219,Unnamed: Central Lowlands 4,27,4673.659783029933351,126746.238811169183464,Yes
-1,2,2703,Marsh,1.755566000000000,Hist,Hist salmon,5817,277.116732989951231,,5817,34889.509330777720606,17144842.197271723300219,Unnamed: Central Lowlands 4,27,1049.323775338972837,17544.450089140449563,
-1,2,2704,Pond,5.490781000000000,Hist,Hist salmon,5813,45.655462916493754,,5813,34889.509330777720606,17144842.197271723300219,Unnamed: Central Lowlands 4,27,2666.754447068126410,54872.675505746694398,Yes
-1,1,2705,Pond,0.988847000000000,Hist,Hist salmon,5815,963.809909273660196,,5815,34889.509330777720606,17144842.197271723300219,Unnamed: Central Lowlands 4,27,719.359476475242104,9882.139742482297152,
-1,1,2706,Marsh,15.523910000000001,Hist,Hist salmon,6348,1135.202900482451469,,6348,34889.509330777720606,17144842.197271723300219,Unnamed: Central Lowlands 4,27,2175.826552099747460,155140.027172446512850,
-1,2,2707,Marsh,11.192553999999999,Hist,Hist salmon,3446,46.330347713107663,,3446,48209.614123100487632,34704709.802221670746803,Unnamed: Willapa Hills 3,4,3423.646261730453716,111856.113769385527121,
-1,2,2708,Marsh,2.136954000000000,Hist,Hist salmon,2530,379.350574513322613,,2530,65306.643175367535150,54983150.600972734391689,Unnamed: Willapa Hills 2,6,1148.281423960659595,21356.175234401882335,
-1,1,2709,Marsh,2.509883000000000,Hist,Hist salmon,2530,61.937577781024594,,2530,37122.234989205142483,8781882.017450014129281,Mainstem: Middle Chehalis 1,54,1220.170634466323691,25083.109429948675825,
-1,1,2710,Pond,0.122965000000000,Hist,Hist no salmon,2541,614.177176564110823,,2541,65306.643175367535150,54983150.600972734391689,Unnamed: Willapa Hills 2,6,155.041061052234880,1228.879291511011161,
-1,1,2711,Marsh,0.717143000000000,Hist,Hist salmon,5679,685.338832340598174,,5679,159862.665859964530682,364384257.434201776981354,Black River,23,534.537812387934878,7166.834953225087702,Yes
-1,2,2712,Marsh,22.067036999999999,Hist,Hist salmon,7350,62.454430188482334,,7350,28374.023442190664355,12235680.236594472080469,Unnamed: Central Lowlands 3,31,8255.353729617048884,220527.126668685261393,Yes
-1,1,2713,Marsh,2.030501000000000,Hist,Hist salmon,7363,639.426311871811777,,7363,25489.615299052060436,11565107.814306572079659,Mainstem: Lower Chehalis 5,61,1136.247708126240923,20291.851842972071609,Yes
-1,2,2714,Marsh,9.193213000000000,Hist,Hist salmon,6953,124.845762099324716,,6953,39771.791102286122623,24612682.804720312356949,Unnamed: Black Hills 4,30,2349.509577801089563,91872.544467903484474,
-1,1,2715,Marsh,3.937352000000000,Hist,Hist salmon,6880,161.239304218941328,,6880,25489.615299052060436,11565107.814306572079659,Mainstem: Lower Chehalis 5,61,1735.800162456799171,39348.113619494630257,
-1,1,2716,Marsh,2.584540000000000,Hist,Hist salmon,19976,1686.960560038688982,,19976,25489.615299052060436,11565107.814306572079659,Mainstem: Lower Chehalis 5,61,677.670925902630756,25828.772639260037977,
-1,1,2717,Marsh,1.270390000000000,Hist,Hist salmon,7419,0.000000000000000,,7419,72380.641822059013066,39697893.786662034690380,Mainstem: Lower Chehalis 6,62,1341.985430424749666,12695.637691110185187,Yes
-1,2,2718,Marsh,2.192535000000000,Hist,Hist salmon,7417,0.000000000000000,,7417,72380.641822059013066,39697893.786662034690380,Mainstem: Lower Chehalis 6,62,2432.191614250264593,21911.061587810007040,Yes
-1,1,2719,Marsh,7.441911000000000,Hist,Hist salmon,7684,64.370567346034662,,7684,72380.641822059013066,39697893.786662034690380,Mainstem: Lower Chehalis 6,62,2286.224846169905959,74370.585857424477581,Yes
-1,1,2720,Marsh,2.640111000000000,Hist,Hist salmon,7677,239.030365494140653,,7677,72380.641822059013066,39697893.786662034690380,Mainstem: Lower Chehalis 6,62,1245.089341739822203,26383.790586675655504,Yes
-1,1,2721,Marsh,6.466143000000000,Hist,Hist salmon,20080,446.211132924676349,,20080,72380.641822059013066,39697893.786662034690380,Mainstem: Lower Chehalis 6,62,3008.839324675299849,64618.932055790653976,Yes
-1,1,2722,Marsh,4.404905000000000,Hist,Hist salmon,7687,224.403236273964467,,7687,72380.641822059013066,39697893.786662034690380,Mainstem: Lower Chehalis 6,62,2053.051409809442703,44020.190254992405244,Yes
-1,1,2723,Pond,0.064719000000000,Hist,Hist salmon,10626,120.849822373538714,,10626,151947.647425919829402,266325666.708538889884949,Wishkah River,43,122.485890987059236,646.800227360543659,
-1,1,2724,Pond,0.100800000000000,Hist,Hist salmon,10626,90.003998442701658,,10626,151947.647425919829402,266325666.708538889884949,Wishkah River,43,150.389324146392738,1007.389881249571999,
-1,1,2725,Pond,2.727412000000000,Curr,Hist no salmon,15316,86.971576772605417,,15316,230932.463257765833987,638216095.057497859001160,Humptulips River,45,885.994110191788991,27256.953459763790306,
-1,1,2726,Pond,1.245005000000000,Curr,Hist no salmon,15313,214.576566308859128,,15313,230932.463257765833987,638216095.057497859001160,Humptulips River,45,446.474527747223817,12442.218333119830277,
-1,1,2727,Pond,10.495271000000001,Curr,Hist no salmon,15463,94.467520553911754,,15463,230932.463257765833987,638216095.057497859001160,Humptulips River,45,1304.717483393469138,104887.348840989070595,
-1,1,2728,Pond,0.353268000000000,Hist,Hist salmon,15447,281.328895123521761,,15447,230932.463257765833987,638216095.057497859001160,Humptulips River,45,267.443391207299157,3530.383615719657428,
-1,1,2729,Pond,1.221848000000000,Hist,Hist salmon,15446,154.028795289503762,,15446,230932.463257765833987,638216095.057497859001160,Humptulips River,45,571.899377624796102,12210.581084833442219,
-1,1,2730,Pond,0.974067000000000,Hist,Hist salmon,9183,696.049877542251465,,9183,246250.590740413172171,507221006.855407536029816,Wynoochee River,42,697.498822657650635,9734.622520775306839,
-1,1,2731,Lake,14.885954999999999,Curr,Hist no salmon,9160,34.090759231867096,,9160,246250.590740413172171,507221006.855407536029816,Wynoochee River,42,1792.577307413574317,148767.330243532371242,Yes
-1,1,2732,Pond,4.185730000000000,Curr,Hist no salmon,20296,122.960656876143815,,20296,246250.590740413172171,507221006.855407536029816,Wynoochee River,42,831.952795444103913,41831.121048440181767,
-1,1,2733,Pond,1.991745000000000,Curr,Hist no salmon,11934,143.191326136060383,,11934,246250.590740413172171,507221006.855407536029816,Wynoochee River,42,617.642619922380391,19904.631433852860937,
-1,1,2734,Pond,1.597733000000000,Curr,Hist no salmon,12141,167.477377728754163,,12141,246250.590740413172171,507221006.855407536029816,Wynoochee River,42,733.052954178634081,15966.923150885473660,
-1,1,2735,Pond,0.103006000000000,Curr,Hist no salmon,12145,92.141746384264721,,12145,246250.590740413172171,507221006.855407536029816,Wynoochee River,42,151.719431269524705,1029.386129706838346,
-1,1,2736,Pond,0.137119000000000,Curr,Hist no salmon,14046,144.736941790281350,,14046,151947.647425919829402,266325666.708538889884949,Wishkah River,43,151.858221490966798,1370.279946683433309,
-1,1,2737,Pond,0.107956000000000,Curr,Hist no salmon,5767,281.233242178551848,,5767,159862.665859964530682,364384257.434201776981354,Black River,23,161.971337388391220,1078.862193335310621,
-1,1,2738,Marsh,1.566499000000000,Hist,Hist no salmon,8322,873.683207499908121,,8322,159862.665859964530682,364384257.434201776981354,Black River,23,525.318762823068482,15654.405593292894991,
-1,1,2739,Marsh,3.366523000000000,Hist,Hist salmon,5728,882.052097151646421,,5728,159862.665859964530682,364384257.434201776981354,Black River,23,2187.757865374631820,33643.605150023620808,Yes
-1,1,2740,Marsh,1.310396000000000,Hist,Hist salmon,5738,593.197699515481986,,5738,159862.665859964530682,364384257.434201776981354,Black River,23,1210.075769624333134,13095.508084161883744,
-1,1,2741,Pond,3.632533000000000,Hist,Hist salmon,701,0.000000000000000,,701,128713.250162538577570,324568132.476597189903259,South Fork Chehalis,5,1399.693321541999467,36302.564610575900588,
-1,1,2742,Marsh,2.330271000000000,Hist,Hist salmon,2299,0.000000000000000,,2299,128713.250162538577570,324568132.476597189903259,South Fork Chehalis,5,1844.229288173473378,23288.097870559817238,
-1,1,2743,Pond,8.206147000000000,Hist,Hist salmon,3791,146.170600391368026,,3791,59313.456616296323773,20382099.438309937715530,Mainstem: Middle Chehalis 2,55,4059.112869832968954,82009.749728479015175,
-1,1,2744,Pond,0.291840000000000,Hist,Hist salmon,2755,0.000000000000000,,2755,59791.565918335734750,95616163.941657066345215,Stearns Creek,9,248.035544001511624,2916.562545233596666,
-1,1,2745,Marsh,4.018505000000000,Hist,Hist salmon,3788,43.836634404540291,,3788,59313.456616296323773,20382099.438309937715530,Mainstem: Middle Chehalis 2,55,1030.258659421284392,40159.725411679981335,
-1,1,2746,Marsh,0.214019000000000,Curr,Hist salmon,3788,50.339370510704867,,3788,59313.456616296323773,20382099.438309937715530,Mainstem: Middle Chehalis 2,55,331.227149089305499,2138.845335030945535,
-1,1,2747,Marsh,1.266051000000000,Hist,Hist salmon,22591,0.000000000000000,,22591,59313.456616296323773,20382099.438309937715530,Mainstem: Middle Chehalis 2,55,680.126377387308366,12652.533494782270282,
-1,1,2748,Marsh,2.272174000000000,Hist,Hist salmon,3105,207.182248138920329,,3105,59313.456616296323773,20382099.438309937715530,Mainstem: Middle Chehalis 2,55,729.743745539344218,22707.461910962778347,
-1,1,2749,Marsh,3.902836000000000,Hist,Hist salmon,3262,44.851434824906839,,3262,59313.456616296323773,20382099.438309937715530,Mainstem: Middle Chehalis 2,55,1544.614654372640189,39003.801827072595188,
-1,1,2750,Pond,0.317309000000000,Hist,Hist salmon,3394,155.420954920583540,,3394,41351.329529655922670,29855620.203990574926138,Unnamed: Central Lowlands 9,11,211.282250905619492,3171.092648893346450,
-1,1,2751,Pond,0.159321000000000,Hist,Hist no salmon,3393,187.786870687669079,,3393,41351.329529655922670,29855620.203990574926138,Unnamed: Central Lowlands 9,11,155.890144615840569,1592.202173132165626,
-1,1,2752,Pond,0.713163000000000,Hist,Curr degradeH,2630,22.285747080210719,,2630,151813.484517717675772,406226339.697148263454437,Newaukum River,12,410.922727198095913,7127.143227614470561,Yes
-1,1,2753,Pond,0.172938000000000,Hist,Hist salmon,2630,114.519725229004067,,2630,151813.484517717675772,406226339.697148263454437,Newaukum River,12,172.382669962368681,1728.297752221811152,Yes
-1,1,2754,Pond,0.124556000000000,Hist,Hist salmon,2631,108.340766815430428,,2631,151813.484517717675772,406226339.697148263454437,Newaukum River,12,133.521307486663119,1244.782761458544883,
-1,1,2755,Pond,1.028403000000000,Hist,Curr degradeH,2631,45.472174975018682,,2631,151813.484517717675772,406226339.697148263454437,Newaukum River,12,429.998791768458091,10277.567609000314405,
-1,1,2756,Pond,0.378005000000000,Curr,Curr degrade,2380,216.564722452028576,,2380,151813.484517717675772,406226339.697148263454437,Newaukum River,12,355.552643508939070,3777.676979478796966,
-1,2,2757,Marsh,41.745218000000001,Hist,Hist salmon,5227,0.000000000000000,,5227,98751.225704972457606,77067740.308363378047943,Unnamed: Central Lowlands 6,20,9746.342083303092295,417184.874211132526398,Yes
-1,1,2758,Marsh,4.515232000000000,Hist,Hist salmon,4765,307.796825453527958,,4765,33120.890699998715718,13469576.136961460113525,Mainstem: Lower Chehalis 1,57,1402.524302659188379,45123.642297655169386,
-1,1,2759,Slough,0.613340000000000,Hist,Hist salmon,4761,30.002180476448281,,4761,33120.890699998715718,13469576.136961460113525,Mainstem: Lower Chehalis 1,57,610.227491558012730,6129.504366428706817,
-1,1,2760,Marsh,16.986733999999998,Hist,Curr degradeH,4278,230.366331711619154,,4278,49339.273498255643062,17306234.431499805301428,Mainstem: Middle Chehalis 3,56,3162.830386699675728,169759.779337620566366,
-1,1,2761,Marsh,9.099164999999999,Hist,Hist salmon,23113,75.130425674406695,,23113,49339.273498255643062,17306234.431499805301428,Mainstem: Middle Chehalis 3,56,1397.475535690319703,90934.013679607451195,
-1,1,2762,Pond,3.772750000000000,Hist,Curr degradeH,4114,117.603818129480743,,4114,49339.273498255643062,17306234.431499805301428,Mainstem: Middle Chehalis 3,56,1252.778975948780953,37703.653398870970705,
-1,1,2763,Marsh,5.405956000000000,Hist,Curr degradeH,4113,106.109539064517122,,4113,49339.273498255643062,17306234.431499805301428,Mainstem: Middle Chehalis 3,56,2688.474480648984809,54025.389097791936365,
-1,1,2764,Pond,3.281328000000000,Hist,Curr degradeH,4287,40.818300917852142,,4287,49339.273498255643062,17306234.431499805301428,Mainstem: Middle Chehalis 3,56,1204.073977215913374,32792.544688144385873,
-1,2,2765,Marsh,7.581750000000000,Hist,Hist salmon,4284,249.887552360788703,,4284,57551.046467003296129,62244686.940613552927971,Salzer Creek,15,1902.626718158706581,75769.571378565116902,
-1,1,2766,Pond,16.386417000000002,Curr,Hist no salmon,18134,111.906220685820301,,18134,138406.144823040289339,318898089.190657675266266,Skookumchuck River,18,2078.590933619367661,163759.629628859314835,
-1,1,2767,Pond,4.631222000000000,Curr,Hist no salmon,18706,28.534312818560931,,18706,138406.144823040289339,318898089.190657675266266,Skookumchuck River,18,928.594110299064369,46283.168135523184901,
-1,1,2768,Pond,2.914945000000000,Curr,Hist no salmon,18707,96.592571544443373,,18707,138406.144823040289339,318898089.190657675266266,Skookumchuck River,18,679.028862542142406,29131.164582420813531,
-1,1,2769,Pond,0.677712000000000,Curr,Hist no salmon,18781,5.100553745854907,,18781,138406.144823040289339,318898089.190657675266266,Skookumchuck River,18,506.796337375708674,6772.865548889062666,
-1,1,2770,Marsh,0.423792000000000,Hist,Hist salmon,3851,0.000000000000000,,3851,49339.273498255643062,17306234.431499805301428,Mainstem: Middle Chehalis 3,56,277.669498722951289,4235.244932536138549,
-1,2,2771,Marsh,1.743019000000000,Hist,Hist salmon,4130,341.684069260267847,,4130,50132.307652337098261,42180804.244348973035812,Unnamed: Cascade Mountains 2,13,1384.425079348887493,17419.193810499469691,
-1,1,2772,Pond,0.423624000000000,Hist,Hist salmon,1310,77.247323447996195,,1310,151813.484517717675772,406226339.697148263454437,Newaukum River,12,463.839448034989459,4233.595786564310401,
-1,1,2773,Marsh,0.380274000000000,Hist,Curr degradeH,23112,172.466652681951729,,23112,49339.273498255643062,17306234.431499805301428,Mainstem: Middle Chehalis 3,56,230.385376537937532,3800.331000128747291,
-1,1,2774,Lake,5.467390000000000,Curr,Hist no salmon,6782,647.782864049011891,,6782,159862.665859964530682,364384257.434201776981354,Black River,23,1251.012252757317128,54637.859791966046032,
-1,1,2775,Pond,1.005400000000000,Curr,Hist salmon,17505,454.358014486491356,,17505,246250.590740413172171,507221006.855407536029816,Wynoochee River,42,477.934727028919497,10046.135985385404638,
-1,1,2776,Pond,0.612516000000000,Curr,Hist no salmon,16847,239.960499492279439,,16847,230932.463257765833987,638216095.057497859001160,Humptulips River,45,327.699740892707950,6120.887578573122482,
-1,1,2777,Pond,0.446247000000000,Curr,Hist salmon,16845,795.063469675377064,,16845,230932.463257765833987,638216095.057497859001160,Humptulips River,45,387.946410565193389,4459.377545175322666,
-1,1,2778,Marsh,3.085601000000000,Hist,Hist no salmon,16928,563.312323470427827,,16928,230932.463257765833987,638216095.057497859001160,Humptulips River,45,801.339883167803237,30833.945910985919909,
-1,1,2779,Marsh,0.354260000000000,Hist,Hist salmon,15769,123.360224515450071,,15769,230932.463257765833987,638216095.057497859001160,Humptulips River,45,233.946918877457676,3540.253881015928982,
-1,1,2780,Pond,1.190809000000000,Hist,Hist salmon,15316,30.998014008075273,,15316,230932.463257765833987,638216095.057497859001160,Humptulips River,45,555.414008077477433,11900.605014150221905,
-1,1,2781,Pond,1.485612000000000,Hist,Hist salmon,15316,0.000000000000000,,15316,230932.463257765833987,638216095.057497859001160,Humptulips River,45,860.854963873670840,14846.797380843605424,
-1,1,2782,Marsh,1.227615000000000,Hist,Hist salmon,16209,257.603580426945257,,16209,222380.125267685507424,776523555.048679113388062,Satsop River,40,524.017743969044432,12267.153421594863175,
-1,1,2783,Marsh,0.371126000000000,Hist,Hist salmon,16274,237.352548070195780,,16274,222380.125267685507424,776523555.048679113388062,Satsop River,40,269.761996385705288,3708.533134312953280,
-1,1,2784,Marsh,0.537867000000000,Hist,Hist salmon,16280,252.418257943382457,,16280,222380.125267685507424,776523555.048679113388062,Satsop River,40,287.114208790113651,5374.713577268749759,
-1,1,2785,Pond,0.837787000000000,Curr,Hist salmon,20094,69.540172874561549,,20094,222380.125267685507424,776523555.048679113388062,Satsop River,40,545.188373670681585,8372.009786670161702,
-1,1,2786,Marsh,2.954675000000000,Hist,Hist no salmon,14429,200.517256708641014,,14429,222380.125267685507424,776523555.048679113388062,Satsop River,40,1448.260857846625186,29525.923276570578309,
-1,1,2787,Marsh,1.534828000000000,Curr,Hist no salmon,20273,249.392383030367284,,20273,222380.125267685507424,776523555.048679113388062,Satsop River,40,560.672213096042128,15337.712600610793743,
-1,1,2788,Marsh,2.982849000000000,Hist,Hist salmon,12266,274.431547785460964,,12266,222380.125267685507424,776523555.048679113388062,Satsop River,40,763.995110387844306,29808.542154658818617,
-1,1,2789,Marsh,1.231240000000000,Hist,Hist no salmon,15638,838.958948428674262,,15638,222380.125267685507424,776523555.048679113388062,Satsop River,40,472.878288660322312,12303.103754099751313,
-1,1,2790,Marsh,6.302230000000000,Hist,Hist salmon,15638,167.063453115400677,,15638,222380.125267685507424,776523555.048679113388062,Satsop River,40,1009.721577639771226,62974.867505856287607,
-1,1,2791,Marsh,0.753762000000000,Curr,Hist no salmon,15562,835.467574971506110,,15562,222380.125267685507424,776523555.048679113388062,Satsop River,40,445.919078912550788,7531.925897406116746,
-1,1,2792,Marsh,4.224682000000000,Hist,Hist salmon,15359,84.734073068991620,,15359,222380.125267685507424,776523555.048679113388062,Satsop River,40,1331.459266135498638,42215.325729478958237,
-1,1,2793,Marsh,3.065272000000000,Hist,Hist salmon,15359,860.764202263045604,,15359,222380.125267685507424,776523555.048679113388062,Satsop River,40,826.279560381025362,30629.798138632500923,
-1,1,2794,Marsh,4.995899000000000,Curr,Hist salmon,13567,0.000000000000000,,13567,222380.125267685507424,776523555.048679113388062,Satsop River,40,1925.990074827126818,49922.140205861316645,
-1,1,2795,Marsh,2.650812000000000,Hist,Hist salmon,15677,695.774893353063590,,15677,222380.125267685507424,776523555.048679113388062,Satsop River,40,819.024025165084481,26488.209127226691635,
-1,1,2796,Pond,0.082122000000000,Curr,Hist salmon,15728,163.764167179054112,,15728,222380.125267685507424,776523555.048679113388062,Satsop River,40,115.942814570613564,820.610930776939085,
-1,1,2797,Marsh,4.075732000000000,Curr,Hist salmon,15728,741.672760050102283,,15728,222380.125267685507424,776523555.048679113388062,Satsop River,40,1011.197513019724965,40727.003128927826765,
-1,1,2798,Pond,1.366627000000000,Curr,Hist salmon,13573,111.111753401208873,,13573,222380.125267685507424,776523555.048679113388062,Satsop River,40,582.549979430422241,13656.166372820483957,
-1,1,2799,Marsh,1.021046000000000,Curr,Hist salmon,15354,0.000000000000000,,15354,222380.125267685507424,776523555.048679113388062,Satsop River,40,638.295211001888561,10202.897237553916057,
-1,1,2800,Marsh,0.601456000000000,Hist,Hist salmon,15350,0.000000000000000,,15350,222380.125267685507424,776523555.048679113388062,Satsop River,40,341.669294673858872,6010.115737005409756,
-1,1,2801,Marsh,1.444820000000000,Hist,Hist no salmon,13455,292.716278435266645,,13455,222380.125267685507424,776523555.048679113388062,Satsop River,40,463.543392913402556,14437.952871676623545,
-1,1,2802,Marsh,0.988821000000000,Hist,Hist no salmon,13454,441.375131320003675,,13454,222380.125267685507424,776523555.048679113388062,Satsop River,40,362.757476828320875,9881.208357604971752,
-1,1,2803,Marsh,1.990852000000000,Both,Hist no salmon,20215,306.859876196059474,,20215,222380.125267685507424,776523555.048679113388062,Satsop River,40,600.640874096231187,19894.389796781957557,
-1,1,2804,Marsh,0.023143000000000,Curr,Hist salmon,13524,0.026089883775118,,13524,222380.125267685507424,776523555.048679113388062,Satsop River,40,60.067262992694523,231.266289515706632,
-1,1,2805,Marsh,0.015581000000000,Curr,Hist salmon,13524,29.094820089163314,,13524,222380.125267685507424,776523555.048679113388062,Satsop River,40,51.003363036726185,155.698162978840429,
-1,1,2806,Marsh,7.192470000000000,Curr,Hist no salmon,13449,1323.622331655562448,,13449,222380.125267685507424,776523555.048679113388062,Satsop River,40,1900.100477292159439,71873.787722140274127,
-1,1,2807,Marsh,0.046295000000000,Curr,Hist no salmon,13098,451.357291002168267,,13098,222380.125267685507424,776523555.048679113388062,Satsop River,40,81.928782680977875,462.621186086278612,
-1,1,2808,Marsh,0.894884000000000,Hist,Hist salmon,12807,371.290211541227336,,12807,222380.125267685507424,776523555.048679113388062,Satsop River,40,466.133914296795638,8942.594376470666248,
-1,1,2809,Marsh,0.208375000000000,Curr,Hist no salmon,12981,338.602602404460072,,12981,222380.125267685507424,776523555.048679113388062,Satsop River,40,181.627703532126219,2082.287544989222624,
-1,1,2810,Marsh,0.102593000000000,Hist,Hist no salmon,13098,454.740337546933574,,13098,222380.125267685507424,776523555.048679113388062,Satsop River,40,123.992317636515835,1025.203582567616650,
-1,1,2811,Marsh,0.047010000000000,Curr,Hist no salmon,12921,368.009722692202160,,12921,222380.125267685507424,776523555.048679113388062,Satsop River,40,81.730265808464637,469.772465502687169,
-1,1,2812,Pond,0.158332000000000,Curr,Hist salmon,11780,0.000000000000000,,11780,222380.125267685507424,776523555.048679113388062,Satsop River,40,157.109163425616288,1582.222845206147895,
-1,1,2813,Pond,1.699697000000000,Curr,Hist salmon,11779,0.000000000000000,,11779,222380.125267685507424,776523555.048679113388062,Satsop River,40,518.565932353313883,16985.235160183241533,
-1,1,2814,Pond,0.039237000000000,Hist,Hist salmon,11778,0.000000000000000,,11778,222380.125267685507424,776523555.048679113388062,Satsop River,40,75.876513227898414,392.096966012295411,
-1,1,2815,Marsh,3.901183000000000,Hist,Hist salmon,11783,0.000000000000000,,11783,222380.125267685507424,776523555.048679113388062,Satsop River,40,951.489942049664705,38984.809625299152685,
-1,1,2816,Marsh,0.329928000000000,Hist,Hist salmon,11917,0.000000000000000,,11917,222380.125267685507424,776523555.048679113388062,Satsop River,40,217.041401541762809,3296.966481658672365,
-1,1,2817,Marsh,0.819663000000000,Hist,Hist salmon,11917,0.000000000000000,,11917,222380.125267685507424,776523555.048679113388062,Satsop River,40,477.824231862076999,8190.881832752934315,
-1,1,2818,Pond,0.725600000000000,Curr,Hist salmon,11776,0.000000000000000,,11776,222380.125267685507424,776523555.048679113388062,Satsop River,40,717.695161833717520,7251.005387813500420,
-1,1,2819,Marsh,0.908141000000000,Curr,Hist salmon,11906,0.000000000000000,,11906,222380.125267685507424,776523555.048679113388062,Satsop River,40,505.353446561064573,9075.066233320574611,
-1,1,2820,Pond,2.064246000000000,Curr,Hist salmon,11781,0.000000000000000,,11781,222380.125267685507424,776523555.048679113388062,Satsop River,40,885.171456986588282,20628.181483394757379,
-1,1,2821,Pond,0.832301000000000,Hist,Hist no salmon,11771,301.193389460680919,,11771,222380.125267685507424,776523555.048679113388062,Satsop River,40,428.682805569139589,8317.301463703453919,
-1,1,2822,Marsh,7.904163000000000,Hist,Hist salmon,11766,0.000000000000000,,11766,222380.125267685507424,776523555.048679113388062,Satsop River,40,1588.943137653766144,78987.622673444930115,
-1,1,2823,Pond,0.302491000000000,Curr,Hist salmon,20262,184.934365312859484,,20262,222380.125267685507424,776523555.048679113388062,Satsop River,40,264.273852336164907,3022.903895539747282,
-1,1,2824,Pond,0.152479000000000,Hist,Hist salmon,20261,46.856459114565197,,20261,222380.125267685507424,776523555.048679113388062,Satsop River,40,157.740102105144388,1523.783043806227170,
-1,1,2825,Pond,0.428696000000000,Hist,Hist salmon,20259,0.000000000000000,,20259,222380.125267685507424,776523555.048679113388062,Satsop River,40,437.148941149773862,4284.119475214271915,
-1,1,2826,Pond,1.046878000000000,Hist,Hist salmon,20261,0.000000000000000,,20261,222380.125267685507424,776523555.048679113388062,Satsop River,40,664.941842227404777,10461.864273333587334,
-1,1,2827,Pond,1.332879000000000,Hist,Hist salmon,20260,0.000000000000000,,20260,222380.125267685507424,776523555.048679113388062,Satsop River,40,587.559068220128893,13319.982758308511620,
-1,1,2828,Marsh,1.521660000000000,Curr,Hist salmon,9960,0.000000000000000,,9960,222380.125267685507424,776523555.048679113388062,Satsop River,40,711.087091291391175,15206.691749777784935,
-1,1,2829,Marsh,0.130155000000000,Hist,Hist no salmon,10139,832.761866435695651,,10139,222380.125267685507424,776523555.048679113388062,Satsop River,40,137.998071765000702,1300.708970005690389,
-1,1,2830,Pond,1.107764000000000,Hist,Hist salmon,9356,139.470043226408478,,9356,222380.125267685507424,776523555.048679113388062,Satsop River,40,1037.868561728849954,11070.468611778407649,
-1,1,2831,Marsh,0.029884000000000,Hist,Hist salmon,8422,219.157446202560777,,8422,246250.590740413172171,507221006.855407536029816,Wynoochee River,42,75.883402378978133,298.654187330656839,
-1,1,2832,Marsh,0.676904000000000,Hist,Hist salmon,20823,0.000000000000000,,20823,246250.590740413172171,507221006.855407536029816,Wynoochee River,42,351.288794491917315,6764.810611219213570,
-1,1,2833,Marsh,0.934146000000000,Hist,Hist no salmon,13592,222.026869323364679,,13592,128409.154010552825639,234704536.754735738039017,Hoquiam River,44,401.557077286679601,9335.510225314243144,
-1,1,2834,Marsh,23.243366999999999,Hist,Hist salmon,13825,0.000000000000000,,13825,128409.154010552825639,234704536.754735738039017,Hoquiam River,44,2138.646987976746914,232286.039142365829321,
-1,1,2835,Marsh,1.046589000000000,Hist,Hist salmon,21326,0.000000000000000,,21326,128409.154010552825639,234704536.754735738039017,Hoquiam River,44,595.761712489045976,10459.247477588014590,
-1,1,2836,Marsh,0.150979000000000,Hist,Hist salmon,21329,119.095528898492489,,21329,128409.154010552825639,234704536.754735738039017,Hoquiam River,44,148.045273436878603,1508.828964846301687,
-1,1,2837,Marsh,0.197702000000000,Hist,Hist salmon,21328,0.000000000000000,,21328,128409.154010552825639,234704536.754735738039017,Hoquiam River,44,227.354899980155153,1975.764883767415085,
-1,1,2838,Marsh,0.628495000000000,Hist,Hist salmon,21330,0.000000000000000,,21330,128409.154010552825639,234704536.754735738039017,Hoquiam River,44,439.978327090467360,6280.942114159631274,
-1,1,2839,Marsh,0.197634000000000,Hist,Hist no salmon,21330,754.588713903581606,,21330,128409.154010552825639,234704536.754735738039017,Hoquiam River,44,162.184295467566045,1975.074555707082936,
-1,1,2840,Marsh,0.134649000000000,Curr,Hist no salmon,12648,919.362015186343683,,12648,128409.154010552825639,234704536.754735738039017,Hoquiam River,44,135.931363009112545,1345.635860863714242,
-1,1,2841,Marsh,0.428140000000000,Hist,Hist salmon,21332,0.000000000000000,,21332,128409.154010552825639,234704536.754735738039017,Hoquiam River,44,349.163505013563054,4278.666078678800659,
-1,1,2842,Marsh,0.710112000000000,Hist,Hist salmon,13284,302.163956487100052,,13284,128409.154010552825639,234704536.754735738039017,Hoquiam River,44,460.320984444188809,7096.639611446719755,
-1,1,2843,Marsh,0.538712000000000,Hist,Hist salmon,21345,0.000000000000000,,21345,128409.154010552825639,234704536.754735738039017,Hoquiam River,44,499.364342198805161,5383.690045966477555,
-1,1,2844,Marsh,13.857913999999999,Hist,Hist salmon,9542,204.408195900155107,,9542,128409.154010552825639,234704536.754735738039017,Hoquiam River,44,1673.135130034397207,138499.764695613353979,
-1,1,2845,Marsh,0.104085000000000,Hist,Hist no salmon,13324,0.000000000000000,,13324,230932.463257765833987,638216095.057497859001160,Humptulips River,45,218.611279411908697,1040.242095381803892,
-1,1,2846,Pond,0.171410000000000,Hist,Hist no salmon,13812,497.405296417717295,,13812,230932.463257765833987,638216095.057497859001160,Humptulips River,45,213.478297946519433,1713.088489578600957,
-1,1,2847,Marsh,0.225281000000000,Hist,Hist salmon,12629,0.000000000000000,,12629,230932.463257765833987,638216095.057497859001160,Humptulips River,45,242.379285754892891,2251.515351195451331,
-1,1,2848,Marsh,0.442030000000000,Curr,Hist salmon,13320,748.108563944798561,,13320,230932.463257765833987,638216095.057497859001160,Humptulips River,45,334.938234020696143,4417.798435201119901,
-1,1,2849,Marsh,0.576621000000000,Curr,Hist salmon,13320,443.294316455786145,,13320,230932.463257765833987,638216095.057497859001160,Humptulips River,45,360.530175639383401,5762.955842319292060,
-1,1,2850,Pond,0.146876000000000,Hist,Hist no salmon,13324,208.292322423549365,,13324,230932.463257765833987,638216095.057497859001160,Humptulips River,45,174.049239610587847,1467.897742270318076,
-1,1,2851,Marsh,2.088413000000000,Hist,Hist salmon,12462,58.889878955352223,,12462,230932.463257765833987,638216095.057497859001160,Humptulips River,45,1170.541837306130446,20872.505888207972021,
-1,1,2852,Marsh,0.190280000000000,Hist,Hist salmon,21727,0.000000000000000,,21727,230932.463257765833987,638216095.057497859001160,Humptulips River,45,240.000113298126678,1901.680709607305516,
-1,1,2853,Marsh,4.922890000000000,Hist,Hist salmon,12121,212.370971113300328,,12121,230932.463257765833987,638216095.057497859001160,Humptulips River,45,926.501819316144520,49201.764636014355347,
-1,1,2854,Pond,0.071076000000000,Hist,Hist no salmon,10766,784.460621633385358,,10766,378317.145195854303893,263575921.850556135177612,Lower Chehalis Estuary,50,146.315291175645910,710.381605065404187,
-1,1,2855,Marsh,1.512536000000000,Hist,Hist no salmon,10464,8.822703279433455,,10464,378317.145195854303893,263575921.850556135177612,Lower Chehalis Estuary,50,459.110270527872331,15116.997475126821882,
-1,1,2856,Pond,0.121501000000000,Hist,Hist salmon,10514,0.000000000000000,,10514,378317.145195854303893,263575921.850556135177612,Lower Chehalis Estuary,50,180.066907598750277,1214.339660782177134,
-1,1,2857,Pond,0.254967000000000,Hist,Hist salmon,10661,143.750362775750318,,10661,378317.145195854303893,263575921.850556135177612,Lower Chehalis Estuary,50,312.410151285187794,2548.293147389945716,
-1,1,2858,Pond,0.959243000000000,Hist,Hist salmon,9735,412.199991667444237,,9735,378317.145195854303893,263575921.850556135177612,Lower Chehalis Estuary,50,440.945082815563410,9587.250584954184887,
-1,1,2859,Marsh,3.030598000000000,Curr,Hist salmon,9661,432.607736250600567,,9661,378317.145195854303893,263575921.850556135177612,Lower Chehalis Estuary,50,919.187028656193320,30289.710839837960521,
-1,1,2860,Marsh,0.451073000000000,Hist,Hist no salmon,9662,807.038279329533680,,9662,378317.145195854303893,263575921.850556135177612,Lower Chehalis Estuary,50,343.120469447316339,4508.308559559458445,
-1,1,2861,Marsh,0.799009000000000,Hist,Hist no salmon,9662,738.501020429539381,,9662,378317.145195854303893,263575921.850556135177612,Lower Chehalis Estuary,50,371.369279814938693,7985.800671256948590,
-1,1,2862,Marsh,1.243473000000000,Curr,Hist no salmon,12802,508.293778578743343,,12802,111846.634780773121747,175346973.513960331678391,Cloquallum Creek,37,456.310474376809111,12425.715505021027639,
-1,1,2863,Marsh,1.382937000000000,Hist,Hist no salmon,12802,358.712258344639110,,12802,111846.634780773121747,175346973.513960331678391,Cloquallum Creek,37,462.415729076228956,13819.360308140392590,
-1,1,2864,Pond,0.466301000000000,Hist,Hist salmon,12800,316.032475061040088,,12800,111846.634780773121747,175346973.513960331678391,Cloquallum Creek,37,270.929507398728731,4659.640237763218465,
-1,1,2865,Marsh,12.877681000000001,Hist,Hist salmon,12801,0.000000000000000,,12801,111846.634780773121747,175346973.513960331678391,Cloquallum Creek,37,1995.802881362152448,128683.691788328258554,
-1,1,2866,Marsh,0.591369000000000,Hist,Hist salmon,12991,650.508570218404316,,12991,111846.634780773121747,175346973.513960331678391,Cloquallum Creek,37,297.660553793719771,5909.479347783166304,
-1,1,2867,Marsh,1.096822000000000,Hist,Hist salmon,12680,566.021226174965818,,12680,111846.634780773121747,175346973.513960331678391,Cloquallum Creek,37,464.792128992525761,10960.412825830080692,
-1,1,2868,Marsh,0.459734000000000,Curr,Hist salmon,12990,534.747006562241040,,12990,111846.634780773121747,175346973.513960331678391,Cloquallum Creek,37,258.976581782039773,4594.063941755196538,
-1,1,2869,Marsh,0.384973000000000,Curr,Hist salmon,23263,242.915389550471161,,23263,111846.634780773121747,175346973.513960331678391,Cloquallum Creek,37,263.409502096838082,3846.992874662206759,
-1,1,2870,Marsh,0.962430000000000,Hist,Hist no salmon,23264,1030.399587564609647,,23264,111846.634780773121747,175346973.513960331678391,Cloquallum Creek,37,414.747358783201435,9617.432576524954129,
-1,1,2871,Marsh,0.504188000000000,Curr,Hist salmon,23264,706.648408401822394,,23264,111846.634780773121747,175346973.513960331678391,Cloquallum Creek,37,285.419739383263220,5038.284531534993221,
-1,1,2872,Marsh,0.430210000000000,Curr,Hist salmon,12799,65.381573621619324,,12799,111846.634780773121747,175346973.513960331678391,Cloquallum Creek,37,248.129997631427869,4298.998503473238998,
-1,1,2873,Pond,0.364507000000000,Hist,Hist salmon,12999,826.647383947314324,,12999,111846.634780773121747,175346973.513960331678391,Cloquallum Creek,37,224.104523557788724,3642.463325999486187,
-1,1,2874,Marsh,1.171587000000000,Hist,Hist salmon,12999,675.989225512411849,,12999,111846.634780773121747,175346973.513960331678391,Cloquallum Creek,37,602.639804424814542,11707.496498943788538,
-1,1,2875,Marsh,0.451500000000000,Curr,Hist no salmon,12798,101.364138143873760,,12798,111846.634780773121747,175346973.513960331678391,Cloquallum Creek,37,269.546406523270491,4511.745841466290585,
-1,1,2876,Marsh,1.781271000000000,Curr,Hist salmon,12801,264.458548601599830,,12801,111846.634780773121747,175346973.513960331678391,Cloquallum Creek,37,681.927222057636186,17799.828916710263002,
-1,1,2877,Marsh,0.406611000000000,Hist,Hist no salmon,12802,327.037355717255252,,12802,111846.634780773121747,175346973.513960331678391,Cloquallum Creek,37,250.594731148855743,4063.169868248048715,
-1,1,2878,Marsh,0.517248000000000,Hist,Hist no salmon,12991,907.321765611940009,,12991,111846.634780773121747,175346973.513960331678391,Cloquallum Creek,37,291.213679615109186,5168.796502083688210,
-1,1,2879,Marsh,1.011530000000000,Hist,Hist no salmon,12991,831.959685704611388,,12991,111846.634780773121747,175346973.513960331678391,Cloquallum Creek,37,436.374920346937188,10108.086240009151879,
-1,1,2880,Marsh,3.342695000000000,Curr,Hist salmon,12681,463.036242257964261,,12681,111846.634780773121747,175346973.513960331678391,Cloquallum Creek,37,1116.542069532853475,33403.161975678907766,
-1,1,2881,Marsh,0.046062000000000,Hist,Hist salmon,12501,729.772783505471352,,12501,111846.634780773121747,175346973.513960331678391,Cloquallum Creek,37,80.581910092962346,460.291669141141256,
-1,1,2882,Marsh,0.526484000000000,Hist,Hist salmon,12501,556.144098096805578,,12501,111846.634780773121747,175346973.513960331678391,Cloquallum Creek,37,371.878915780209411,5261.065260213264082,
-1,1,2883,Marsh,0.557671000000000,Curr,Hist no salmon,12502,497.044251182384983,,12502,111846.634780773121747,175346973.513960331678391,Cloquallum Creek,37,291.971059634024414,5572.723212435147616,
-1,1,2884,Marsh,0.092388000000000,Hist,Hist salmon,12501,678.687427871021555,,12501,111846.634780773121747,175346973.513960331678391,Cloquallum Creek,37,127.636006462123731,923.213433729874168,
-1,1,2885,Marsh,0.909777000000000,Curr,Hist salmon,13001,241.155722128972855,,13001,111846.634780773121747,175346973.513960331678391,Cloquallum Creek,37,356.905557180095741,9091.282674732938176,
-1,1,2886,Marsh,0.064238000000000,Hist,Hist no salmon,12501,516.596641935544312,,12501,111846.634780773121747,175346973.513960331678391,Cloquallum Creek,37,97.177973916359974,641.919738521959630,
-1,1,2887,Marsh,0.111127000000000,Hist,Hist salmon,12501,601.574437697114604,,12501,111846.634780773121747,175346973.513960331678391,Cloquallum Creek,37,129.405264964219612,1110.475344376425710,
-1,1,2888,Marsh,4.417138000000000,Hist,Hist salmon,12997,0.000000000000000,,12997,111846.634780773121747,175346973.513960331678391,Cloquallum Creek,37,901.824706935172003,44139.926551805518102,
-1,1,2889,Marsh,0.688021000000000,Hist,Hist salmon,12794,150.192746466343323,,12794,111846.634780773121747,175346973.513960331678391,Cloquallum Creek,37,298.967923054164146,6875.259457952932280,
-1,1,2890,Marsh,3.009628000000000,Curr,Hist no salmon,12995,881.039877914487874,,12995,111846.634780773121747,175346973.513960331678391,Cloquallum Creek,37,746.143802860574283,30074.809019531152444,
-1,1,2891,Marsh,0.045552000000000,Hist,Hist no salmon,12692,165.539931915732382,,12692,111846.634780773121747,175346973.513960331678391,Cloquallum Creek,37,105.233062357039501,455.190745982302190,
-1,1,2892,Pond,0.733361000000000,Curr,Hist salmon,12993,0.000000000000000,,12993,111846.634780773121747,175346973.513960331678391,Cloquallum Creek,37,428.601123777358794,7328.398299212648453,
-1,1,2893,Pond,0.272696000000000,Hist,Hist no salmon,12993,157.188195537503248,,12993,111846.634780773121747,175346973.513960331678391,Cloquallum Creek,37,202.752707475102483,2725.030767552694670,
-1,1,2894,Marsh,0.584194000000000,Hist,Hist no salmon,13001,194.214258905086695,,13001,111846.634780773121747,175346973.513960331678391,Cloquallum Creek,37,349.998919810368534,5837.782835503514434,
-1,1,2895,Marsh,4.390252000000000,Curr,Hist salmon,12563,266.599353079816638,,12563,111846.634780773121747,175346973.513960331678391,Cloquallum Creek,37,1340.446408713093888,43871.678366308675322,
-1,1,2896,Lake,13.536514000000000,Hist,Hist salmon,12671,0.000000000000000,,12671,111846.634780773121747,175346973.513960331678391,Cloquallum Creek,37,4632.958400214594803,135269.798761285899673,
-1,1,2897,Marsh,0.399579000000000,Hist,Hist no salmon,11047,227.219168078137500,,11047,111846.634780773121747,175346973.513960331678391,Cloquallum Creek,37,271.505112961115231,3993.014590260508157,
-1,1,2898,Marsh,9.965449000000000,Hist,Hist salmon,12116,0.000000000000000,,12116,111846.634780773121747,175346973.513960331678391,Cloquallum Creek,37,2465.716810596759387,99584.235942295039422,
-1,1,2899,Marsh,1.030944000000000,Hist,Hist salmon,10324,402.767553458699183,,10324,111846.634780773121747,175346973.513960331678391,Cloquallum Creek,37,707.308491321232964,10302.303633933244782,
-1,1,2900,Marsh,0.206289000000000,Hist,Hist salmon,12115,0.000000000000000,,12115,111846.634780773121747,175346973.513960331678391,Cloquallum Creek,37,180.764623027465717,2061.429029181794249,
-1,1,2901,Marsh,15.137461000000000,Curr,Hist salmon,11052,0.000000000000000,,11052,111846.634780773121747,175346973.513960331678391,Cloquallum Creek,37,2111.883016294831577,151269.037943588802591,
-1,1,2902,Marsh,6.588384000000000,Hist,Hist salmon,12106,0.000000000000000,,12106,111846.634780773121747,175346973.513960331678391,Cloquallum Creek,37,3473.544029809538642,65837.415944705091533,
-1,1,2903,Marsh,0.200215000000000,Hist,Hist salmon,12113,63.747686259557334,,12113,111846.634780773121747,175346973.513960331678391,Cloquallum Creek,37,179.070493824135667,2000.735613538615780,
-1,1,2904,Marsh,0.692707000000000,Hist,Hist no salmon,12062,336.113323307015776,,12062,111846.634780773121747,175346973.513960331678391,Cloquallum Creek,37,311.503583975027652,6922.209674252459990,
-1,1,2905,Pond,0.235402000000000,Both,Hist salmon,11234,111.006252898649478,,11234,111846.634780773121747,175346973.513960331678391,Cloquallum Creek,37,178.147950549875475,2352.391510616536380,
-1,1,2906,Marsh,2.853161000000000,Curr,Hist salmon,10993,0.000000000000000,,10993,111846.634780773121747,175346973.513960331678391,Cloquallum Creek,37,793.260936990432128,28511.839473442261806,
-1,1,2907,Marsh,1.015740000000000,Curr,Hist salmon,11420,0.000000000000000,,11420,111846.634780773121747,175346973.513960331678391,Cloquallum Creek,37,527.280323868295000,10150.326184882604139,
-1,1,2908,Marsh,2.985729000000000,Curr,Hist salmon,11418,0.000000000000000,,11418,111846.634780773121747,175346973.513960331678391,Cloquallum Creek,37,863.845350256825782,29836.496239019499626,
-1,1,2909,Marsh,0.933166000000000,Hist,Hist salmon,11026,228.412426463308663,,11026,111846.634780773121747,175346973.513960331678391,Cloquallum Creek,37,420.429927845141663,9325.216818643475563,
-1,1,2910,Marsh,1.928818000000000,Curr,Hist salmon,11045,0.000000000000000,,11045,111846.634780773121747,175346973.513960331678391,Cloquallum Creek,37,707.855603240745154,19274.753258723416366,
-1,1,2911,Lake,11.639144999999999,Curr,Hist salmon,11052,0.000000000000000,,11052,111846.634780773121747,175346973.513960331678391,Cloquallum Creek,37,2907.343241709720587,116310.599960302497493,
-1,1,2912,Marsh,0.326407000000000,Curr,Hist salmon,23256,93.547597045311548,,23256,111846.634780773121747,175346973.513960331678391,Cloquallum Creek,37,246.850752363565050,3261.797659995590038,
-1,1,2913,Marsh,2.191148000000000,Hist,Hist salmon,9946,287.900973376315108,,9946,111846.634780773121747,175346973.513960331678391,Cloquallum Creek,37,598.994949111630604,21896.321792470189393,
-1,1,2914,Marsh,0.687352000000000,Curr,Hist salmon,11227,1473.148514289741115,,11227,111846.634780773121747,175346973.513960331678391,Cloquallum Creek,37,381.972676007829421,6868.865309411299677,
-1,1,2915,Marsh,0.074459000000000,Hist,Hist salmon,9938,0.000000000000000,,9938,111846.634780773121747,175346973.513960331678391,Cloquallum Creek,37,118.827975227379255,744.077711010079838,
-1,1,2916,Marsh,5.755905000000000,Curr,Hist salmon,11003,936.076551866291538,,11003,111846.634780773121747,175346973.513960331678391,Cloquallum Creek,37,1583.619118363448933,57520.029960699816002,
-1,1,2917,Marsh,1.051976000000000,Curr,Hist salmon,11140,0.000000000000000,,11140,111846.634780773121747,175346973.513960331678391,Cloquallum Creek,37,383.522494198322590,10512.453869302460589,
-1,1,2918,Marsh,2.170096000000000,Hist,Hist no salmon,11130,396.290434367149885,,11130,111846.634780773121747,175346973.513960331678391,Cloquallum Creek,37,657.220288939682860,21685.819696924390882,
-1,1,2919,Marsh,2.486421000000000,Hist,Hist salmon,9940,0.000000000000000,,9940,111846.634780773121747,175346973.513960331678391,Cloquallum Creek,37,895.718174477845537,24847.092821222166094,
-1,1,2920,Marsh,0.074839000000000,Hist,Hist salmon,11401,0.000000000000000,,11401,111846.634780773121747,175346973.513960331678391,Cloquallum Creek,37,101.127959188819531,747.874355757899366,
-1,1,2921,Marsh,0.586092000000000,Curr,Hist salmon,9935,0.000000000000000,,9935,111846.634780773121747,175346973.513960331678391,Cloquallum Creek,37,397.632187578176513,5856.899459919996843,
-1,1,2922,Marsh,1.703974000000000,Curr,Hist salmon,11225,1614.888439439702324,,11225,111846.634780773121747,175346973.513960331678391,Cloquallum Creek,37,594.909397123494159,17028.209704562908883,
-1,1,2923,Marsh,0.587879000000000,Curr,Hist salmon,11120,0.000000000000000,,11120,111846.634780773121747,175346973.513960331678391,Cloquallum Creek,37,275.422437521803772,5874.708292293765226,
-1,1,2924,Marsh,20.311906000000000,Curr,Hist salmon,10197,0.000000000000000,,10197,111846.634780773121747,175346973.513960331678391,Cloquallum Creek,37,2715.392582531114840,202979.173905074247159,
-1,1,2925,Marsh,2.066426000000000,Curr,Hist salmon,10584,0.000000000000000,,10584,111846.634780773121747,175346973.513960331678391,Cloquallum Creek,37,921.451280370975496,20649.960314842584921,
-1,1,2926,Marsh,0.365092000000000,Curr,Hist salmon,10589,0.000000000000000,,10589,111846.634780773121747,175346973.513960331678391,Cloquallum Creek,37,297.110736334371950,3648.384827829766436,
-1,1,2927,Marsh,1.165693000000000,Hist,Hist salmon,10332,834.671653307897145,,10332,111846.634780773121747,175346973.513960331678391,Cloquallum Creek,37,454.007957642945939,11649.052025097518708,
-1,1,2928,Marsh,13.851176000000001,Hist,Hist salmon,10332,926.030378926152139,,10332,111846.634780773121747,175346973.513960331678391,Cloquallum Creek,37,3432.083375174906905,138418.466473028878681,
-1,1,2929,Marsh,1.836099000000000,Curr,Hist salmon,11121,40.339108718001526,,11121,111846.634780773121747,175346973.513960331678391,Cloquallum Creek,37,613.076245989845802,18348.261137264889840,
-1,1,2930,Marsh,2.012119000000000,Hist,Hist salmon,10332,1433.864594190825756,,10332,111846.634780773121747,175346973.513960331678391,Cloquallum Creek,37,560.260265189845200,20107.588524475017039,
-1,1,2931,Marsh,1.643280000000000,Hist,Hist salmon,10332,1259.110465112631346,,10332,111846.634780773121747,175346973.513960331678391,Cloquallum Creek,37,697.903998644991134,16421.704056062004383,
-1,1,2932,Marsh,1.476622000000000,Hist,Hist salmon,9924,0.000000000000000,,9924,111846.634780773121747,175346973.513960331678391,Cloquallum Creek,37,498.599236354873824,14756.163283321402560,
-1,1,2933,Marsh,0.816738000000000,Hist,Hist salmon,10332,788.827564203528254,,10332,111846.634780773121747,175346973.513960331678391,Cloquallum Creek,37,391.330391516276563,8161.857091098270757,
-1,1,2934,Marsh,2.136464000000000,Curr,Hist salmon,11001,1418.784709896529421,,11001,111846.634780773121747,175346973.513960331678391,Cloquallum Creek,37,825.225764442865739,21350.176968241565191,
-1,1,2935,Marsh,1.875315000000000,Curr,Hist salmon,11001,1510.737419692150070,,11001,111846.634780773121747,175346973.513960331678391,Cloquallum Creek,37,658.286704910839489,18740.460089045867790,
-1,1,2936,Marsh,0.310154000000000,Both,Hist no salmon,10302,303.329111403123306,,10302,111846.634780773121747,175346973.513960331678391,Cloquallum Creek,37,222.111064255651485,3099.427519426116760,
-1,1,2937,Marsh,1.447639000000000,Curr,Hist salmon,11000,1593.142214956620137,,11000,111846.634780773121747,175346973.513960331678391,Cloquallum Creek,37,459.850432756273165,14466.606363581253390,
-1,1,2938,Pond,0.098748000000000,Hist,Hist no salmon,9697,506.574293189535297,,9697,111846.634780773121747,175346973.513960331678391,Cloquallum Creek,37,120.448334225050075,986.816108219589978,
-1,1,2939,Pond,0.131663000000000,Hist,Hist salmon,9903,0.000000000000000,,9903,111846.634780773121747,175346973.513960331678391,Cloquallum Creek,37,149.744003106569608,1315.744849511156190,
-1,1,2940,Marsh,0.194888000000000,Hist,Hist no salmon,8977,394.521488846979253,,8977,111846.634780773121747,175346973.513960331678391,Cloquallum Creek,37,249.953107374694582,1947.582025641035671,
-1,1,2941,Pond,0.314347000000000,Curr,Hist salmon,8965,329.624146360740951,,8965,111846.634780773121747,175346973.513960331678391,Cloquallum Creek,37,231.156604427691605,3141.383566395200432,
-1,1,2942,Pond,0.108363000000000,Curr,Hist salmon,8963,82.896418122769177,,8963,111846.634780773121747,175346973.513960331678391,Cloquallum Creek,37,128.136979275581382,1082.918496655100398,
-1,1,2943,Marsh,0.361491000000000,Curr,Hist salmon,8962,0.106646761075191,7592,8962,111846.634780773121747,175346973.513960331678391,Cloquallum Creek,37,320.151937321051207,3612.515160463266511,
-1,1,2944,Pond,0.085561000000000,Curr,Hist salmon,8955,733.808320499243791,,8955,111846.634780773121747,175346973.513960331678391,Cloquallum Creek,37,107.302668479186934,855.045859969421031,
-1,1,2945,Pond,0.392281000000000,Hist,Hist salmon,8937,51.734313857280704,,8937,72380.641822059013066,39697893.786662034690380,Mainstem: Lower Chehalis 6,62,298.815382818410512,3920.233553694591592,Yes
-1,1,2946,Pond,0.137315000000000,Hist,Hist salmon,8936,0.000000000000000,,8936,72380.641822059013066,39697893.786662034690380,Mainstem: Lower Chehalis 6,62,180.684038135909447,1372.245568951326959,Yes
-1,1,2947,Marsh,0.209471000000000,Hist,Hist salmon,8931,0.000000000000000,,8931,72380.641822059013066,39697893.786662034690380,Mainstem: Lower Chehalis 6,62,250.325405733371582,2093.336894472689437,Yes
-1,1,2948,Pond,1.687611000000000,Hist,Hist salmon,8929,0.000000000000000,,8929,72380.641822059013066,39697893.786662034690380,Mainstem: Lower Chehalis 6,62,863.436009100412662,16865.038669677564030,Yes
-1,2,2949,Pond,0.273035000000000,Hist,Hist salmon,8937,646.670891057831113,,8937,19040.385753857462987,3094903.244237953331321,Unnamed: Black Hills 2,35,195.582506277706159,2728.551158839881737,Yes
-1,1,2950,Pond,0.801725000000000,Curr,Hist salmon,8935,0.000000000000000,,8935,72380.641822059013066,39697893.786662034690380,Mainstem: Lower Chehalis 6,62,508.494449389409851,8011.969887989273047,Yes
-1,1,2951,Pond,0.720576000000000,Curr,Hist salmon,8937,0.000000000000000,,8937,72380.641822059013066,39697893.786662034690380,Mainstem: Lower Chehalis 6,62,421.553487419850967,7201.026742850922346,Yes
-1,1,2952,Pond,0.972052000000000,Hist,Hist salmon,8930,65.854862926581291,,8930,72380.641822059013066,39697893.786662034690380,Mainstem: Lower Chehalis 6,62,659.739545182797883,9714.136503555437230,Yes
-1,1,2953,Marsh,0.941024000000000,Hist,Hist salmon,8928,0.000000000000000,,8928,72380.641822059013066,39697893.786662034690380,Mainstem: Lower Chehalis 6,62,492.836637571089284,9404.058809012418351,Yes
-1,1,2954,Pond,0.084605000000000,Curr,Hist salmon,8938,0.000000000000000,,8938,72380.641822059013066,39697893.786662034690380,Mainstem: Lower Chehalis 6,62,109.411903041075334,845.489747922734750,Yes
-1,1,2955,Marsh,0.498466000000000,Hist,Hist no salmon,8939,526.126632538961530,,8939,72380.641822059013066,39697893.786662034690380,Mainstem: Lower Chehalis 6,62,426.606179926534594,4981.391141066955242,
-1,1,2956,Marsh,5.849035000000000,Hist,Hist salmon,7669,292.332396184209756,,7669,72380.641822059013066,39697893.786662034690380,Mainstem: Lower Chehalis 6,62,2709.725604147803097,58451.994349824519304,
-1,1,2957,Marsh,2.658971000000000,Hist,Hist salmon,8942,459.609917150888975,,8942,72380.641822059013066,39697893.786662034690380,Mainstem: Lower Chehalis 6,62,1235.513525144198866,26572.226565910466888,Yes
-1,1,2958,Marsh,9.248186000000000,Curr,Hist salmon,8932,0.000000000000000,,8932,72380.641822059013066,39697893.786662034690380,Mainstem: Lower Chehalis 6,62,2250.633458650087050,92421.023422521364409,Yes
-1,1,2959,Marsh,4.823339000000000,Hist,Hist salmon,9072,295.621052212635391,,9072,72380.641822059013066,39697893.786662034690380,Mainstem: Lower Chehalis 6,62,2284.674213542471534,48201.734952918915951,Yes
-1,1,2960,Pond,4.405713000000000,Curr,Hist salmon,8938,0.000000000000000,,8938,72380.641822059013066,39697893.786662034690380,Mainstem: Lower Chehalis 6,62,1859.717279088447867,44028.158868346858071,Yes
-1,1,2961,Marsh,1.778545000000000,Curr,Hist salmon,7675,565.659429660522278,,7675,72380.641822059013066,39697893.786662034690380,Mainstem: Lower Chehalis 6,62,1422.002746830682099,17773.777837554531288,Yes
-1,1,2962,Marsh,2.412130000000000,Hist,Hist salmon,7669,394.546678379506830,,7669,72380.641822059013066,39697893.786662034690380,Mainstem: Lower Chehalis 6,62,865.303032102651741,24105.477540824100288,
-1,1,2963,Marsh,1.043910000000000,Hist,Hist salmon,9073,362.345272309529832,,9073,72380.641822059013066,39697893.786662034690380,Mainstem: Lower Chehalis 6,62,1052.343916250533084,10432.257501046042307,Yes
-1,1,2964,Marsh,0.080709000000000,Curr,Hist salmon,12356,592.385434863844580,,12356,128409.154010552825639,234704536.754735738039017,Hoquiam River,44,132.185832653410699,806.606143472168469,
-1,1,2965,Marsh,0.839683000000000,Hist,Hist salmon,11169,0.000000000000000,,11169,128409.154010552825639,234704536.754735738039017,Hoquiam River,44,561.457882380162232,8392.118821186764762,
-1,1,2966,Marsh,12.324622000000000,Curr,Hist salmon,10067,0.000000000000000,,10067,128409.154010552825639,234704536.754735738039017,Hoquiam River,44,3429.357109313009460,123178.050129185168771,
-1,1,2967,Marsh,0.074249000000000,Hist,Hist no salmon,10069,521.131210486269993,,10069,128409.154010552825639,234704536.754735738039017,Hoquiam River,44,112.528993184003937,742.077110372133575,
-1,1,2968,Marsh,0.195122000000000,Curr,Hist salmon,9486,110.036730063160945,,9486,128409.154010552825639,234704536.754735738039017,Hoquiam River,44,209.048410962052458,1950.154714055744080,
-1,1,2969,Marsh,0.299724000000000,Curr,Hist salmon,9486,4.912638858778644,,9486,128409.154010552825639,234704536.754735738039017,Hoquiam River,44,259.774910749273204,2995.599083692343811,
-1,1,2970,Marsh,0.584748000000000,Hist,Hist salmon,23285,1097.635990027704793,,23285,70790.401097194917384,102524081.591505512595177,Cedar Creek,29,429.283623942459258,5843.568688885427946,
-1,1,2971,Pond,0.142378000000000,Hist,Hist no salmon,7341,1262.148615615524477,,7341,70790.401097194917384,102524081.591505512595177,Cedar Creek,29,151.923789648748084,1422.833670743331140,
-1,1,2972,Marsh,0.019191000000000,Hist,Hist no salmon,7341,1776.550102024133594,,7341,70790.401097194917384,102524081.591505512595177,Cedar Creek,29,60.973673389306462,191.782159943958533,
-1,1,2973,Marsh,1.112281000000000,Hist,Hist salmon,7327,0.000000000000000,,7327,70790.401097194917384,102524081.591505512595177,Cedar Creek,29,504.518804621520303,11115.425035361466144,
-1,1,2974,Marsh,0.069870000000000,Hist,Hist no salmon,7341,1787.802461512306763,,7341,70790.401097194917384,102524081.591505512595177,Cedar Creek,29,101.149171531031214,698.235294449294088,
-1,1,2975,Marsh,7.302045000000000,Hist,Hist salmon,23285,226.460465711137687,,23285,70790.401097194917384,102524081.591505512595177,Cedar Creek,29,2398.413164325094385,72971.714440106370603,
-1,1,2976,Marsh,0.131929000000000,Curr,Hist no salmon,7341,1801.934709497898439,,7341,70790.401097194917384,102524081.591505512595177,Cedar Creek,29,147.705044837255969,1318.412083261615635,
-1,1,2977,Marsh,0.400115000000000,Hist,Hist salmon,23285,1315.873536495630560,,23285,70790.401097194917384,102524081.591505512595177,Cedar Creek,29,249.387487643294918,3998.468961235651932,
-1,1,2978,Marsh,0.489766000000000,Hist,Hist salmon,23285,105.042114855451089,,23285,70790.401097194917384,102524081.591505512595177,Cedar Creek,29,323.229256106411242,4894.394648484639220,
-1,1,2979,Marsh,0.537393000000000,Hist,Hist salmon,23285,268.265006421005523,,23285,70790.401097194917384,102524081.591505512595177,Cedar Creek,29,374.329433107733507,5370.344635286679477,
-1,1,2980,Marsh,3.973577000000000,Hist,Hist salmon,23282,0.000000000000000,,23282,70790.401097194917384,102524081.591505512595177,Cedar Creek,29,1684.810675783123543,39709.308343577191408,
-1,1,2981,Marsh,1.468853000000000,Hist,Hist salmon,23281,0.000000000000000,,23281,70790.401097194917384,102524081.591505512595177,Cedar Creek,29,536.713929994249952,14678.757363276854448,
-1,1,2982,Marsh,0.134515000000000,Hist,Hist salmon,6585,0.000000000000000,,6585,70790.401097194917384,102524081.591505512595177,Cedar Creek,29,193.725580050213978,1344.286738460693186,
-1,1,2983,Marsh,1.911899000000000,Curr,Hist salmon,6435,392.727226880812282,,6435,70790.401097194917384,102524081.591505512595177,Cedar Creek,29,573.941957262122969,19106.693346025200299,
-1,1,2984,Marsh,0.309542000000000,Curr,Hist salmon,6646,413.685252287704884,,6646,70790.401097194917384,102524081.591505512595177,Cedar Creek,29,243.336866503397232,3093.432404177109674,
-1,1,2985,Marsh,0.326581000000000,Hist,Hist salmon,6838,326.504954226920745,,6838,70790.401097194917384,102524081.591505512595177,Cedar Creek,29,377.384448976175065,3263.673951052275243,
-1,1,2986,Marsh,0.105324000000000,Curr,Hist salmon,6829,0.000000000000000,,6829,70790.401097194917384,102524081.591505512595177,Cedar Creek,29,136.488367380899092,1052.553644141458562,
-1,1,2987,Marsh,0.081837000000000,Hist,Hist salmon,6538,266.055139300058670,,6538,70790.401097194917384,102524081.591505512595177,Cedar Creek,29,112.501323111673230,817.844349961836883,
-1,1,2988,Marsh,0.196688000000000,Curr,Hist salmon,6652,399.752339199379151,,6652,70790.401097194917384,102524081.591505512595177,Cedar Creek,29,241.720145987412678,1965.608650929275200,
-1,1,2989,Marsh,0.144071000000000,Hist,Hist no salmon,6504,636.918860140158358,,6504,70790.401097194917384,102524081.591505512595177,Cedar Creek,29,199.253331191165103,1439.773994209850343,
-1,1,2990,Marsh,0.101200000000000,Hist,Hist salmon,6832,0.000000000000000,,6832,70790.401097194917384,102524081.591505512595177,Cedar Creek,29,161.675371378364076,1011.334804340348342,
-1,1,2991,Marsh,0.391121000000000,Curr,Hist no salmon,6406,755.762394141536220,,6406,70790.401097194917384,102524081.591505512595177,Cedar Creek,29,312.065848921385452,3908.677840298340016,
-1,1,2992,Marsh,0.403837000000000,Curr,Hist salmon,6841,0.000000000000000,,6841,70790.401097194917384,102524081.591505512595177,Cedar Creek,29,382.517304525451380,4035.746547748155990,
-1,1,2993,Marsh,14.302156999999999,Curr,Hist no salmon,7127,5586.327348799437459,,7127,378317.145195854303893,263575921.850556135177612,Lower Chehalis Estuary,50,2441.718945099067696,142953.340946951590013,
-1,1,2994,Pond,0.150503000000000,Hist,Hist no salmon,7127,5623.083478714170269,,7127,378317.145195854303893,263575921.850556135177612,Lower Chehalis Estuary,50,168.556517147448034,1504.316055929100912,
-1,1,2995,Marsh,0.179658000000000,Both,Hist salmon,21987,0.000000000000000,,21987,49308.557195515604690,47291303.365128621459007,Elk River,47,211.498642348258329,1795.658900187105246,
-1,1,2996,Marsh,0.131485000000000,Both,Hist salmon,21988,0.000000000000000,,21988,49308.557195515604690,47291303.365128621459007,Elk River,47,180.324713144163553,1314.176981157473392,
-1,1,2997,Marsh,0.495515000000000,Both,Hist salmon,21988,0.000000000000000,,21988,49308.557195515604690,47291303.365128621459007,Elk River,47,391.646940681981960,4952.603794982491308,
-1,1,2998,Pond,1.072257000000000,Hist,Hist no salmon,21810,3071.387789605041689,,21810,378317.145195854303893,263575921.850556135177612,Lower Chehalis Estuary,50,757.366398207809880,10717.500942934479099,
-1,1,2999,Marsh,1.002562000000000,Hist,Hist salmon,21796,629.375175106722850,,21796,378317.145195854303893,263575921.850556135177612,Lower Chehalis Estuary,50,395.847103517297342,10020.735207696287034,
-1,1,3000,Marsh,0.990634000000000,Hist,Hist salmon,21810,1897.309270777611346,,21810,378317.145195854303893,263575921.850556135177612,Lower Chehalis Estuary,50,647.232754200719910,9901.594949260264912,
-1,1,3001,Marsh,1.076920000000000,Hist,Curr degradeH,21810,1662.994356468444948,,21810,378317.145195854303893,263575921.850556135177612,Lower Chehalis Estuary,50,808.556470717791512,10764.066867278812424,
-1,1,3002,Marsh,35.297116000000003,Hist,Curr degradeH,21810,1546.667429495387751,,21810,378317.145195854303893,263575921.850556135177612,Lower Chehalis Estuary,50,2651.251611832848994,352803.357597552298103,
-1,1,3003,Pond,0.174631000000000,Both,Hist no salmon,22019,255.554407188295698,,22019,49308.557195515604690,47291303.365128621459007,Elk River,47,218.494999880585169,1745.423621556248918,
-1,1,3004,Pond,0.171452000000000,Both,Hist salmon,22018,4.851038386843326,,22018,49308.557195515604690,47291303.365128621459007,Elk River,47,162.582489165360414,1713.654097846347668,
-1,1,3005,Marsh,0.265150000000000,Curr,Hist salmon,7422,49.472204911657599,,7422,72380.641822059013066,39697893.786662034690380,Mainstem: Lower Chehalis 6,62,310.298265873097023,2649.770662847281528,
-1,1,3006,Marsh,2.332628000000000,Hist,Hist no salmon,6968,2060.369069904738808,,6968,39771.791102286122623,24612682.804720312356949,Unnamed: Black Hills 4,30,773.242126299317988,23310.950844184688322,
-1,2,3007,Marsh,0.580748000000000,Both,Hist no salmon,7435,1359.630302542326490,,7435,28374.023442190664355,12235680.236594472080469,Unnamed: Central Lowlands 3,31,322.923603436901828,5803.722611369351398,
-1,1,3008,Marsh,0.500990000000000,Hist,Hist salmon,7367,913.734792636058728,,7367,25489.615299052060436,11565107.814306572079659,Mainstem: Lower Chehalis 5,61,342.539902239033950,5006.661397782231688,Yes
-1,2,3009,Marsh,0.070717000000000,Curr,Hist salmon,7364,281.582564660085552,,7364,39771.791102286122623,24612682.804720312356949,Unnamed: Black Hills 4,30,125.593972559123614,706.714394952360067,Yes
-1,1,3010,Marsh,0.577808000000000,Hist,Hist salmon,7367,1107.733397772907892,,7367,25489.615299052060436,11565107.814306572079659,Mainstem: Lower Chehalis 5,61,443.307089654154652,5774.346612549568817,Yes
-1,1,3011,Marsh,0.125246000000000,Curr,Hist salmon,7366,469.054894305109997,,7366,25489.615299052060436,11565107.814306572079659,Mainstem: Lower Chehalis 5,61,166.782327312267512,1251.652596307907061,Yes
-1,1,3012,Marsh,0.057697000000000,Both,Hist no salmon,7368,1406.258769004733495,,7368,25489.615299052060436,11565107.814306572079659,Mainstem: Lower Chehalis 5,61,90.692310828765557,576.594454897761125,
-1,1,3013,Marsh,0.371718000000000,Hist,Hist no salmon,6876,995.164210677327105,,6876,25489.615299052060436,11565107.814306572079659,Mainstem: Lower Chehalis 5,61,441.445682492510173,3714.787934058458632,
-1,1,3014,Marsh,6.808610000000000,Curr,Hist salmon,10099,258.980646269620138,,10099,43165.804896704394196,40547067.944952234625816,Unnamed: Black Hills 1,38,2566.655556157313640,68040.621552240045276,
-1,1,3015,Marsh,5.813577000000000,Curr,Hist salmon,20432,706.890540687552971,,20432,43165.804896704394196,40547067.944952234625816,Unnamed: Black Hills 1,38,1873.547830542923975,58097.084802766948997,
-1,1,3016,Marsh,0.467323000000000,Hist,Hist salmon,20074,918.585252616607704,,20074,43165.804896704394196,40547067.944952234625816,Unnamed: Black Hills 1,38,276.755591127662626,4670.107973056122319,
-1,1,3017,Marsh,0.772806000000000,Curr,Hist salmon,10105,512.102403931130084,,10105,43165.804896704394196,40547067.944952234625816,Unnamed: Black Hills 1,38,390.110994504928954,7722.881413589309886,
-1,1,3018,Marsh,1.573404000000000,Hist,Hist salmon,9266,0.000000000000000,,9266,43165.804896704394196,40547067.944952234625816,Unnamed: Black Hills 1,38,677.838017613644865,15723.605305079905520,
-1,1,3019,Marsh,3.135648000000000,Curr,Hist salmon,9259,0.000000000000000,,9259,43165.804896704394196,40547067.944952234625816,Unnamed: Black Hills 1,38,1317.695693114097367,31335.781891690086923,
-1,2,3020,Pond,0.075998000000000,Hist,Hist salmon,9282,192.955900802065770,,9282,43165.804896704394196,40547067.944952234625816,Unnamed: Black Hills 1,38,120.045771853076985,759.473013156194042,
-1,1,3021,Pond,0.054308000000000,Hist,Hist salmon,9282,101.318309937377094,,9282,72380.641822059013066,39697893.786662034690380,Mainstem: Lower Chehalis 6,62,85.116914462718753,542.719266956756087,
-1,1,3022,Pond,0.034461000000000,Curr,Curr degrade,9282,8.577864838588884,,9282,72380.641822059013066,39697893.786662034690380,Mainstem: Lower Chehalis 6,62,68.243292850854942,344.378755668071790,
-1,1,3023,Pond,0.052761000000000,Curr,Hist salmon,9202,374.890181984113667,,9202,72380.641822059013066,39697893.786662034690380,Mainstem: Lower Chehalis 6,62,99.410231603418950,527.265905353117205,
-1,1,3024,Pond,0.032005000000000,Curr,Hist no salmon,9236,21.855112853643469,,9236,72380.641822059013066,39697893.786662034690380,Mainstem: Lower Chehalis 6,62,75.485630076454527,319.843155273054833,
-1,1,3025,Pond,0.052885000000000,Curr,Hist no salmon,9236,25.063919805786135,,9236,72380.641822059013066,39697893.786662034690380,Mainstem: Lower Chehalis 6,62,106.714542920022609,528.500007544656683,
-1,1,3026,Pond,0.055002000000000,Curr,Hist no salmon,9236,23.935553022885426,,9236,72380.641822059013066,39697893.786662034690380,Mainstem: Lower Chehalis 6,62,119.580162746796603,549.655260247634601,
-1,1,3027,Pond,0.137812000000000,Curr,Hist no salmon,9237,24.995879511541478,,9237,72380.641822059013066,39697893.786662034690380,Mainstem: Lower Chehalis 6,62,149.925790921627737,1377.210289807542495,
-1,1,3028,Pond,0.066691000000000,Curr,Hist no salmon,9237,24.604811656348254,,9237,72380.641822059013066,39697893.786662034690380,Mainstem: Lower Chehalis 6,62,121.844788699779002,666.473879714471877,
-1,1,3029,Pond,0.527153000000000,Curr,Hist no salmon,9238,22.957660832485541,,9238,72380.641822059013066,39697893.786662034690380,Mainstem: Lower Chehalis 6,62,423.724605102301098,5268.083283292520719,
-1,1,3030,Pond,0.026208000000000,Hist,Hist no salmon,9274,229.772853710646075,,9274,72380.641822059013066,39697893.786662034690380,Mainstem: Lower Chehalis 6,62,62.772501815128031,261.904855451795697,
-1,1,3031,Marsh,2.774776000000000,Hist,Hist salmon,9241,731.247084769223306,,9241,72380.641822059013066,39697893.786662034690380,Mainstem: Lower Chehalis 6,62,839.141782682039320,27729.683813139487029,
-1,1,3032,Pond,0.128435000000000,Curr,Hist salmon,20774,450.135175920337190,,20774,72380.641822059013066,39697893.786662034690380,Mainstem: Lower Chehalis 6,62,161.293942116184496,1283.512179094415160,
-1,1,3033,Marsh,2.040781000000000,Curr,Hist salmon,8841,91.696331272747372,,8841,72380.641822059013066,39697893.786662034690380,Mainstem: Lower Chehalis 6,62,1240.597130221076895,20394.464720989490161,
-1,1,3034,Marsh,0.623030000000000,Curr,Hist salmon,8841,432.527173287058474,,8841,72380.641822059013066,39697893.786662034690380,Mainstem: Lower Chehalis 6,62,686.028622312736388,6226.217279209037770,
-1,1,3035,Marsh,0.124462000000000,Hist,Hist no salmon,20060,258.345081412752450,,20060,72380.641822059013066,39697893.786662034690380,Mainstem: Lower Chehalis 6,62,147.151393081591380,1243.812701048820600,
-1,1,3036,Pond,0.149673000000000,Hist,Hist no salmon,9196,767.000173647712359,,9196,72380.641822059013066,39697893.786662034690380,Mainstem: Lower Chehalis 6,62,184.395789840621802,1495.758967018269459,
-1,1,3037,Marsh,0.267907000000000,Hist,Hist no salmon,9197,578.974029429485768,,9197,72380.641822059013066,39697893.786662034690380,Mainstem: Lower Chehalis 6,62,343.221309094851676,2677.329992400406354,
-1,1,3038,Marsh,1.109161000000000,Hist,Hist salmon,8547,215.450401360683799,,8547,72380.641822059013066,39697893.786662034690380,Mainstem: Lower Chehalis 6,62,596.703156589936953,11084.421811592459562,
-1,1,3039,Marsh,0.577450000000000,Curr,Hist salmon,9025,458.435637220428816,,9025,72380.641822059013066,39697893.786662034690380,Mainstem: Lower Chehalis 6,62,324.542330706443749,5770.727435753904501,
-1,1,3040,Marsh,0.370534000000000,Hist,Hist salmon,7475,89.904192694767588,,7475,72380.641822059013066,39697893.786662034690380,Mainstem: Lower Chehalis 6,62,434.889326048470195,3702.934675426086869,
-1,1,3041,Marsh,4.291304000000000,Curr,Hist salmon,9068,203.227547359993054,,9068,72380.641822059013066,39697893.786662034690380,Mainstem: Lower Chehalis 6,62,1988.561104305337494,42884.999308117367036,Yes
-1,1,3042,Pond,0.527392000000000,Hist,Hist salmon,9067,178.465205783731562,,9067,72380.641822059013066,39697893.786662034690380,Mainstem: Lower Chehalis 6,62,617.572863540304979,5270.467274188438751,
-1,1,3043,Pond,0.673286000000000,Curr,Hist salmon,8842,207.210507486354032,,8842,72380.641822059013066,39697893.786662034690380,Mainstem: Lower Chehalis 6,62,729.872942282169220,6728.467398688110734,
-1,1,3044,Marsh,0.439693000000000,Curr,Hist salmon,8835,297.687952306952184,,8835,72380.641822059013066,39697893.786662034690380,Mainstem: Lower Chehalis 6,62,398.610115423273839,4394.071919776427421,
-1,1,3045,Pond,0.126048000000000,Curr,Hist salmon,8544,185.757747312485463,,8544,61832.701814796862891,85343223.067351639270782,Unnamed: Central Lowlands 2,36,138.030140002200255,1259.659851020958513,
-1,1,3046,Marsh,1.017214000000000,Hist,Hist salmon,7674,167.785275924905392,,7674,72380.641822059013066,39697893.786662034690380,Mainstem: Lower Chehalis 6,62,508.914276570574771,10165.497055786063356,Yes
-1,1,3047,Marsh,0.361166000000000,Hist,Hist salmon,7678,605.312839020558272,,7678,72380.641822059013066,39697893.786662034690380,Mainstem: Lower Chehalis 6,62,346.495533708086498,3609.298428146187234,
-1,1,3048,Marsh,0.241034000000000,Curr,Hist salmon,7500,92.321626739782545,,7500,61832.701814796862891,85343223.067351639270782,Unnamed: Central Lowlands 2,36,235.146905654594860,2408.792425401583841,
-1,1,3049,Marsh,0.444346000000000,Hist,Hist salmon,7675,316.766008124669895,,7675,72380.641822059013066,39697893.786662034690380,Mainstem: Lower Chehalis 6,62,281.347054988643265,4440.555446034219131,Yes
-1,1,3050,Marsh,0.343935000000000,Curr,Hist salmon,7505,40.409510651490329,,7505,61832.701814796862891,85343223.067351639270782,Unnamed: Central Lowlands 2,36,297.997011524912523,3437.141872864026482,
-1,1,3051,Marsh,0.169727000000000,Curr,Hist salmon,7525,1289.841598925094786,,7525,61832.701814796862891,85343223.067351639270782,Unnamed: Central Lowlands 2,36,180.820975761391736,1696.201940351361145,
-1,1,3052,Marsh,0.634841000000000,Hist,Hist salmon,7692,253.499609495454024,,7692,72380.641822059013066,39697893.786662034690380,Mainstem: Lower Chehalis 6,62,418.200576417199670,6344.269492482424539,Yes
-1,1,3053,Marsh,0.057697000000000,Curr,Hist salmon,7520,1644.042460795154057,,7520,61832.701814796862891,85343223.067351639270782,Unnamed: Central Lowlands 2,36,98.491708973141115,576.605799796243900,
-1,1,3054,Pond,0.085534000000000,Curr,Hist salmon,7519,1634.737453683162130,,7519,61832.701814796862891,85343223.067351639270782,Unnamed: Central Lowlands 2,36,116.809336148741977,854.794338143190998,
-1,1,3055,Marsh,0.666655000000000,Curr,Hist salmon,8121,1389.602437672831911,,8121,61832.701814796862891,85343223.067351639270782,Unnamed: Central Lowlands 2,36,734.782559323351052,6662.326201450477129,
-1,1,3056,Marsh,0.704860000000000,Curr,Hist salmon,7506,103.754197974918995,,7506,61832.701814796862891,85343223.067351639270782,Unnamed: Central Lowlands 2,36,346.006646338629253,7044.082679783673484,
-1,1,3057,Pond,0.148359000000000,Curr,Hist salmon,7684,147.811034456474943,,7684,72380.641822059013066,39697893.786662034690380,Mainstem: Lower Chehalis 6,62,158.005167421686167,1482.627015255292008,Yes
-1,1,3058,Marsh,0.191655000000000,Curr,Hist no salmon,7535,625.527308032495398,,7535,61832.701814796862891,85343223.067351639270782,Unnamed: Central Lowlands 2,36,161.829250563639931,1915.341730748701139,
-1,1,3059,Pond,1.079134000000000,Hist,Hist no salmon,7699,668.445209325008591,,7699,72380.641822059013066,39697893.786662034690380,Mainstem: Lower Chehalis 6,62,407.209282969452147,10784.320841213866515,
-1,1,3060,Pond,0.363232000000000,Hist,Hist no salmon,7652,636.754524305986479,,7652,72380.641822059013066,39697893.786662034690380,Mainstem: Lower Chehalis 6,62,258.638996481480660,3629.956844959467162,
-1,1,3061,Pond,0.105213000000000,Hist,Hist salmon,23106,374.801877970047769,,23106,72380.641822059013066,39697893.786662034690380,Mainstem: Lower Chehalis 6,62,162.625965392139989,1051.444744826296301,
-1,2,3062,Marsh,3.608712000000000,Curr,Hist salmon,7653,665.067575274577734,,7653,61832.701814796862891,85343223.067351639270782,Unnamed: Central Lowlands 2,36,902.446996609473103,36063.692336768115638,
-1,1,3063,Pond,8.346322000000001,Hist,Hist salmon,8803,118.816458739929715,,8803,64500.793559666235524,70730227.349633023142815,Mox Chehalis Creek,34,1452.252493247343182,83406.156526882768958,
-1,1,3064,Marsh,2.084590000000000,Hist,Hist salmon,10400,823.799221947338310,,10400,64500.793559666235524,70730227.349633023142815,Mox Chehalis Creek,34,590.664030605110838,20831.461811791657965,
-1,1,3065,Marsh,3.407286000000000,Curr,Hist salmon,10400,0.090572948509129,,10400,64500.793559666235524,70730227.349633023142815,Mox Chehalis Creek,34,1845.919677966209974,34049.291054480207094,
-1,1,3066,Marsh,1.429402000000000,Hist,Hist salmon,10393,0.000000000000000,,10393,64500.793559666235524,70730227.349633023142815,Mox Chehalis Creek,34,730.515869278481659,14284.161690093615107,
-1,1,3067,Marsh,1.092144000000000,Hist,Hist salmon,10572,18.174998200836718,,10572,111846.634780773121747,175346973.513960331678391,Cloquallum Creek,37,420.277358252056160,10913.908572835618543,
-1,1,3068,Marsh,3.748935000000000,Hist,Hist salmon,8809,347.220546101920377,,8809,64500.793559666235524,70730227.349633023142815,Mox Chehalis Creek,34,858.297324873084108,37463.633381599574932,
-1,1,3069,Pond,0.395605000000000,Hist,Hist salmon,10388,11.563705955258726,,10388,64500.793559666235524,70730227.349633023142815,Mox Chehalis Creek,34,316.245446709906844,3953.332625206279317,
-1,1,3070,Marsh,0.186411000000000,Curr,Hist salmon,8797,365.159697608092245,,8797,64500.793559666235524,70730227.349633023142815,Mox Chehalis Creek,34,180.122551593084182,1862.846142993487319,
-1,1,3071,Marsh,1.880942000000000,Curr,Hist no salmon,8805,250.524266138969637,,8805,64500.793559666235524,70730227.349633023142815,Mox Chehalis Creek,34,520.463886464536699,18796.567403008117253,
-1,1,3072,Marsh,2.661661000000000,Curr,Hist salmon,8801,0.000000000000000,,8801,64500.793559666235524,70730227.349633023142815,Mox Chehalis Creek,34,1123.126377315051286,26598.437360418709432,
-1,1,3073,Marsh,1.661384000000000,Hist,Hist salmon,9148,492.322383350504822,,9148,64500.793559666235524,70730227.349633023142815,Mox Chehalis Creek,34,468.840319232003310,16602.683638449576392,
-1,1,3074,Pond,1.081386000000000,Hist,Hist salmon,20089,159.868612797317724,,20089,64500.793559666235524,70730227.349633023142815,Mox Chehalis Creek,34,404.182081918257950,10806.568294116324978,
-1,1,3075,Marsh,0.071774000000000,Hist,Hist salmon,8081,409.007333027160030,,8081,64500.793559666235524,70730227.349633023142815,Mox Chehalis Creek,34,118.762247666429261,717.264931795065650,
-1,1,3076,Marsh,0.071008000000000,Curr,Hist salmon,8081,465.302538948999768,,8081,64500.793559666235524,70730227.349633023142815,Mox Chehalis Creek,34,116.094339224687857,709.611815146249000,
-1,1,3077,Marsh,0.024390000000000,Curr,Hist salmon,8081,99.224514048618374,,8081,64500.793559666235524,70730227.349633023142815,Mox Chehalis Creek,34,72.572643160261919,243.743971101164476,
-1,1,3078,Pond,1.053522000000000,Curr,Hist salmon,7806,152.196503308903118,,7806,64500.793559666235524,70730227.349633023142815,Mox Chehalis Creek,34,569.320493992151910,10528.252137067544027,
-1,1,3079,Marsh,1.726686000000000,Hist,Hist salmon,7811,52.960845052484601,,7811,64500.793559666235524,70730227.349633023142815,Mox Chehalis Creek,34,628.896662927328634,17255.466287437666324,
-1,1,3080,Marsh,0.518962000000000,Curr,Hist no salmon,10384,1857.902283552131848,,10384,67829.617527592563420,102901766.598401084542274,Porter Creek,32,281.551262853077162,5186.077422932316949,
-1,1,3081,Marsh,0.201546000000000,Hist,Hist no salmon,20424,1891.216406250525097,,20424,67829.617527592563420,102901766.598401084542274,Porter Creek,32,199.053451184295398,2014.082670573283622,
-1,1,3082,Marsh,0.211932000000000,Hist,Hist no salmon,20424,1566.845194665190320,,20424,67829.617527592563420,102901766.598401084542274,Porter Creek,32,237.759894420419698,2117.866626473085034,
-1,1,3083,Marsh,0.058884000000000,Hist,Hist no salmon,20424,1706.976919285281838,,20424,67829.617527592563420,102901766.598401084542274,Porter Creek,32,92.684626067458751,588.435454867833528,
-1,1,3084,Marsh,1.011584000000000,Hist,Hist no salmon,20424,2668.113900475742412,,20424,67829.617527592563420,102901766.598401084542274,Porter Creek,32,616.279321476543828,10108.940239485786151,
-1,1,3085,Marsh,0.127631000000000,Curr,Hist salmon,8645,3160.010132114268799,,8645,67829.617527592563420,102901766.598401084542274,Porter Creek,32,151.025440414468335,1275.440844408111161,
-1,1,3086,Marsh,0.133033000000000,Curr,Hist salmon,8645,3158.827064183578386,,8645,67829.617527592563420,102901766.598401084542274,Porter Creek,32,148.195680762237970,1329.427281368432205,
-1,1,3087,Marsh,0.570030000000000,Curr,Hist salmon,8645,3114.142295989795457,,8645,67829.617527592563420,102901766.598401084542274,Porter Creek,32,317.935895142899312,5696.420671609191231,
-1,1,3088,Marsh,0.940009000000000,Hist,Hist salmon,20087,2733.308288020903547,,20087,67829.617527592563420,102901766.598401084542274,Porter Creek,32,455.998364813677256,9393.697658145852984,
-1,1,3089,Marsh,0.077878000000000,Curr,Hist no salmon,20424,1664.040409121955918,,20424,67829.617527592563420,102901766.598401084542274,Porter Creek,32,108.375426626791693,778.248190208953815,
-1,1,3090,Marsh,0.091267000000000,Curr,Hist salmon,10384,2458.470764239425989,,10384,67829.617527592563420,102901766.598401084542274,Porter Creek,32,115.926842504545050,912.048158915586441,
-1,1,3091,Marsh,0.272096000000000,Hist,Hist no salmon,20424,2490.315362517139420,,20424,67829.617527592563420,102901766.598401084542274,Porter Creek,32,213.814925739022414,2719.096729271770528,
-1,1,3092,Marsh,0.686479000000000,Curr,Hist salmon,8656,1481.568214906419144,,8656,67829.617527592563420,102901766.598401084542274,Porter Creek,32,495.847039341941183,6860.104410362201634,
-1,1,3093,Marsh,0.057142000000000,Curr,Hist no salmon,8656,2040.379016013287128,,8656,67829.617527592563420,102901766.598401084542274,Porter Creek,32,87.095874161483380,571.032004652177307,
-1,1,3094,Marsh,0.546640000000000,Curr,Hist salmon,8656,1320.732493402535283,,8656,67829.617527592563420,102901766.598401084542274,Porter Creek,32,315.370977312800221,5462.670480411104108,
-1,1,3095,Marsh,0.524754000000000,Curr,Hist salmon,8584,1632.285360042369348,,8584,67829.617527592563420,102901766.598401084542274,Porter Creek,32,370.222776627905318,5243.968876175932564,
-1,1,3096,Marsh,0.280890000000000,Curr,Hist salmon,8584,1489.554390909276890,,8584,67829.617527592563420,102901766.598401084542274,Porter Creek,32,206.193695518330543,2806.991643516968907,
-1,1,3097,Marsh,0.058162000000000,Curr,Hist salmon,8584,1594.142435741936197,,8584,67829.617527592563420,102901766.598401084542274,Porter Creek,32,93.945950458836464,581.222957512650396,
-1,1,3098,Marsh,0.052970000000000,Both,Hist no salmon,8651,1074.527119474434357,,8651,67829.617527592563420,102901766.598401084542274,Porter Creek,32,95.666916805818232,529.342528617927201,
-1,1,3099,Marsh,0.423281000000000,Curr,Hist salmon,8631,1214.578411214956304,,8631,67829.617527592563420,102901766.598401084542274,Porter Creek,32,249.666090809631100,4229.945025573691964,
-1,1,3100,Marsh,0.062764000000000,Hist,Hist salmon,8632,1509.401430083266177,,8632,67829.617527592563420,102901766.598401084542274,Porter Creek,32,100.772153304070230,627.212529531615814,
-1,1,3101,Marsh,0.189987000000000,Curr,Hist salmon,8656,1195.439728424170198,,8656,67829.617527592563420,102901766.598401084542274,Porter Creek,32,201.897901251429346,1898.575744897007780,
-1,1,3102,Marsh,0.202215000000000,Curr,Hist no salmon,8584,1338.462143005605412,,8584,67829.617527592563420,102901766.598401084542274,Porter Creek,32,165.744866463743136,2020.776740575586018,
-1,1,3103,Marsh,1.102474000000000,Curr,Hist no salmon,7577,285.432037918712012,,7577,67829.617527592563420,102901766.598401084542274,Porter Creek,32,468.977803951017449,11017.391961158386039,
-1,1,3104,Marsh,0.067799000000000,Curr,Hist salmon,20075,373.788933673673512,,20075,67829.617527592563420,102901766.598401084542274,Porter Creek,32,108.981274820028659,677.533374624190401,
-1,1,3105,Marsh,0.051809000000000,Curr,Hist salmon,7570,162.847171248184992,,7570,67829.617527592563420,102901766.598401084542274,Porter Creek,32,101.796242688528949,517.745535791862721,
-1,1,3106,Marsh,0.045104000000000,Curr,Hist no salmon,8201,1772.348904725679404,,8201,67829.617527592563420,102901766.598401084542274,Porter Creek,32,84.453180295197072,450.745045154741263,
-1,1,3107,Marsh,0.584162000000000,Curr,Hist no salmon,8201,841.028600729506138,,8201,67829.617527592563420,102901766.598401084542274,Porter Creek,32,352.561624808493150,5837.739422511598605,
-1,1,3108,Marsh,1.222553000000000,Curr,Hist no salmon,8365,877.922301516509947,,8365,67829.617527592563420,102901766.598401084542274,Porter Creek,32,561.954080351590278,12217.410823780221108,
-1,1,3109,Marsh,0.983324000000000,Curr,Hist no salmon,8201,2083.584969062855180,,8201,67829.617527592563420,102901766.598401084542274,Porter Creek,32,567.829647173619719,9826.723453387428890,
-1,1,3110,Marsh,0.629418000000000,Curr,Hist no salmon,7341,1732.214816883219328,,7341,67829.617527592563420,102901766.598401084542274,Porter Creek,32,380.417750331355421,6290.009084829424864,
-1,1,3111,Pond,0.088896000000000,Hist,Hist no salmon,8365,2291.891518123908099,,8365,67829.617527592563420,102901766.598401084542274,Porter Creek,32,111.804548105760986,888.373387889252399,
-1,1,3112,Marsh,0.067313000000000,Curr,Hist salmon,7458,233.725339349221400,,7458,67829.617527592563420,102901766.598401084542274,Porter Creek,32,100.730670066404855,672.686229669907107,
-1,1,3113,Pond,0.016241000000000,Curr,Hist no salmon,9012,173.076995371867611,,9012,48290.055449476276408,24797583.336042989045382,Mainstem: Lower Chehalis 7,63,48.095272051175264,162.304442236889145,
-1,2,3114,Marsh,0.059891000000000,Curr,Hist no salmon,8994,290.827317559675180,,8994,33178.258786570047960,19447172.728330697864294,Unnamed: Olympic Mountains 1,41,95.608980505824178,598.526050786091673,
-1,1,3115,Marsh,0.650428000000000,Curr,Hist salmon,8539,49.447303666766906,,8539,33178.258786570047960,19447172.728330697864294,Unnamed: Olympic Mountains 1,41,377.651852446779799,6500.163115101850053,
-1,1,3116,Pond,0.117830000000000,Curr,Hist no salmon,8538,625.565488610656871,,8538,33178.258786570047960,19447172.728330697864294,Unnamed: Olympic Mountains 1,41,229.137467551858805,1177.556103644393943,
-1,1,3117,Pond,0.376891000000000,Hist,Hist salmon,8539,0.000000000000000,,8539,33178.258786570047960,19447172.728330697864294,Unnamed: Olympic Mountains 1,41,336.677894125029411,3766.526494075586470,
-1,1,3118,Marsh,0.375676000000000,Hist,Hist salmon,8469,204.109848685617209,,8469,48290.055449476276408,24797583.336042989045382,Mainstem: Lower Chehalis 7,63,369.864441604346894,3754.369825167479576,Yes
-1,1,3119,Marsh,5.512753000000000,Hist,Hist salmon,8480,78.866939081192442,,8480,48290.055449476276408,24797583.336042989045382,Mainstem: Lower Chehalis 7,63,1079.266648550073114,55093.005266350301099,
-1,1,3120,Marsh,4.169331000000000,Curr,Hist salmon,8888,214.078760788299775,,8888,48290.055449476276408,24797583.336042989045382,Mainstem: Lower Chehalis 7,63,828.301095553347523,41667.344268590997672,
-1,1,3121,Marsh,0.648489000000000,Curr,Hist salmon,8533,0.000000000000000,,8533,48290.055449476276408,24797583.336042989045382,Mainstem: Lower Chehalis 7,63,362.585978422509584,6480.813982868147832,Yes
-1,1,3122,Marsh,0.252305000000000,Both,Hist salmon,8357,196.303203141081440,,8357,48290.055449476276408,24797583.336042989045382,Mainstem: Lower Chehalis 7,63,447.255668441098408,2521.476701632817367,Yes
-1,1,3123,Slough,0.601941000000000,Both,Hist salmon,8353,115.475464939814842,,8353,48290.055449476276408,24797583.336042989045382,Mainstem: Lower Chehalis 7,63,733.151780227609265,6015.633787964946350,Yes
-1,1,3124,Slough,1.435924000000000,Both,Hist salmon,8434,0.000000000000000,,8434,48290.055449476276408,24797583.336042989045382,Mainstem: Lower Chehalis 7,63,3005.640133474195864,14350.192293317160875,Yes
-1,1,3125,Marsh,0.947860000000000,Hist,Hist salmon,8525,40.395932962224130,,8525,48290.055449476276408,24797583.336042989045382,Mainstem: Lower Chehalis 7,63,509.194841970073981,9472.669950843332117,
-1,1,3126,Marsh,1.028804000000000,Hist,Hist salmon,8469,404.424461759282394,,8469,48290.055449476276408,24797583.336042989045382,Mainstem: Lower Chehalis 7,63,537.365946643562438,10281.503174903606123,Yes
-1,2,3127,Pond,1.074904000000000,Hist,Hist salmon,8111,0.000000000000000,,8111,45069.293017475247325,21179643.557440347969532,Unnamed: Central Lowlands 1,39,469.966380187389177,10742.234103669958131,
-1,2,3128,Pond,1.130503000000000,Hist,Hist salmon,8112,0.000000000000000,,8112,45069.293017475247325,21179643.557440347969532,Unnamed: Central Lowlands 1,39,755.179230938722412,11297.870863297386677,
-1,1,3129,Marsh,0.385071000000000,Both,Hist salmon,8124,55.964139301446551,,8124,48290.055449476276408,24797583.336042989045382,Mainstem: Lower Chehalis 7,63,254.032776688452373,3848.272252450593442,Yes
-1,1,3130,Marsh,4.132295000000000,Hist,Hist no salmon,9107,114.892386353962294,,9107,67420.654691214382183,87038278.247085735201836,Upper Chehalis Estuary,49,832.042652728779558,41298.372135238998453,
-1,1,3131,Marsh,2.627804000000000,Curr,Hist salmon,8407,0.000000000000000,,8407,67420.654691214382183,87038278.247085735201836,Upper Chehalis Estuary,49,882.904901327830430,26262.365407745484845,
-1,1,3132,Marsh,0.034642000000000,Curr,Hist salmon,8819,0.000000000000000,,8819,67420.654691214382183,87038278.247085735201836,Upper Chehalis Estuary,49,77.520642423648709,346.210528254299902,
-1,1,3133,Marsh,0.096104000000000,Curr,Hist no salmon,8513,478.454574390086748,,8513,67420.654691214382183,87038278.247085735201836,Upper Chehalis Estuary,49,151.360772981334605,960.464454223625808,
-1,1,3134,Marsh,1.647871000000000,Curr,Hist salmon,8818,0.000000000000000,,8818,67420.654691214382183,87038278.247085735201836,Upper Chehalis Estuary,49,759.619133127797681,16468.841637553079636,
-1,1,3135,Pond,0.196072000000000,Hist,Hist no salmon,8506,131.958914345335046,,8506,67420.654691214382183,87038278.247085735201836,Upper Chehalis Estuary,49,210.300505152842732,1959.534998000046244,
-1,1,3136,Pond,0.177372000000000,Hist,Hist no salmon,8563,684.396516110943708,,8563,159862.665859964530682,364384257.434201776981354,Black River,23,190.572649811364897,1772.507569397894258,
-1,1,3137,Pond,0.032038000000000,Curr,Hist no salmon,8563,662.989711298702900,,8563,159862.665859964530682,364384257.434201776981354,Black River,23,70.013152758103345,320.164677325661387,
-1,1,3138,Pond,0.041325000000000,Hist,Hist no salmon,8563,628.096116001298469,,8563,159862.665859964530682,364384257.434201776981354,Black River,23,77.152863969655812,412.970475442241593,
-1,1,3139,Pond,0.017263000000000,Hist,Hist salmon,8563,98.082378290720527,,8563,159862.665859964530682,364384257.434201776981354,Black River,23,49.949038986743005,172.516129321477791,
-1,1,3140,Pond,0.023559000000000,Hist,Hist salmon,8563,125.114620598539020,,8563,159862.665859964530682,364384257.434201776981354,Black River,23,60.021069928349476,235.431221924607655,
-1,1,3141,Pond,0.065275000000000,Hist,Hist salmon,8561,0.000000000000000,,8561,159862.665859964530682,364384257.434201776981354,Black River,23,111.593850527390515,652.303484023986016,
-1,1,3142,Pond,0.214828000000000,Hist,Hist salmon,7594,0.000000000000000,,7594,159862.665859964530682,364384257.434201776981354,Black River,23,212.081038875441863,2146.842722217460050,
-1,1,3143,Pond,0.116730000000000,Hist,Hist salmon,7619,15.643367336433425,,7619,159862.665859964530682,364384257.434201776981354,Black River,23,170.074198936142551,1166.518751064501203,
-1,1,3144,Pond,0.389629000000000,Curr,Hist salmon,20339,1423.327162904649185,,20339,159862.665859964530682,364384257.434201776981354,Black River,23,383.474218721795239,3893.718062236656351,
-1,1,3145,Pond,0.978149000000000,Curr,Hist no salmon,6911,521.070700460815715,,6911,159862.665859964530682,364384257.434201776981354,Black River,23,690.146043532798558,9775.013781633044346,
-1,1,3146,Pond,0.423231000000000,Curr,Hist salmon,20339,1050.965157840674465,,20339,159862.665859964530682,364384257.434201776981354,Black River,23,331.145656895299396,4229.504297090094042,
-1,1,3147,Pond,0.271267000000000,Curr,Hist salmon,20331,794.698768637114654,,20331,159862.665859964530682,364384257.434201776981354,Black River,23,245.054518143889567,2710.882908676570878,
-1,1,3148,Pond,1.031749000000000,Curr,Hist salmon,20339,1416.228104600117831,,20339,159862.665859964530682,364384257.434201776981354,Black River,23,699.380343917091750,10310.673720029417382,
-1,1,3149,Marsh,0.412104000000000,Curr,Hist salmon,6906,1172.254251389299725,,6906,159862.665859964530682,364384257.434201776981354,Black River,23,265.512931643852085,4118.317491494603019,
-1,1,3150,Marsh,0.483249000000000,Curr,Hist salmon,6906,1270.164626044902207,,6906,159862.665859964530682,364384257.434201776981354,Black River,23,343.158947458594469,4829.296968988214758,
-1,1,3151,Marsh,0.256037000000000,Hist,Hist salmon,6314,0.000000000000000,,6314,159862.665859964530682,364384257.434201776981354,Black River,23,217.657328540504722,2558.681551275569291,
-1,1,3152,Marsh,0.591003000000000,Curr,Hist no salmon,6888,1065.495672503533569,,6888,159862.665859964530682,364384257.434201776981354,Black River,23,323.919654710686984,5906.134215450195370,
-1,1,3153,Marsh,0.847822000000000,Curr,Hist salmon,6309,895.654566755901328,,6309,159862.665859964530682,364384257.434201776981354,Black River,23,376.584302036815529,8472.642099736711316,
-1,1,3154,Pond,2.074800000000000,Curr,Hist salmon,6310,1052.008631012685782,,6310,159862.665859964530682,364384257.434201776981354,Black River,23,658.130691543902117,20734.326269512741419,
-1,1,3155,Pond,0.107303000000000,Hist,Hist salmon,20331,649.984713894239576,,20331,159862.665859964530682,364384257.434201776981354,Black River,23,139.695333754633879,1072.319879754599469,
-1,1,3156,Marsh,0.270134000000000,Curr,Hist salmon,6307,10.686675664889155,,6307,159862.665859964530682,364384257.434201776981354,Black River,23,271.181119772922216,2699.571199721191533,
-1,1,3157,Pond,0.555783000000000,Curr,Hist salmon,19292,913.910568602915532,,19292,159862.665859964530682,364384257.434201776981354,Black River,23,280.052043850875634,5554.189998975952221,
-1,1,3158,Pond,0.350770000000000,Curr,Hist salmon,6275,0.000000000000000,,6275,159862.665859964530682,364384257.434201776981354,Black River,23,250.693922530523650,3505.406755610993969,
-1,1,3159,Marsh,1.028559000000000,Hist,Hist no salmon,6272,171.722242289569039,,6272,159862.665859964530682,364384257.434201776981354,Black River,23,373.482931919328621,10278.853026790840886,
-1,1,3160,Marsh,2.040263000000000,Hist,Hist no salmon,19243,849.858694002602192,,19243,159862.665859964530682,364384257.434201776981354,Black River,23,597.461945209274745,20389.340962015259720,
-1,1,3161,Marsh,0.513649000000000,Curr,Hist salmon,22401,867.765113009779839,,22401,378317.145195854303893,263575921.850556135177612,Lower Chehalis Estuary,50,358.777626189537273,5133.715329764691887,
-1,1,3162,Marsh,2.131693000000000,Curr,Hist salmon,7239,923.325427581740428,,7239,378317.145195854303893,263575921.850556135177612,Lower Chehalis Estuary,50,1041.555201661163892,21305.703845312105841,
-1,1,3163,Pond,0.756303000000000,Curr,Hist salmon,7090,704.055124402754245,,7090,378317.145195854303893,263575921.850556135177612,Lower Chehalis Estuary,50,429.530407829926219,7558.777344087822712,
-1,1,3164,Pond,0.221178000000000,Curr,Hist salmon,7090,49.852886011559697,,7090,378317.145195854303893,263575921.850556135177612,Lower Chehalis Estuary,50,186.866807935600406,2210.531669650225922,
-1,1,3165,Marsh,8.292370999999999,Curr,Hist salmon,7031,102.398218606916686,,7031,66251.264859166723909,82143487.059757128357887,Johns River,46,1254.676257520742183,82880.186738447329844,
-1,1,3166,Pond,0.161896000000000,Curr,Hist no salmon,7094,962.705037120609745,,7094,378317.145195854303893,263575921.850556135177612,Lower Chehalis Estuary,50,206.992003415616750,1618.045263353630162,
-1,1,3167,Pond,0.202640000000000,Curr,Hist salmon,6409,116.576313278529653,,6409,66251.264859166723909,82143487.059757128357887,Johns River,46,180.028288373932725,2025.325978260810416,
-1,1,3168,Marsh,1.011916000000000,Curr,Hist salmon,6410,34.481908569375484,,6410,66251.264859166723909,82143487.059757128357887,Johns River,46,396.968795426549832,10113.784371083444057,
-1,1,3169,Pond,0.244000000000000,Hist,Hist salmon,6730,218.438229516387253,,6730,66251.264859166723909,82143487.059757128357887,Johns River,46,234.024908999815011,2438.714828832285548,
-1,1,3170,Marsh,0.048897000000000,Curr,Hist salmon,17307,0.000000000000000,,17307,246250.590740413172171,507221006.855407536029816,Wynoochee River,42,90.921523709775926,488.592029577657513,
-1,1,3171,Marsh,0.054774000000000,Hist,Hist salmon,17307,0.000000000000000,,17307,246250.590740413172171,507221006.855407536029816,Wynoochee River,42,89.635261169954845,547.314567542187319,
-1,1,3172,Marsh,0.919197000000000,Hist,Hist salmon,17308,138.263450733134647,,17308,246250.590740413172171,507221006.855407536029816,Wynoochee River,42,353.141229990583952,9184.840735195100933,
-1,1,3173,Marsh,1.655536000000000,Hist,Hist salmon,17034,367.273977166257396,,17034,246250.590740413172171,507221006.855407536029816,Wynoochee River,42,583.858998382235768,16542.608115475795785,
-1,1,3174,Marsh,0.170073000000000,Hist,Hist no salmon,17079,225.869283528481930,,17079,246250.590740413172171,507221006.855407536029816,Wynoochee River,42,200.121968600547746,1699.436201381847241,
-1,1,3175,Marsh,0.314738000000000,Curr,Hist salmon,16906,914.191913868640881,,16906,246250.590740413172171,507221006.855407536029816,Wynoochee River,42,245.401778199665898,3145.060636708773927,
-1,1,3176,Marsh,0.984385000000000,Hist,Hist salmon,15192,0.000000000000000,,15192,246250.590740413172171,507221006.855407536029816,Wynoochee River,42,480.068527354101036,9836.587392652867493,
-1,1,3177,Marsh,1.252346000000000,Curr,Hist no salmon,16397,242.049063329257507,,16397,246250.590740413172171,507221006.855407536029816,Wynoochee River,42,542.192275564627948,12514.360215458416860,
-1,1,3178,Marsh,1.466376000000000,Curr,Hist salmon,15178,0.000000000000000,,15178,246250.590740413172171,507221006.855407536029816,Wynoochee River,42,605.301758213314884,14653.117089368623056,
-1,1,3179,Marsh,1.220226000000000,Curr,Hist salmon,15175,0.000000000000000,,15175,246250.590740413172171,507221006.855407536029816,Wynoochee River,42,562.115476252049234,12193.430278642939811,
-1,1,3180,Pond,0.092864000000000,Hist,Hist no salmon,14566,373.206624904956584,,14566,246250.590740413172171,507221006.855407536029816,Wynoochee River,42,144.190102778818499,927.986587635240426,
-1,1,3181,Marsh,0.293002000000000,Hist,Hist no salmon,15034,1037.751901711816799,,15034,246250.590740413172171,507221006.855407536029816,Wynoochee River,42,194.279295232177986,2927.963880210953903,
-1,1,3182,Slough,0.300091000000000,Both,Hist salmon,14557,91.865932576775094,4119,14557,246250.590740413172171,507221006.855407536029816,Wynoochee River,42,594.726429130376800,2998.812182670968014,
-1,1,3183,FP channel,0.747477000000000,Both,Hist salmon,14542,107.100712223587905,4082,14542,246250.590740413172171,507221006.855407536029816,Wynoochee River,42,1197.220043170783583,7469.571486229589937,
-1,1,3184,Marsh,1.394779000000000,Hist,Hist salmon,14822,520.739720960718500,,14822,222380.125267685507424,776523555.048679113388062,Satsop River,40,742.258770879533131,13937.827343553288301,
-1,1,3185,Marsh,0.139053000000000,Hist,Hist salmon,15044,631.003929867095508,,15044,222380.125267685507424,776523555.048679113388062,Satsop River,40,147.018544666309964,1389.530124934391097,
-1,1,3186,Pond,0.497549000000000,Hist,Hist salmon,13524,845.201679658231342,,13524,222380.125267685507424,776523555.048679113388062,Satsop River,40,323.290079048400514,4971.976522166215545,
-1,1,3187,Marsh,0.281715000000000,Hist,Hist salmon,13524,731.139301241801263,,13524,222380.125267685507424,776523555.048679113388062,Satsop River,40,251.158784241800674,2815.157005961113100,
-1,1,3188,Marsh,0.683775000000000,Curr,Hist salmon,14037,632.630859310451342,,14037,222380.125267685507424,776523555.048679113388062,Satsop River,40,341.098447533043043,6832.975713351588638,
-1,1,3189,Marsh,0.058582000000000,Curr,Hist salmon,14810,479.406822165799269,,14810,222380.125267685507424,776523555.048679113388062,Satsop River,40,97.329550527981880,585.404384973196784,
-1,1,3190,Marsh,0.141985000000000,Hist,Hist salmon,20269,0.000000000000000,,20269,222380.125267685507424,776523555.048679113388062,Satsop River,40,156.574574444989992,1418.872164274720262,
-1,1,3191,Marsh,0.262629000000000,Hist,Hist salmon,14036,448.364466317898007,,14036,222380.125267685507424,776523555.048679113388062,Satsop River,40,207.604416133786572,2624.457820568937677,
-1,1,3192,Marsh,1.254721000000000,Curr,Hist no salmon,20273,59.878051768702946,,20273,222380.125267685507424,776523555.048679113388062,Satsop River,40,487.332971183180746,12538.584409815270192,
-1,1,3193,Pond,0.304591000000000,Hist,Hist salmon,20264,236.972656630066325,,20264,222380.125267685507424,776523555.048679113388062,Satsop River,40,249.085848220517875,3043.831190142332616,
-1,1,3194,Marsh,0.252606000000000,Hist,Hist salmon,12223,0.000000000000000,,12223,222380.125267685507424,776523555.048679113388062,Satsop River,40,190.229875639552972,2524.334550008372389,
-1,1,3195,Pond,0.109753000000000,Hist,Hist salmon,20270,0.000000000000000,,20270,222380.125267685507424,776523555.048679113388062,Satsop River,40,128.223169439360930,1096.774806679500898,
-1,1,3196,Marsh,0.326327000000000,Hist,Hist salmon,21614,476.623491962941443,,21614,230932.463257765833987,638216095.057497859001160,Humptulips River,45,247.935928087741360,3260.996334431475134,
-1,1,3197,Marsh,1.191923000000000,Hist,Hist salmon,16911,0.000000000000000,,16911,230932.463257765833987,638216095.057497859001160,Humptulips River,45,553.395544438570369,11910.999609983266055,
-1,1,3198,Pond,0.303160000000000,Hist,Hist salmon,16990,0.000000000000000,,16990,230932.463257765833987,638216095.057497859001160,Humptulips River,45,353.976494963569337,3029.498135082105364,
-1,1,3199,Marsh,0.855659000000000,Hist,Hist salmon,16910,0.000000000000000,,16910,230932.463257765833987,638216095.057497859001160,Humptulips River,45,456.388529648944939,8550.684870380051507,
-1,1,3200,Marsh,1.474136000000000,Hist,Hist salmon,16310,677.780310255683730,,16310,230932.463257765833987,638216095.057497859001160,Humptulips River,45,980.370629518606165,14731.535692701167136,
-1,1,3201,Marsh,1.569441000000000,Hist,Hist no salmon,16312,525.122865085694229,,16312,230932.463257765833987,638216095.057497859001160,Humptulips River,45,585.172573025983183,15683.904173431972595,
-1,1,3202,Marsh,2.575228000000000,Hist,Hist no salmon,16308,476.669715011253174,,16308,230932.463257765833987,638216095.057497859001160,Humptulips River,45,681.437312752605408,25735.105381213645160,
-1,1,3203,Marsh,1.955706000000000,Hist,Hist no salmon,16310,337.021777205248441,,16310,230932.463257765833987,638216095.057497859001160,Humptulips River,45,528.184976266489457,19543.988951165876642,
-1,1,3204,Marsh,1.685727000000000,Hist,Hist no salmon,21632,347.861431352858006,,21632,230932.463257765833987,638216095.057497859001160,Humptulips River,45,561.352331539157831,16846.242489055966871,
-1,1,3205,Marsh,1.428440000000000,Both,Hist no salmon,16324,283.188050296100982,,16324,230932.463257765833987,638216095.057497859001160,Humptulips River,45,689.027814335075959,14274.981327801957377,
-1,1,3206,Marsh,0.353479000000000,Hist,Hist no salmon,16322,174.869115981386585,,16322,230932.463257765833987,638216095.057497859001160,Humptulips River,45,272.758491253809495,3532.462600547964939,
-1,1,3207,Marsh,0.211609000000000,Hist,Hist no salmon,16338,281.469536761698691,,16338,230932.463257765833987,638216095.057497859001160,Humptulips River,45,175.163560673383870,2114.675239822339790,
-1,1,3208,Marsh,3.370912000000000,Hist,Hist no salmon,16036,393.461312989595569,,16036,230932.463257765833987,638216095.057497859001160,Humptulips River,45,721.644812725908992,33686.859323524186038,
-1,1,3209,Marsh,6.334711000000000,Hist,Hist salmon,16141,0.000000000000000,,16141,230932.463257765833987,638216095.057497859001160,Humptulips River,45,1944.333847911264456,63305.560840907528473,
-1,1,3210,Marsh,9.787915000000000,Curr,Hist salmon,16044,305.301010516994836,,16044,230932.463257765833987,638216095.057497859001160,Humptulips River,45,1334.199985704544360,97814.583671090265852,
-1,1,3211,Marsh,3.608114000000000,Curr,Hist salmon,16143,444.045680052257410,,16143,230932.463257765833987,638216095.057497859001160,Humptulips River,45,943.712124040549838,36057.398662363273615,
-1,1,3212,Marsh,1.733151000000000,Hist,Hist no salmon,21632,194.294545405429602,,21632,230932.463257765833987,638216095.057497859001160,Humptulips River,45,495.499681894968319,17320.178475576369237,
-1,1,3213,Marsh,1.212596000000000,Hist,Hist salmon,16335,155.039907953884239,,16335,230932.463257765833987,638216095.057497859001160,Humptulips River,45,511.103545725712252,12117.866405673015834,
-1,1,3214,Marsh,0.600242000000000,Hist,Hist salmon,16339,0.401732209678561,,16339,230932.463257765833987,638216095.057497859001160,Humptulips River,45,359.752636940414220,5998.401779120080391,
-1,1,3215,Marsh,0.542236000000000,Hist,Hist salmon,16337,0.000000000000000,,16337,230932.463257765833987,638216095.057497859001160,Humptulips River,45,282.452903037961391,5418.739099749682282,
-1,1,3216,Marsh,0.217501000000000,Hist,Hist salmon,16332,87.158971698405921,,16332,230932.463257765833987,638216095.057497859001160,Humptulips River,45,193.652304920389952,2173.555601934109745,
-1,1,3217,Marsh,8.020937999999999,Hist,Hist no salmon,16328,165.561559843229645,,16328,230932.463257765833987,638216095.057497859001160,Humptulips River,45,2169.482111329245527,80155.932768060025410,
-1,1,3218,Marsh,0.376567000000000,Both,Hist no salmon,16158,248.365405112525906,,16158,230932.463257765833987,638216095.057497859001160,Humptulips River,45,240.711703049502802,3763.194078459354387,
-1,1,3219,Marsh,1.011041000000000,Hist,Hist salmon,16336,0.000000000000000,,16336,230932.463257765833987,638216095.057497859001160,Humptulips River,45,428.491349298168700,10103.662877448427025,
-1,1,3220,Marsh,0.453988000000000,Hist,Hist salmon,16333,54.795825499490213,,16333,230932.463257765833987,638216095.057497859001160,Humptulips River,45,314.639779384899327,4536.852427109805831,
-1,1,3221,Marsh,0.867669000000000,Hist,Hist no salmon,21629,322.606340204430523,,21629,230932.463257765833987,638216095.057497859001160,Humptulips River,45,347.232201265376318,8671.020607353953892,
-1,1,3222,Marsh,1.577216000000000,Hist,Hist salmon,16336,276.668497695067174,,16336,230932.463257765833987,638216095.057497859001160,Humptulips River,45,541.998116127302410,15761.623187954444802,
-1,1,3223,Pond,0.580317000000000,Both,Hist salmon,16163,25.046293741912095,,16163,230932.463257765833987,638216095.057497859001160,Humptulips River,45,376.634903327552763,5799.400529809888212,
-1,1,3224,Marsh,0.156643000000000,Hist,Hist no salmon,15852,576.968909581248681,,15852,230932.463257765833987,638216095.057497859001160,Humptulips River,45,146.425615776106866,1565.400127014589771,
-1,1,3225,Marsh,1.010596000000000,Hist,Hist no salmon,15836,667.388138917224296,,15836,230932.463257765833987,638216095.057497859001160,Humptulips River,45,413.540549781703078,10099.663228019020607,
-1,1,3226,Pond,0.138124000000000,Hist,Hist salmon,21574,0.000000000000000,,21574,230932.463257765833987,638216095.057497859001160,Humptulips River,45,150.916703053145199,1380.389395915506384,
-1,1,3227,Marsh,0.935332000000000,Hist,Hist no salmon,21629,333.565672548083455,,21629,230932.463257765833987,638216095.057497859001160,Humptulips River,45,367.073378403041829,9347.209177464061213,
-1,1,3228,Pond,0.156761000000000,Curr,Hist salmon,16361,0.000000000000000,,16361,151947.647425919829402,266325666.708538889884949,Wishkah River,43,163.661307829416359,1566.514985767398230,
-1,1,3229,Marsh,0.341279000000000,Curr,Hist no salmon,16237,350.575150084496443,,16237,151947.647425919829402,266325666.708538889884949,Wishkah River,43,249.223504013188943,3410.360430967103639,
-1,1,3230,Marsh,0.256383000000000,Hist,Hist salmon,21016,315.464483048482521,,21016,151947.647425919829402,266325666.708538889884949,Wishkah River,43,191.554444428207688,2562.046112944666220,
-1,1,3231,Marsh,0.095554000000000,Hist,Hist salmon,21007,0.000000000000000,,21007,151947.647425919829402,266325666.708538889884949,Wishkah River,43,156.564555595389578,954.878279288540170,
-1,1,3232,Marsh,0.373017000000000,Hist,Hist salmon,14948,29.958007814338501,,14948,151947.647425919829402,266325666.708538889884949,Wishkah River,43,235.628496772830459,3727.621561879963792,
-1,1,3233,Marsh,0.066078000000000,Hist,Hist salmon,14453,0.000000000000000,,14453,151947.647425919829402,266325666.708538889884949,Wishkah River,43,107.044719104382111,660.333304480313586,
-1,1,3234,Marsh,0.054420000000000,Curr,Hist salmon,14452,0.000000000000000,,14452,151947.647425919829402,266325666.708538889884949,Wishkah River,43,103.452793264471453,543.835283486851267,
-1,1,3235,Marsh,0.028015000000000,Curr,Hist salmon,14451,0.000000000000000,,14451,151947.647425919829402,266325666.708538889884949,Wishkah River,43,69.745461735000191,279.962909319848734,
-1,1,3236,Pond,0.735115000000000,Curr,Hist no salmon,14945,171.755497401609887,,14945,151947.647425919829402,266325666.708538889884949,Wishkah River,43,327.608726269202180,7346.157557189266299,
-1,1,3237,Marsh,0.583552000000000,Hist,Hist salmon,11706,38.813577718263929,,11706,151947.647425919829402,266325666.708538889884949,Wishkah River,43,299.024738166070392,5831.865765913801624,
-1,1,3238,Marsh,0.151982000000000,Hist,Hist no salmon,10603,4646.010842603333913,,10603,378317.145195854303893,263575921.850556135177612,Lower Chehalis Estuary,50,161.719915192284816,1519.065173676371387,
-1,1,3239,Lake,76.486118000000005,Curr,Hist no salmon,10603,5142.548354779307374,,10603,378317.145195854303893,263575921.850556135177612,Lower Chehalis Estuary,50,33629.229505136070657,764490.734406923758797,
-1,1,3240,Marsh,0.130005000000000,Hist,Hist no salmon,10603,4482.494400983967353,,10603,378317.145195854303893,263575921.850556135177612,Lower Chehalis Estuary,50,137.794576454363153,1299.413259380324689,
-1,1,3241,Lake,5.708428000000000,Curr,Hist no salmon,10603,5508.879297709109778,,10603,378317.145195854303893,263575921.850556135177612,Lower Chehalis Estuary,50,3324.689785901647610,57056.234126563729660,
-1,1,3242,Pond,0.107956000000000,Hist,Hist no salmon,7125,10237.090423386753173,,7125,378317.145195854303893,263575921.850556135177612,Lower Chehalis Estuary,50,142.156494691509693,1079.046245917442775,
-1,1,3243,Lake,232.180014000000000,Hist,Hist salmon,7724,0.000000000000000,,7724,159862.665859964530682,364384257.434201776981354,Black River,23,9700.815731109525586,2320222.304410842247307,
-1,1,3244,Marsh,13.802619999999999,Curr,Hist salmon,8331,356.714609587062455,,8331,159862.665859964530682,364384257.434201776981354,Black River,23,2144.525480859098025,137932.665958085301099,
-1,1,3245,Marsh,0.369255000000000,Hist,Hist no salmon,7831,608.402033264377792,,7831,159862.665859964530682,364384257.434201776981354,Black River,23,257.519442823332838,3690.051472348767675,
-1,1,3246,Marsh,50.120879000000002,Curr,Hist salmon,7709,0.000000000000000,4770,7709,159862.665859964530682,364384257.434201776981354,Black River,23,5623.429114808255690,500871.429927298624534,
-1,1,3247,Marsh,0.439434000000000,Hist,Hist no salmon,7832,467.540891103435001,,7832,159862.665859964530682,364384257.434201776981354,Black River,23,271.588418593471431,4391.375692894787790,
-1,1,3248,Pond,0.705432000000000,Hist,Hist no salmon,7831,568.058908969804520,,7831,159862.665859964530682,364384257.434201776981354,Black River,23,586.294112629531128,7049.540906672894380,
-1,1,3249,Marsh,0.531510000000000,Hist,Hist no salmon,7832,306.977803547938436,,7832,159862.665859964530682,364384257.434201776981354,Black River,23,367.197239210270993,5311.509843319281572,
-1,1,3250,Marsh,0.218954000000000,Hist,Hist no salmon,8322,2301.865928938324942,,8322,159862.665859964530682,364384257.434201776981354,Black River,23,191.461870960265372,2188.069089503863779,
-1,1,3251,Pond,3.051455000000000,Hist,Hist salmon,7821,367.115971776309379,,7821,159862.665859964530682,364384257.434201776981354,Black River,23,895.824361708415040,30494.054917346602451,
-1,1,3252,Pond,0.169460000000000,Hist,Hist no salmon,7297,2777.038858048051679,,7297,159862.665859964530682,364384257.434201776981354,Black River,23,185.783024572132348,1693.458908076755279,
-1,1,3253,Pond,1.438191000000000,Hist,Hist no salmon,8322,1943.069750857797771,,8322,159862.665859964530682,364384257.434201776981354,Black River,23,521.946762123806934,14372.244136225121110,
-1,1,3254,Pond,0.332893000000000,Hist,Hist no salmon,7297,2679.292652442052258,,7297,159862.665859964530682,364384257.434201776981354,Black River,23,301.523346079333010,3326.689252228855821,
-1,1,3255,Marsh,6.165619000000000,Hist,Hist no salmon,8322,2276.309697249032979,,8322,159862.665859964530682,364384257.434201776981354,Black River,23,1780.531485744669681,61614.692299493857718,
-1,1,3256,Marsh,0.708568000000000,Hist,Hist no salmon,8322,2363.957379474761183,,8322,159862.665859964530682,364384257.434201776981354,Black River,23,434.305305583169741,7080.909146212987253,
-1,1,3257,Pond,0.566544000000000,Hist,Hist salmon,7642,643.137710564686131,,7642,159862.665859964530682,364384257.434201776981354,Black River,23,431.758782142151404,5661.649327376027031,
-1,1,3258,Marsh,3.543477000000000,Curr,Hist no salmon,7637,0.000000000000000,,7637,159862.665859964530682,364384257.434201776981354,Black River,23,1106.159539723840226,35411.138345183506317,
-1,1,3259,Marsh,0.497287000000000,Hist,Hist no salmon,7634,476.728040644546979,,7634,159862.665859964530682,364384257.434201776981354,Black River,23,401.645212299839272,4969.547327536010016,
-1,1,3260,Marsh,0.789125000000000,Hist,Hist no salmon,7208,1204.854597048733012,,7208,159862.665859964530682,364384257.434201776981354,Black River,23,349.065791545177774,7885.998685773052784,
-1,1,3261,Marsh,1.374529000000000,Hist,Hist no salmon,7637,629.598155513934330,,7637,159862.665859964530682,364384257.434201776981354,Black River,23,882.580002653034171,13736.099245498233358,
-1,1,3262,Marsh,2.710557000000000,Curr,Hist no salmon,7297,1251.544585081957848,,7297,159862.665859964530682,364384257.434201776981354,Black River,23,644.178118760676625,27087.477454159907211,
-1,1,3263,Marsh,0.369992000000000,Hist,Hist salmon,7642,907.490718606239511,,7642,159862.665859964530682,364384257.434201776981354,Black River,23,262.546943037478229,3697.442644871694938,
-1,1,3264,Marsh,1.589672000000000,Hist,Hist no salmon,7637,805.340720206932815,,7637,159862.665859964530682,364384257.434201776981354,Black River,23,737.696299478605169,15886.086856010968404,
-1,1,3265,Marsh,3.589107000000000,Hist,Hist no salmon,7297,1080.517122610135402,,7297,159862.665859964530682,364384257.434201776981354,Black River,23,1067.129978873852679,35867.088909263620735,
-1,1,3266,Pond,0.087444000000000,Curr,Hist no salmon,7635,559.951782641350519,,7635,159862.665859964530682,364384257.434201776981354,Black River,23,126.866488649041358,873.855075366568599,
-1,1,3267,Marsh,2.090562000000000,Hist,Hist salmon,6942,977.188570668910302,,6942,159862.665859964530682,364384257.434201776981354,Black River,23,671.188056945020662,20891.721958096040908,
-1,1,3268,Pond,4.322781000000000,Curr,Hist no salmon,7637,430.398396969487237,,7637,159862.665859964530682,364384257.434201776981354,Black River,23,1171.574265194133886,43198.948192954878323,
-1,1,3269,Pond,0.208748000000000,Hist,Hist salmon,7208,166.767913617793027,,7208,159862.665859964530682,364384257.434201776981354,Black River,23,218.999018336369062,2086.094051158769616,
-1,1,3270,Marsh,0.276656000000000,Hist,Hist no salmon,6913,731.412328198658884,,6913,159862.665859964530682,364384257.434201776981354,Black River,23,241.586426473539859,2764.718909958501627,
-1,1,3271,Marsh,10.744465999999999,Curr,Hist salmon,6615,764.264090636903347,,6615,159862.665859964530682,364384257.434201776981354,Black River,23,2304.105396133537852,107373.806426447714330,
-1,1,3272,Marsh,0.800908000000000,Hist,Hist salmon,6942,912.897366046567981,,6942,159862.665859964530682,364384257.434201776981354,Black River,23,470.967414252739331,8003.761977641642261,
-1,1,3273,Marsh,1.316839000000000,Hist,Hist no salmon,6711,1538.206128150517088,,6711,159862.665859964530682,364384257.434201776981354,Black River,23,430.984053675550172,13159.728707619970010,
-1,1,3274,Marsh,1.689591000000000,Curr,Hist salmon,6749,435.171604800685316,,6749,159862.665859964530682,364384257.434201776981354,Black River,23,726.052981946905106,16884.757885520753916,
-1,1,3275,Marsh,6.123549000000000,Hist,Hist no salmon,6711,638.110932680399060,,6711,159862.665859964530682,364384257.434201776981354,Black River,23,1210.071322550303648,61195.292716809395642,
-1,1,3276,Marsh,3.255460000000000,Curr,Hist salmon,6616,0.000000000000000,,6616,159862.665859964530682,364384257.434201776981354,Black River,23,823.572482546469132,32533.180585637972399,
-1,1,3277,Marsh,1.797131000000000,Curr,Hist no salmon,6606,499.708639990615893,,6606,159862.665859964530682,364384257.434201776981354,Black River,23,568.295737983875142,17959.481715489026101,
-1,1,3278,Marsh,0.769521000000000,Both,Hist no salmon,6711,1186.437691523369040,,6711,159862.665859964530682,364384257.434201776981354,Black River,23,445.455733237399841,7690.153459835220929,
-1,1,3279,Marsh,1.194493000000000,Hist,Hist no salmon,6711,1050.212461078799151,,6711,159862.665859964530682,364384257.434201776981354,Black River,23,513.367782544860120,11937.082194978194821,
-1,1,3280,Marsh,2.756045000000000,Hist,Hist no salmon,7196,1559.214933473217343,,7196,159862.665859964530682,364384257.434201776981354,Black River,23,895.483295473006024,27542.326394312789489,
-1,1,3281,Marsh,0.476662000000000,Hist,Hist no salmon,6614,434.691057471529746,,6614,159862.665859964530682,364384257.434201776981354,Black River,23,290.798371019707986,4763.477050441322717,
-1,1,3282,Marsh,0.749824000000000,Curr,Hist no salmon,7198,1496.238680475849833,,7198,159862.665859964530682,364384257.434201776981354,Black River,23,407.202104892728698,7493.304878690877558,
-1,1,3283,Marsh,1.729272000000000,Hist,Hist no salmon,6811,878.569696061931722,,6811,159862.665859964530682,364384257.434201776981354,Black River,23,511.674202023366320,17281.301570429724961,
-1,1,3284,Marsh,1.975947000000000,Hist,Hist salmon,6783,214.581392040960736,,6783,159862.665859964530682,364384257.434201776981354,Black River,23,712.587874970862345,19746.435188606294105,
-1,1,3285,Pond,0.154343000000000,Hist,Hist no salmon,6711,704.809132469324823,,6711,159862.665859964530682,364384257.434201776981354,Black River,23,180.109504868939581,1542.415260259759862,
-1,1,3286,Marsh,1.992785000000000,Hist,Hist no salmon,6810,1106.481130001144493,,6810,159862.665859964530682,364384257.434201776981354,Black River,23,687.200963792722519,19914.762652024142881,
-1,1,3287,Marsh,0.523544000000000,Hist,Hist salmon,6710,768.302614054161836,,6710,159862.665859964530682,364384257.434201776981354,Black River,23,274.865566878039317,5232.019518762924235,
-1,1,3288,Marsh,1.309461000000000,Curr,Hist salmon,6711,930.162502395179672,,6711,159862.665859964530682,364384257.434201776981354,Black River,23,446.513514715512088,13086.056705349888944,
-1,1,3289,Marsh,0.792241000000000,Hist,Hist no salmon,6688,564.057600002523145,,6688,159862.665859964530682,364384257.434201776981354,Black River,23,352.261358524472371,7917.216629478816685,
-1,1,3290,Marsh,0.353410000000000,Hist,Hist salmon,6690,642.825651542752325,,6690,159862.665859964530682,364384257.434201776981354,Black River,23,245.023712264689976,3531.781036434067573,
-1,1,3291,Marsh,0.216381000000000,Hist,Hist no salmon,6597,1619.421455240444175,,6597,159862.665859964530682,364384257.434201776981354,Black River,23,170.475566189453247,2162.387235745156431,
-1,1,3292,Pond,0.952064000000000,Curr,Hist no salmon,6591,1078.809624154189805,,6591,159862.665859964530682,364384257.434201776981354,Black River,23,360.280230125244032,9514.405525410433256,
-1,1,3293,Marsh,1.236917000000000,Hist,Hist no salmon,6591,1474.712747430682384,,6591,159862.665859964530682,364384257.434201776981354,Black River,23,425.758517768495722,12361.067280026296430,
-1,1,3294,Pond,0.142061000000000,Hist,Hist no salmon,6134,1004.393173984832174,,6134,159862.665859964530682,364384257.434201776981354,Black River,23,154.256587597737763,1419.685384148457388,
-1,1,3295,Marsh,0.290822000000000,Hist,Hist salmon,19269,753.092692598733379,,19269,159862.665859964530682,364384257.434201776981354,Black River,23,216.628125381391101,2906.311859396075761,
-1,1,3296,Marsh,0.384694000000000,Curr,Hist salmon,19271,1140.701020271758580,,19271,159862.665859964530682,364384257.434201776981354,Black River,23,267.428389006947725,3844.417041420444093,
-1,1,3297,Marsh,0.210725000000000,Curr,Hist salmon,19271,1277.454626584371681,,19271,159862.665859964530682,364384257.434201776981354,Black River,23,232.776306248849409,2105.865641711739045,
-1,1,3298,Pond,3.587882000000000,Curr,Hist salmon,19269,594.224635686790293,,19269,159862.665859964530682,364384257.434201776981354,Black River,23,1257.200752663468620,35855.291566105210222,
-1,1,3299,Marsh,0.403740000000000,Curr,Hist salmon,19271,1195.071098561400277,,19271,159862.665859964530682,364384257.434201776981354,Black River,23,318.370090754173248,4034.756004916041547,
-1,1,3300,Marsh,1.443209000000000,Hist,Hist salmon,6711,837.100371869168725,,6711,159862.665859964530682,364384257.434201776981354,Black River,23,496.678625034591732,14422.660065964662863,
-1,1,3301,Marsh,0.325986000000000,Hist,Hist salmon,6690,536.923209322990033,,6690,159862.665859964530682,364384257.434201776981354,Black River,23,240.963501299727767,3257.724711075301911,
-1,1,3302,Marsh,7.442712000000000,Hist,Hist salmon,6614,0.000000000000000,,6614,159862.665859964530682,364384257.434201776981354,Black River,23,1299.007503768752258,74378.133246538025560,
-1,1,3303,Marsh,0.105766000000000,Hist,Hist salmon,6703,334.714853055977812,,6703,159862.665859964530682,364384257.434201776981354,Black River,23,133.142340248103380,1056.968705769670578,
-1,1,3304,Marsh,0.608106000000000,Hist,Hist no salmon,6711,1173.222746389478289,,6711,159862.665859964530682,364384257.434201776981354,Black River,23,335.453169587547507,6077.087724756012904,
-1,1,3305,Marsh,5.149676000000000,Hist,Hist salmon,6697,220.121120004077881,,6697,159862.665859964530682,364384257.434201776981354,Black River,23,1229.753766921186525,51463.005772172407887,
-1,1,3306,Marsh,18.811349000000000,Hist,Hist salmon,6699,0.000000000000000,,6699,159862.665859964530682,364384257.434201776981354,Black River,23,3445.472717765869220,187990.306384954717942,
-1,1,3307,Marsh,1.398735000000000,Curr,Hist salmon,19271,242.934511440954992,,19271,159862.665859964530682,364384257.434201776981354,Black River,23,600.173676127396220,13978.173865405995457,
-1,1,3308,Marsh,6.341125000000000,Curr,Hist salmon,6619,0.000000000000000,,6619,159862.665859964530682,364384257.434201776981354,Black River,23,1301.018069453161843,63369.590235681760532,
-1,1,3309,Marsh,0.303475000000000,Hist,Hist no salmon,6596,574.549731155270820,,6596,159862.665859964530682,364384257.434201776981354,Black River,23,236.941465278981525,3032.748064005591004,
-1,1,3310,Marsh,1.610493000000000,Hist,Hist salmon,6377,0.000000000000000,,6377,159862.665859964530682,364384257.434201776981354,Black River,23,733.819686933124785,16094.393342346269492,
-1,1,3311,Marsh,1.374483000000000,Hist,Hist salmon,23014,0.000000000000000,,23014,159862.665859964530682,364384257.434201776981354,Black River,23,561.713434327838286,13735.839187644778576,
-1,1,3312,Marsh,0.429239000000000,Both,Hist no salmon,23011,1079.289359863498476,,23011,159862.665859964530682,364384257.434201776981354,Black River,23,247.809945340739517,4289.579723988951628,
-1,1,3313,Pond,7.102224000000000,Hist,Hist salmon,6373,221.493565538049467,,6373,159862.665859964530682,364384257.434201776981354,Black River,23,2351.739630131666217,70975.845515533888829,
-1,1,3314,Marsh,0.544527000000000,Hist,Hist no salmon,23011,893.652390241293233,,23011,159862.665859964530682,364384257.434201776981354,Black River,23,381.167793457099947,5441.708206511640128,
-1,1,3315,Marsh,0.755967000000000,Hist,Hist salmon,6376,1104.635953699280435,,6376,159862.665859964530682,364384257.434201776981354,Black River,23,365.855366523990369,7554.738389989256575,
-1,1,3316,Marsh,0.315448000000000,Curr,Hist salmon,23013,1519.080147219583978,,23013,159862.665859964530682,364384257.434201776981354,Black River,23,254.143519449485012,3152.422899880520617,
-1,1,3317,Marsh,0.681005000000000,Hist,Hist salmon,6375,1743.393860487189613,,6375,159862.665859964530682,364384257.434201776981354,Black River,23,320.110469423970585,6805.609969015244133,
-1,1,3318,Marsh,0.682680000000000,Hist,Hist salmon,23012,1418.795029757403881,,23012,159862.665859964530682,364384257.434201776981354,Black River,23,528.533748523862869,6822.348943726567086,
-1,1,3319,Marsh,1.274855000000000,Hist,Hist salmon,6382,57.209908056138353,,6382,159862.665859964530682,364384257.434201776981354,Black River,23,522.135338628268073,12740.235150139360485,
-1,1,3320,Marsh,0.539438000000000,Hist,Hist salmon,6382,269.977443357655829,,6382,159862.665859964530682,364384257.434201776981354,Black River,23,289.046434612916812,5390.857801190698410,
-1,1,3321,Marsh,1.458407000000000,Hist,Hist no salmon,6340,1338.608621282687636,,6340,159862.665859964530682,364384257.434201776981354,Black River,23,494.674986350061545,14574.518136226501156,
-1,1,3322,Pond,0.351765000000000,Curr,Hist salmon,6371,0.000000000000000,,6371,159862.665859964530682,364384257.434201776981354,Black River,23,229.629907642002593,3515.341974181133992,
-1,1,3323,Marsh,0.097678000000000,Hist,Hist no salmon,23010,143.242560037680619,,23010,159862.665859964530682,364384257.434201776981354,Black River,23,138.065165935321261,976.141318624041332,
-1,1,3324,Marsh,0.268522000000000,Both,Hist no salmon,6372,870.339521109096381,,6372,159862.665859964530682,364384257.434201776981354,Black River,23,237.840147749839502,2683.456053737597813,
-1,1,3325,Pond,0.217415000000000,Curr,Hist no salmon,6591,1013.051883449462139,,6591,159862.665859964530682,364384257.434201776981354,Black River,23,186.872292545806715,2172.727201075014364,
-1,1,3326,Pond,1.409837000000000,Hist,Hist salmon,6372,0.000000000000000,,6372,159862.665859964530682,364384257.434201776981354,Black River,23,618.401152366893825,14089.145582016300978,
-1,1,3327,Marsh,0.686909000000000,Curr,Hist salmon,23011,384.269822488952798,,23011,159862.665859964530682,364384257.434201776981354,Black River,23,412.543214282450606,6864.597091191455547,
-1,1,3328,Marsh,9.950125000000000,Hist,Hist salmon,6372,534.586298465323580,,6372,159862.665859964530682,364384257.434201776981354,Black River,23,3443.492691183865645,99436.189009758629254,
-1,1,3329,Marsh,2.657234000000000,Curr,Hist salmon,6383,600.539167887917984,,6383,159862.665859964530682,364384257.434201776981354,Black River,23,683.622467718115900,26554.982259316358977,
-1,1,3330,Pond,2.413464000000000,Curr,Hist salmon,6373,1235.059536584554507,,6373,159862.665859964530682,364384257.434201776981354,Black River,23,802.405069297317937,24118.902863789880939,
-1,1,3331,Pond,0.794622000000000,Hist,Hist no salmon,6376,840.009609300639340,,6376,159862.665859964530682,364384257.434201776981354,Black River,23,393.830399034722575,7941.041589394746552,
-1,1,3332,Pond,1.672566000000000,Curr,Hist salmon,23013,1238.174212703341027,,23013,159862.665859964530682,364384257.434201776981354,Black River,23,789.209746457219921,16714.762525723250292,
-1,1,3333,Marsh,1.129873000000000,Hist,Hist salmon,6375,1427.754989301181240,,6375,159862.665859964530682,364384257.434201776981354,Black River,23,611.500063850741753,11291.364929389748795,
-1,1,3334,Pond,0.565212000000000,Hist,Hist salmon,6375,1356.397682664980948,,6375,159862.665859964530682,364384257.434201776981354,Black River,23,346.820637335153322,5648.431426238847962,
-1,1,3335,Pond,4.165598000000000,Hist,Hist salmon,6710,393.049196181025309,,6710,159862.665859964530682,364384257.434201776981354,Black River,23,908.566501731173958,41628.736056995665422,
-1,1,3336,Marsh,0.719140000000000,Hist,Hist no salmon,6711,1076.588528763479644,,6711,159862.665859964530682,364384257.434201776981354,Black River,23,469.808039760048928,7186.696378820487553,
-1,1,3337,Pond,2.623495000000000,Curr,Hist salmon,19271,842.511736356524921,,19271,159862.665859964530682,364384257.434201776981354,Black River,23,794.363890402750826,26217.740363942884869,
-1,1,3338,Pond,0.441933000000000,Curr,Hist salmon,19271,1011.995840387013004,,19271,159862.665859964530682,364384257.434201776981354,Black River,23,337.444970260205082,4416.428200854059469,
-1,1,3339,Pond,0.090438000000000,Curr,Hist no salmon,6711,869.727491686512622,,6711,159862.665859964530682,364384257.434201776981354,Black River,23,110.015680045792976,903.784485936124156,
-1,1,3340,Marsh,0.782337000000000,Hist,Hist salmon,6691,178.432973892901032,,6691,159862.665859964530682,364384257.434201776981354,Black River,23,357.872055057698049,7818.240937140278220,
-1,1,3341,Marsh,4.047733000000000,Curr,Hist salmon,6373,0.000000000000000,,6373,159862.665859964530682,364384257.434201776981354,Black River,23,1923.539411317838585,40450.857679615197412,
-1,1,3342,Marsh,5.810580000000000,Curr,Hist salmon,6378,29.313636060964189,,6378,159862.665859964530682,364384257.434201776981354,Black River,23,1306.550656088023743,58067.780242317843658,
-1,1,3343,Pond,0.580831000000000,Hist,Hist salmon,23018,0.000000000000000,,23018,159862.665859964530682,364384257.434201776981354,Black River,23,321.660619971410370,5804.516423877424131,
-1,1,3344,Marsh,1.005304000000000,Curr,Hist salmon,23011,0.000000000000000,,23011,159862.665859964530682,364384257.434201776981354,Black River,23,445.499526242808770,10046.466187949843516,
-1,1,3345,Marsh,0.075116000000000,Hist,Hist salmon,6374,0.000000000000000,,6374,159862.665859964530682,364384257.434201776981354,Black River,23,120.813209526609185,750.667882417589340,
-1,1,3346,Marsh,0.523586000000000,Hist,Hist salmon,6379,150.736318812054463,,6379,159862.665859964530682,364384257.434201776981354,Black River,23,473.330784419221970,5232.434637371107783,
-1,1,3347,Marsh,2.420531000000000,Hist,Hist salmon,23013,203.318265436348440,,23013,159862.665859964530682,364384257.434201776981354,Black River,23,674.258295628906581,24189.515844704699703,
-1,1,3348,Marsh,0.973697000000000,Hist,Hist salmon,23014,166.538655786065164,,23014,159862.665859964530682,364384257.434201776981354,Black River,23,499.063835609367118,9730.609167036840518,
-1,1,3349,Marsh,1.828257000000000,Curr,Hist no salmon,23011,858.941760092533514,,23011,159862.665859964530682,364384257.434201776981354,Black River,23,827.251092645831818,18270.628005114111147,
-1,1,3350,Pond,6.017033000000000,Curr,Hist salmon,6378,0.000000000000000,,6378,159862.665859964530682,364384257.434201776981354,Black River,23,2261.600764876191079,60131.027036860206863,
-1,1,3351,Pond,4.101336000000000,Hist,Hist salmon,6375,0.000000000000000,,6375,159862.665859964530682,364384257.434201776981354,Black River,23,1215.794042423810197,40986.561958925696672,
-1,1,3352,Marsh,0.353198000000000,Hist,Hist no salmon,6383,1168.795906177864481,,6383,159862.665859964530682,364384257.434201776981354,Black River,23,255.644918911521160,3529.670043122399875,
-1,1,3353,Marsh,0.951811000000000,Hist,Hist salmon,23018,58.839374059654197,,23018,159862.665859964530682,364384257.434201776981354,Black River,23,385.660962157794017,9511.897146231689476,
-1,1,3354,Marsh,0.570337000000000,Curr,Hist salmon,6373,43.169975871997636,,6373,159862.665859964530682,364384257.434201776981354,Black River,23,357.210363483135723,5699.647144638562168,
-1,2,3355,Marsh,1.299004000000000,Both,Hist no salmon,6591,1407.816662627998539,,6591,106638.473340230484609,103623513.334606394171715,Scatter Creek,22,497.803188423138067,12981.541033199993763,
-1,1,3356,Marsh,0.710394000000000,Curr,Hist salmon,5467,1490.860669146971077,,5467,159862.665859964530682,364384257.434201776981354,Black River,23,367.240294385397419,7099.305413997429241,
-1,1,3357,Marsh,1.829346000000000,Both,Hist no salmon,6591,1349.459875656925533,,6591,159862.665859964530682,364384257.434201776981354,Black River,23,586.442014268760431,18281.491363686764089,
-1,1,3358,Marsh,0.236060000000000,Hist,Hist salmon,6374,0.000000000000000,,6374,159862.665859964530682,364384257.434201776981354,Black River,23,293.314703462171394,2359.055228878984053,
-1,1,3359,Pond,0.878642000000000,Hist,Hist salmon,6379,156.723696775209504,,6379,159862.665859964530682,364384257.434201776981354,Black River,23,470.055046834829739,8780.678848380202908,
-1,1,3360,Pond,1.226717000000000,Hist,Hist no salmon,6380,915.634076750464715,,6380,159862.665859964530682,364384257.434201776981354,Black River,23,585.118599670366166,12259.151889791926806,
-1,1,3361,Pond,0.574879000000000,Curr,Hist salmon,23011,303.859054595913562,,23011,159862.665859964530682,364384257.434201776981354,Black River,23,458.280105147352572,5745.029870023696276,
-1,1,3362,Marsh,0.374574000000000,Both,Hist no salmon,23011,915.182037803280991,,23011,159862.665859964530682,364384257.434201776981354,Black River,23,248.595051782018373,3743.290352034754960,
-1,1,3363,Marsh,0.532739000000000,Hist,Hist no salmon,6116,628.110260387439098,,6116,159862.665859964530682,364384257.434201776981354,Black River,23,288.998954996614771,5323.917051775447362,
-1,1,3364,Pond,2.021548000000000,Curr,Hist salmon,6384,131.701364549180198,,6384,159862.665859964530682,364384257.434201776981354,Black River,23,1329.869190443377875,20202.302865497480525,
-1,1,3365,Pond,2.929577000000000,Hist,Hist no salmon,6384,468.716440399457099,,6384,159862.665859964530682,364384257.434201776981354,Black River,23,926.675766493468359,29276.677027260473551,
-1,1,3366,Pond,0.142478000000000,Hist,Hist no salmon,6376,1770.659279859852631,,6376,159862.665859964530682,364384257.434201776981354,Black River,23,155.335235763864802,1423.847573762687489,
-1,1,3367,Pond,0.517309000000000,Hist,Hist no salmon,6376,1743.720425406325603,,6376,159862.665859964530682,364384257.434201776981354,Black River,23,531.633659691949333,5169.721274337854993,
-1,1,3368,Pond,0.056365000000000,Hist,Hist no salmon,6376,1820.553412764548739,,6376,159862.665859964530682,364384257.434201776981354,Black River,23,87.812804509728224,563.280272639646228,
-1,1,3369,Marsh,1.899369000000000,Hist,Hist no salmon,6384,222.530098091263454,,6384,159862.665859964530682,364384257.434201776981354,Black River,23,784.692811957452477,18981.305327414604108,
-1,1,3370,Marsh,4.775564000000000,Hist,Hist no salmon,6376,1866.293785620584913,,6376,159862.665859964530682,364384257.434201776981354,Black River,23,1102.763353219941337,47724.549213961072383,
-1,1,3371,Pond,0.030663000000000,Both,Hist no salmon,6376,1901.124504586278135,,6376,159862.665859964530682,364384257.434201776981354,Black River,23,66.026237755017576,306.431536167022841,
-1,1,3372,Marsh,2.502276000000000,Curr,Hist salmon,6376,410.515685032618023,,6376,159862.665859964530682,364384257.434201776981354,Black River,23,1059.948270027489798,25006.432376754080906,
-1,1,3373,Pond,1.124077000000000,Hist,Hist no salmon,6591,1634.615525287805667,,6591,159862.665859964530682,364384257.434201776981354,Black River,23,400.448615043852669,11233.429023778877308,
-1,1,3374,Marsh,0.111500000000000,Hist,Hist no salmon,23013,772.765884232581243,,23013,159862.665859964530682,364384257.434201776981354,Black River,23,136.107009907603214,1114.276275163254468,
-1,1,3375,Marsh,0.961637000000000,Curr,Hist salmon,23013,1124.383565693540959,,23013,159862.665859964530682,364384257.434201776981354,Black River,23,523.798387168607064,9610.101998145859397,
-1,1,3376,Pond,0.309817000000000,Hist,Hist no salmon,6376,661.793512275922126,,6376,159862.665859964530682,364384257.434201776981354,Black River,23,204.502103955828971,3096.143307241726689,
-1,1,3377,Pond,0.412384000000000,Hist,Hist no salmon,6376,854.556295885466625,,6376,159862.665859964530682,364384257.434201776981354,Black River,23,316.901054991726255,4121.156170854411357,
-1,1,3378,Pond,0.197593000000000,Hist,Hist salmon,6383,0.000000000000000,,6383,159862.665859964530682,364384257.434201776981354,Black River,23,199.939081616863916,1974.636893058492433,
-1,1,3379,Marsh,1.376125000000000,Hist,Hist no salmon,6373,1186.438381557608409,,6373,159862.665859964530682,364384257.434201776981354,Black River,23,488.171126068338424,13752.260480974327947,
-1,1,3380,Marsh,2.246984000000000,Curr,Hist salmon,6380,446.868967592758224,,6380,159862.665859964530682,364384257.434201776981354,Black River,23,667.467153613351002,22455.158620414469624,
-1,1,3381,Marsh,0.688239000000000,Curr,Hist salmon,6383,518.423325739169513,,6383,159862.665859964530682,364384257.434201776981354,Black River,23,446.424820771230657,6877.897452553796029,
-1,1,3382,Marsh,1.534287000000000,Hist,Hist salmon,6373,1002.532641749029267,,6373,159862.665859964530682,364384257.434201776981354,Black River,23,660.989044922093058,15332.853671074288286,
-1,1,3383,Pond,3.557662000000000,Hist,Hist salmon,6373,907.911891367702651,,6373,159862.665859964530682,364384257.434201776981354,Black River,23,1147.232190631106050,35553.392885599037982,
-1,1,3384,Marsh,8.708561000000000,Hist,Hist salmon,6373,1201.011085706728409,,6373,159862.665859964530682,364384257.434201776981354,Black River,23,2321.490313927671195,87028.784412443783367,
-1,1,3385,Marsh,9.139089999999999,Hist,Hist salmon,6382,0.000000000000000,,6382,159862.665859964530682,364384257.434201776981354,Black River,23,2326.493342104318344,91331.259338642266812,
-1,1,3386,Marsh,11.050590000000000,Hist,Hist salmon,6375,754.675048492073074,,6375,159862.665859964530682,364384257.434201776981354,Black River,23,2354.110094736255178,110433.785872231761459,
-1,1,3387,Pond,3.869981000000000,Hist,Hist salmon,6381,122.357739330529498,,6381,159862.665859964530682,364384257.434201776981354,Black River,23,1053.769011556081296,38674.545947422528116,
-1,1,3388,Marsh,0.376104000000000,Hist,Hist salmon,23014,686.844829436673194,,23014,159862.665859964530682,364384257.434201776981354,Black River,23,264.958830349547839,3758.587486719073240,
-1,1,3389,Marsh,0.984347000000000,Hist,Hist salmon,5723,483.825797733500735,,5723,159862.665859964530682,364384257.434201776981354,Black River,23,829.512063719918842,9837.153813813300076,Yes
-1,1,3390,Pond,0.931993000000000,Hist,Hist salmon,5767,104.436090174515201,,5767,159862.665859964530682,364384257.434201776981354,Black River,23,391.463106934361235,9313.902551343475352,
-1,1,3391,Pond,0.182235000000000,Hist,Hist salmon,6003,281.055167234914222,,6003,159862.665859964530682,364384257.434201776981354,Black River,23,161.950105564460728,1821.166402701946254,
-1,1,3392,Marsh,46.278939999999999,Both,Hist salmon,5777,6.158101929853291,4794,5777,159862.665859964530682,364384257.434201776981354,Black River,23,4394.778284882248954,462490.012623895891011,Yes
-1,1,3393,Marsh,0.687129000000000,Hist,Hist no salmon,6117,240.159529092738467,,6117,159862.665859964530682,364384257.434201776981354,Black River,23,642.227299917524874,6866.823901546666093,
-1,1,3394,Marsh,0.740759000000000,Both,Hist salmon,19207,0.004716056791214,,19207,159862.665859964530682,364384257.434201776981354,Black River,23,352.612435722071666,7402.790650339046806,
-1,1,3395,Marsh,84.213329000000002,Both,Hist salmon,19204,0.000000000000000,4743,19204,159862.665859964530682,364384257.434201776981354,Black River,23,4324.051543827992646,841587.794970040908083,Yes
-1,1,3396,Marsh,1.792406000000000,Hist,Hist salmon,5772,1270.454574364182690,,5772,159862.665859964530682,364384257.434201776981354,Black River,23,776.726393966963883,17912.514430206752877,Yes
-1,1,3397,Marsh,0.410957000000000,Hist,Hist salmon,5719,464.673510769478355,,5719,159862.665859964530682,364384257.434201776981354,Black River,23,305.646624628205814,4106.929558131168960,
-1,1,3398,Marsh,3.360193000000000,Hist,Hist salmon,5691,21.850360603073774,,5691,159862.665859964530682,364384257.434201776981354,Black River,23,1788.031312555980548,33580.414733175202855,Yes
-1,1,3399,Marsh,1.669890000000000,Hist,Hist salmon,5680,281.190948516284891,,5680,159862.665859964530682,364384257.434201776981354,Black River,23,1235.046747629350421,16688.226795192415011,Yes
-1,1,3400,Marsh,0.028011000000000,Hist,Hist no salmon,6604,355.569690106929443,,6604,159862.665859964530682,364384257.434201776981354,Black River,23,83.202468226412591,279.923604364086373,
-1,1,3401,Marsh,0.134119000000000,Hist,Hist no salmon,6591,522.582869085319430,,6591,159862.665859964530682,364384257.434201776981354,Black River,23,147.090271483208312,1340.317593051772747,
-1,1,3402,Marsh,3.837559000000000,Hist,Hist no salmon,6064,1083.578843309289596,,6064,106638.473340230484609,103623513.334606394171715,Scatter Creek,22,823.316292139244297,38350.479739637594321,
-1,1,3403,Marsh,3.173781000000000,Hist,Hist no salmon,6058,1055.765583315575213,,6058,106638.473340230484609,103623513.334606394171715,Scatter Creek,22,804.712036172465673,31717.086432297430292,
-1,1,3404,Marsh,0.389590000000000,Hist,Hist no salmon,6058,973.121115823093078,,6058,106638.473340230484609,103623513.334606394171715,Scatter Creek,22,239.497984421428157,3893.353341926164831,
-1,1,3405,Marsh,1.064099000000000,Hist,Hist no salmon,6053,388.997304536492322,,6053,106638.473340230484609,103623513.334606394171715,Scatter Creek,22,422.282297675016935,10634.058674983718447,
-1,1,3406,Marsh,1.018284000000000,Curr,Hist salmon,6059,500.382036881014301,,6059,106638.473340230484609,103623513.334606394171715,Scatter Creek,22,459.941424487268876,10176.176921293303167,
-1,1,3407,Marsh,0.910932000000000,Hist,Hist salmon,6064,98.656832648629845,,6064,106638.473340230484609,103623513.334606394171715,Scatter Creek,22,371.344523740839350,9103.373747376532265,
-1,1,3408,Marsh,0.567635000000000,Curr,Hist salmon,6064,560.013030662110509,,6064,106638.473340230484609,103623513.334606394171715,Scatter Creek,22,280.072738387240406,5672.643391965850242,
-1,1,3409,Marsh,0.063277000000000,Curr,Hist salmon,6057,127.082195190066258,,6057,106638.473340230484609,103623513.334606394171715,Scatter Creek,22,103.547251960822692,632.353680174590409,
-1,1,3410,Marsh,3.060646000000000,Hist,Hist no salmon,6056,1098.510541503937702,,6056,106638.473340230484609,103623513.334606394171715,Scatter Creek,22,651.578473946705003,30586.510973043266858,
-1,1,3411,Pond,0.636004000000000,Hist,Hist no salmon,6132,872.905912165672817,,6132,106638.473340230484609,103623513.334606394171715,Scatter Creek,22,594.548800028166966,6355.900446256916439,
-1,1,3412,Marsh,0.184801000000000,Hist,Hist no salmon,6048,542.508022251197531,,6048,106638.473340230484609,103623513.334606394171715,Scatter Creek,22,171.742684741425677,1846.807969905526079,
-1,2,3413,Marsh,1.157525000000000,Hist,Hist no salmon,6135,716.701290049307545,,6135,106638.473340230484609,103623513.334606394171715,Scatter Creek,22,703.514494532374670,11567.710975658992538,
-1,2,3414,Pond,0.730689000000000,Hist,Hist no salmon,5462,1123.344434145561991,,5462,106638.473340230484609,103623513.334606394171715,Scatter Creek,22,613.119643983407968,7302.136411835826948,
-1,1,3415,Marsh,0.111161000000000,Hist,Hist salmon,6258,0.000000000000000,,6258,106638.473340230484609,103623513.334606394171715,Scatter Creek,22,129.616667316345968,1110.893091986203217,
-1,1,3416,Marsh,0.670572000000000,Curr,Hist salmon,6049,196.198370998592594,,6049,106638.473340230484609,103623513.334606394171715,Scatter Creek,22,458.461854905581333,6701.364453427346234,
-1,1,3417,Marsh,0.690055000000000,Curr,Hist no salmon,6064,750.544272807499055,,6064,106638.473340230484609,103623513.334606394171715,Scatter Creek,22,324.372985387435335,6896.039192191226903,
-1,1,3418,Marsh,0.842166000000000,Curr,Hist salmon,6049,259.839269814953866,,6049,106638.473340230484609,103623513.334606394171715,Scatter Creek,22,405.363323464958398,8416.189118796763069,
-1,1,3419,Pond,0.301412000000000,Hist,Hist salmon,6384,604.177122468654034,,6384,159862.665859964530682,364384257.434201776981354,Black River,23,273.446698353576096,3012.156190573899494,
-1,1,3420,Marsh,1.405104000000000,Both,Hist salmon,5802,324.637632533975193,,5802,106638.473340230484609,103623513.334606394171715,Scatter Creek,22,605.221109246346828,14041.910368878941881,
-1,1,3421,Pond,0.913724000000000,Curr,Hist no salmon,6384,969.115331158869139,,6384,106638.473340230484609,103623513.334606394171715,Scatter Creek,22,362.045507420208196,9131.281284027580114,
-1,1,3422,Pond,0.145789000000000,Hist,Hist salmon,5464,48.512012873180893,,5464,106638.473340230484609,103623513.334606394171715,Scatter Creek,22,166.789452169594796,1456.947457401351130,
-1,1,3423,Pond,0.434385000000000,Hist,Hist no salmon,6122,2117.091353995866939,,6122,106638.473340230484609,103623513.334606394171715,Scatter Creek,22,296.031026326665881,4341.023509190231380,
-1,1,3424,Marsh,0.902686000000000,Hist,Hist no salmon,6384,806.672491076167148,,6384,106638.473340230484609,103623513.334606394171715,Scatter Creek,22,585.129240600757385,9020.981887756001015,
-1,1,3425,Pond,0.134969000000000,Hist,Hist no salmon,6384,1707.716914214398457,,6384,106638.473340230484609,103623513.334606394171715,Scatter Creek,22,147.683269771112549,1348.809453669574623,
-1,1,3426,Marsh,1.355704000000000,Curr,Hist no salmon,6384,826.300074222516969,,6384,106638.473340230484609,103623513.334606394171715,Scatter Creek,22,550.386707909160350,13548.210047969952939,
-1,1,3427,Pond,1.550866000000000,Hist,Hist no salmon,5462,1260.934243003563779,,5462,159862.665859964530682,364384257.434201776981354,Black River,23,687.657589860148391,15498.574002920007842,
-1,1,3428,Pond,1.309288000000000,Hist,Hist no salmon,5460,1143.756948703185344,,5460,106638.473340230484609,103623513.334606394171715,Scatter Creek,22,633.861210950607529,13084.378591368100388,
-1,1,3429,Marsh,3.099507000000000,Both,Hist no salmon,6384,1128.720759339927099,,6384,106638.473340230484609,103623513.334606394171715,Scatter Creek,22,958.594904232785325,30974.902959696348262,
-1,1,3430,Marsh,1.243042000000000,Hist,Hist salmon,6023,174.915447400570116,,6023,106638.473340230484609,103623513.334606394171715,Scatter Creek,22,437.659887070787931,12422.379265923023922,
-1,1,3431,Pond,0.058713000000000,Hist,Hist no salmon,23013,2221.718246641787573,,23013,106638.473340230484609,103623513.334606394171715,Scatter Creek,22,92.081551413499824,586.744068873256879,
-1,1,3432,Marsh,1.531111000000000,Hist,Hist salmon,22632,0.000000000000000,,22632,106638.473340230484609,103623513.334606394171715,Scatter Creek,22,624.161856052373764,15301.256683056402835,
-1,1,3433,Pond,0.108688000000000,Curr,Curr degrade,5400,416.040179714878093,,5400,106638.473340230484609,103623513.334606394171715,Scatter Creek,22,119.574048000513613,1086.172646570121515,
-1,1,3434,Pond,0.095919000000000,Curr,Hist no salmon,5417,1402.048735348292666,,5417,106638.473340230484609,103623513.334606394171715,Scatter Creek,22,121.058630123620560,958.566015300335266,
-1,1,3435,Pond,0.020502000000000,Hist,Hist no salmon,5427,1947.451984654913304,,5427,106638.473340230484609,103623513.334606394171715,Scatter Creek,22,54.517740203180111,204.884748252576685,
-1,1,3436,Pond,0.042652000000000,Curr,Hist no salmon,5424,1709.762524244279575,,5424,106638.473340230484609,103623513.334606394171715,Scatter Creek,22,84.003096452552370,426.243388005033125,
-1,1,3437,Pond,0.024302000000000,Hist,Hist no salmon,5427,1885.539837704663114,,5427,106638.473340230484609,103623513.334606394171715,Scatter Creek,22,58.363770744742943,242.862499604179050,
-1,1,3438,Pond,0.070206000000000,Hist,Hist no salmon,5427,1909.275166237807980,,5427,106638.473340230484609,103623513.334606394171715,Scatter Creek,22,105.695937982425733,701.601158502152089,
-1,1,3439,Marsh,3.722834000000000,Both,Hist salmon,5349,0.000000000000000,,5349,106638.473340230484609,103623513.334606394171715,Scatter Creek,22,921.087112010278588,37204.344697889915551,
-1,1,3440,Marsh,11.478002999999999,Hist,Hist salmon,5350,0.000000000000000,,5350,106638.473340230484609,103623513.334606394171715,Scatter Creek,22,3161.789092861104109,114705.951738618416130,
-1,1,3441,Marsh,0.166902000000000,Curr,Hist salmon,19343,0.000000000000000,,19343,64116.909780659618264,34581500.544033728539944,Unnamed: Black River 1,21,171.916426847277478,1667.949398053853429,
-1,1,3442,Marsh,0.085498000000000,Hist,Hist no salmon,23081,693.386033738019705,,23081,40239.034924584579130,15952808.948135545477271,Mainstem: Lower Chehalis 2,58,111.889922940210241,854.428838736317402,
-1,1,3443,Marsh,0.200727000000000,Curr,Hist salmon,19354,118.451692402601822,,19354,64116.909780659618264,34581500.544033728539944,Unnamed: Black River 1,21,175.322063336995910,2005.979583384665148,
-1,1,3444,Marsh,0.846728000000000,Curr,Hist salmon,19348,0.000000000000000,,19348,64116.909780659618264,34581500.544033728539944,Unnamed: Black River 1,21,387.853866080305863,8461.820992253135046,
-1,1,3445,Marsh,4.305122000000000,Curr,Hist salmon,5223,0.000000000000000,,5223,64116.909780659618264,34581500.544033728539944,Unnamed: Black River 1,21,871.092041085309688,43023.515146353718592,
-1,1,3446,Pond,0.429247000000000,Curr,Hist salmon,5213,316.029135031324927,,5213,64116.909780659618264,34581500.544033728539944,Unnamed: Black River 1,21,304.410842660300546,4289.711166045031860,
-1,1,3447,Marsh,0.319772000000000,Hist,Hist salmon,19354,139.911930252654713,,19354,64116.909780659618264,34581500.544033728539944,Unnamed: Black River 1,21,241.961712041545411,3195.670485742392884,
-1,1,3448,Marsh,0.094740000000000,Curr,Hist salmon,5207,0.000000000000000,,5207,64116.909780659618264,34581500.544033728539944,Unnamed: Black River 1,21,123.423782128390641,946.790115265081567,
-1,1,3449,Pond,1.231956000000000,Hist,Hist salmon,5194,0.000000000000000,,5194,40239.034924584579130,15952808.948135545477271,Mainstem: Lower Chehalis 2,58,740.219073120645135,12311.645039482478751,Yes
-1,1,3450,Marsh,4.231958000000000,Hist,Hist salmon,5105,0.000000000000000,,5105,40239.034924584579130,15952808.948135545477271,Mainstem: Lower Chehalis 2,58,1200.576063132030640,42292.443549887284462,
-1,1,3451,FP channel,0.581790000000000,Both,Hist salmon,22518,0.000000000000000,547,22518,40239.034924584579130,15952808.948135545477271,Mainstem: Lower Chehalis 2,58,570.490814560085141,5814.165555221345130,Yes
-1,1,3452,Marsh,0.430801000000000,Both,Hist no salmon,5798,519.028555129279539,,5798,106638.473340230484609,103623513.334606394171715,Scatter Creek,22,240.550466067506306,4305.213892547625619,
-1,1,3453,Marsh,8.982236000000000,Curr,Hist salmon,18168,0.000000000000000,,18168,138406.144823040289339,318898089.190657675266266,Skookumchuck River,18,2342.488562767017811,89764.652048327290686,
-1,1,3454,Pond,0.060442000000000,Hist,Hist salmon,18074,149.438182867621094,,18074,138406.144823040289339,318898089.190657675266266,Skookumchuck River,18,91.217481757026590,604.036523950632954,
-1,1,3455,Marsh,0.116423000000000,Hist,Hist salmon,18368,0.000000000000000,,18368,138406.144823040289339,318898089.190657675266266,Skookumchuck River,18,132.819019095865173,1163.478801794416313,
-1,1,3456,Marsh,58.655468999999997,Curr,Hist salmon,18529,0.000000000000000,,18529,138406.144823040289339,318898089.190657675266266,Skookumchuck River,18,7183.950890910642556,586178.419437425094657,
-1,1,3457,Marsh,0.105717000000000,Hist,Hist salmon,18934,609.305483930997866,,18934,138406.144823040289339,318898089.190657675266266,Skookumchuck River,18,144.983841845857540,1056.497964097970907,
-1,1,3458,Marsh,0.069006000000000,Hist,Hist no salmon,4753,374.748711789087281,,4753,33120.890699998715718,13469576.136961460113525,Mainstem: Lower Chehalis 1,57,103.576248418358119,689.616832438072379,
-1,1,3459,Pond,0.433616000000000,Hist,Hist salmon,5048,1090.428120732065508,,5048,64116.909780659618264,34581500.544033728539944,Unnamed: Black River 1,21,274.828542638868953,4333.381843566639873,
-1,1,3460,Pond,1.023703000000000,Curr,Hist salmon,5044,0.000000000000000,,5044,64116.909780659618264,34581500.544033728539944,Unnamed: Black River 1,21,681.439617703080557,10230.481049428048209,
-1,1,3461,Pond,1.993265000000000,Curr,Hist no salmon,19191,115.422168936122688,,19191,138406.144823040289339,318898089.190657675266266,Skookumchuck River,18,762.256617633037422,19919.994829162718815,
-1,2,3462,Marsh,0.723325000000000,Hist,Curr degradeH,4748,1585.639350901429680,,4748,64116.909780659618264,34581500.544033728539944,Unnamed: Black River 1,21,496.263762923643526,7228.648425521160789,
-1,1,3463,Marsh,3.426148000000000,Hist,Hist salmon,4753,258.857409405725491,,4753,33120.890699998715718,13469576.136961460113525,Mainstem: Lower Chehalis 1,57,837.354068512200911,34239.680840554152383,
-1,1,3464,Pond,0.060016000000000,Hist,Curr degradeH,18247,1204.006520183244675,,18247,33120.890699998715718,13469576.136961460113525,Mainstem: Lower Chehalis 1,57,108.661479130651898,599.783533533722334,
-1,1,3465,Marsh,0.423149000000000,Hist,Hist no salmon,4758,491.230085450451099,,4758,33120.890699998715718,13469576.136961460113525,Mainstem: Lower Chehalis 1,57,248.060847668786977,4228.799322721742101,
-1,2,3466,Marsh,2.179101000000000,Hist,Curr degradeH,4748,1027.822704867362745,,4748,64116.909780659618264,34581500.544033728539944,Unnamed: Black River 1,21,882.401592591473786,21777.120756386691937,
-1,1,3467,Pond,0.076671000000000,Hist,Hist salmon,16345,0.000000000000000,,16345,222380.125267685507424,776523555.048679113388062,Satsop River,40,101.170610783566360,766.123153312221802,
-1,0,3468,Marsh,1.716827000000000,Curr,Hist no salmon,15008,793.205524670992872,,15008,,,,,765.719500556933667,17155.115414509724360,
-1,0,3469,Marsh,0.923682000000000,Curr,Hist no salmon,15007,402.268444904029593,,15007,,,,,395.743335952303767,9229.755145062516021,
-1,1,3470,Marsh,0.472466000000000,Hist,Hist no salmon,15007,490.604309169191595,,15007,222380.125267685507424,776523555.048679113388062,Satsop River,40,309.768769568850644,4721.063492795206002,
-1,1,3471,Marsh,1.008591000000000,Hist,Hist no salmon,16258,592.268973344276787,,16258,222380.125267685507424,776523555.048679113388062,Satsop River,40,587.997135460479853,10078.222648266733813,
-1,1,3472,Marsh,0.632510000000000,Hist,Hist no salmon,22642,650.099157543746742,,22642,222380.125267685507424,776523555.048679113388062,Satsop River,40,286.491615571381146,6320.378980135395068,
-1,1,3473,Marsh,0.230388000000000,Hist,Hist salmon,14981,1004.745339461941171,,14981,222380.125267685507424,776523555.048679113388062,Satsop River,40,212.138402705704834,2302.160118534164667,
-1,1,3474,Marsh,0.964684000000000,Hist,Hist no salmon,22642,750.366538448181700,,22642,222380.125267685507424,776523555.048679113388062,Satsop River,40,437.870428367808415,9639.615401396671587,
-1,1,3475,Marsh,0.291399000000000,Hist,Hist no salmon,14984,898.578702322048912,,14984,222380.125267685507424,776523555.048679113388062,Satsop River,40,202.524030048145704,2911.810147832713938,
-1,1,3476,Marsh,1.352646000000000,Hist,Hist no salmon,22642,645.307509964086080,,22642,222380.125267685507424,776523555.048679113388062,Satsop River,40,438.974281452725052,13516.334802962297545,
-1,1,3477,Marsh,0.733743000000000,Hist,Hist no salmon,22642,529.152338165401829,,22642,222380.125267685507424,776523555.048679113388062,Satsop River,40,312.856492742094872,7331.951537910741536,
-1,1,3478,Marsh,0.520896000000000,Hist,Hist no salmon,22642,660.356081942173546,,22642,222380.125267685507424,776523555.048679113388062,Satsop River,40,266.034515978711852,5205.060354066890795,
-1,1,3479,Marsh,1.221944000000000,Hist,Hist no salmon,22639,797.753754898218290,,22639,222380.125267685507424,776523555.048679113388062,Satsop River,40,410.331175101729798,12210.339162305344871,
-1,1,3480,Marsh,2.057744000000000,Hist,Hist salmon,14981,953.182984594313552,,14981,222380.125267685507424,776523555.048679113388062,Satsop River,40,976.644521113992596,20562.083201844143332,
-1,1,3481,Marsh,0.038450000000000,Hist,Hist salmon,20369,96.483802408070488,,20369,222380.125267685507424,776523555.048679113388062,Satsop River,40,92.517544030653468,384.211804551497551,
-1,1,3482,Marsh,0.116389000000000,Curr,Hist salmon,14981,1919.830748996448165,,14981,222380.125267685507424,776523555.048679113388062,Satsop River,40,135.808125955875084,1163.027874843075779,
-1,1,3483,Marsh,0.262708000000000,Curr,Hist salmon,14981,1820.447345795207639,,14981,222380.125267685507424,776523555.048679113388062,Satsop River,40,206.242291846409017,2625.130549469384277,
-1,1,3484,Marsh,0.690067000000000,Hist,Hist no salmon,13665,823.028905502947737,,13665,222380.125267685507424,776523555.048679113388062,Satsop River,40,352.624142432502254,6895.594514731175877,
-1,1,3485,Marsh,20.250270000000000,Hist,Hist salmon,14685,0.000000000000000,,14685,222380.125267685507424,776523555.048679113388062,Satsop River,40,5075.862757974502529,202352.864100673003122,
-1,1,3486,Marsh,0.044452000000000,Hist,Hist salmon,15647,116.043557192966389,,15647,222380.125267685507424,776523555.048679113388062,Satsop River,40,95.815710126757679,444.194836577738613,
-1,1,3487,Marsh,4.605815000000000,Hist,Hist no salmon,13425,1117.494733543106804,,13425,222380.125267685507424,776523555.048679113388062,Satsop River,40,1340.601279586870305,46024.273570315905090,
-1,1,3488,Marsh,0.983932000000000,Hist,Hist salmon,13665,881.083648514675133,,13665,222380.125267685507424,776523555.048679113388062,Satsop River,40,441.430647086996828,9832.093150023463750,
-1,1,3489,Marsh,0.475205000000000,Hist,Hist salmon,13665,736.750510789441933,,13665,222380.125267685507424,776523555.048679113388062,Satsop River,40,262.781293104778968,4748.560726544723366,
-1,1,3490,Marsh,0.049804000000000,Curr,Hist salmon,13677,0.000000000000000,,13677,222380.125267685507424,776523555.048679113388062,Satsop River,40,88.100677375234696,497.675925620766293,
-1,1,3491,Pond,3.417628000000000,Curr,Hist salmon,20373,1523.200124977676751,,20373,222380.125267685507424,776523555.048679113388062,Satsop River,40,697.607819157227709,34150.845511661354976,
-1,1,3492,Marsh,1.382686000000000,Hist,Hist salmon,14981,1819.975515552072920,,14981,222380.125267685507424,776523555.048679113388062,Satsop River,40,707.363234725025222,13816.539934375590747,
-1,1,3493,Marsh,0.367094000000000,Curr,Hist no salmon,14981,730.605849744901207,,14981,222380.125267685507424,776523555.048679113388062,Satsop River,40,247.585217072858455,3668.189262175377280,
-1,1,3494,Marsh,0.230355000000000,Hist,Hist salmon,14984,1392.100455049029733,,14984,222380.125267685507424,776523555.048679113388062,Satsop River,40,216.604371870849775,2301.821911610461484,
-1,1,3495,Marsh,0.065104000000000,Curr,Hist salmon,14984,1459.163387726292285,,14984,222380.125267685507424,776523555.048679113388062,Satsop River,40,108.395204624386494,650.550677484762218,
-1,1,3496,Marsh,2.000737000000000,Curr,Hist salmon,14984,1238.608497189976561,,14984,222380.125267685507424,776523555.048679113388062,Satsop River,40,1038.195635937302313,19992.393580478485092,
-1,1,3497,Pond,0.054853000000000,Hist,Hist salmon,14984,1516.383266621015082,,14984,222380.125267685507424,776523555.048679113388062,Satsop River,40,89.177030912782058,548.123533635969579,
-1,1,3498,Marsh,0.609608000000000,Hist,Hist no salmon,22639,519.246379799280930,,22639,222380.125267685507424,776523555.048679113388062,Satsop River,40,292.077117841199424,6091.545232780893457,
-1,1,3499,Marsh,9.477330000000000,Curr,Hist salmon,22637,22.240568679593594,,22637,222380.125267685507424,776523555.048679113388062,Satsop River,40,1606.047233430239885,94702.842325719830114,
-1,1,3500,Marsh,1.038353000000000,Hist,Hist no salmon,14984,752.894287157364829,,14984,222380.125267685507424,776523555.048679113388062,Satsop River,40,535.438846129718286,10375.747933101265517,
-1,1,3501,Lake,113.388575000000003,Hist,Hist salmon,14981,0.000000000000000,,14981,222380.125267685507424,776523555.048679113388062,Satsop River,40,4828.083605551987603,1133040.812463725917041,
-1,1,3502,Marsh,0.151752000000000,Curr,Hist no salmon,14981,278.813092364628176,,14981,222380.125267685507424,776523555.048679113388062,Satsop River,40,151.825911078130957,1516.387089016609480,
-1,1,3503,Marsh,0.175434000000000,Curr,Hist no salmon,14981,177.616325449906185,,14981,222380.125267685507424,776523555.048679113388062,Satsop River,40,163.283261283638012,1753.029787848470733,
-1,1,3504,Marsh,2.140879000000000,Hist,Hist no salmon,22639,570.585364380285455,,22639,222380.125267685507424,776523555.048679113388062,Satsop River,40,606.887481467136354,21392.852593527779391,
-1,1,3505,Marsh,0.599460000000000,Hist,Hist no salmon,22642,539.714644699700671,,22642,222380.125267685507424,776523555.048679113388062,Satsop River,40,285.197115422603815,5990.121265620955455,
-1,1,3506,Marsh,0.466275000000000,Hist,Hist no salmon,15652,134.902632620479125,,15652,222380.125267685507424,776523555.048679113388062,Satsop River,40,304.667791532853130,4659.331541788680624,
-1,1,3507,Marsh,2.403134000000000,Hist,Hist no salmon,13423,550.012961351577701,,13423,222380.125267685507424,776523555.048679113388062,Satsop River,40,654.679364997359130,24013.829942041727918,
-1,1,3508,Marsh,2.876451000000000,Curr,Hist salmon,14173,49.546558012472509,,14173,222380.125267685507424,776523555.048679113388062,Satsop River,40,771.869457125403983,28743.449097465738305,
-1,1,3509,Marsh,0.714634000000000,Hist,Hist salmon,14101,254.031567826521979,,14101,222380.125267685507424,776523555.048679113388062,Satsop River,40,380.454888322731279,7141.109928080779355,
-1,1,3510,Marsh,0.412189000000000,Curr,Hist no salmon,13654,195.555054285459789,,13654,222380.125267685507424,776523555.048679113388062,Satsop River,40,292.778006893432178,4118.899503355651177,
-1,1,3511,Marsh,0.667472000000000,Curr,Hist salmon,13421,619.619370074793892,,13421,222380.125267685507424,776523555.048679113388062,Satsop River,40,327.467238094116510,6669.851189363014782,
-1,1,3512,Marsh,1.369708000000000,Hist,Hist no salmon,14688,1022.617731723646784,,14688,222380.125267685507424,776523555.048679113388062,Satsop River,40,552.910376492921273,13687.016165250706763,
-1,1,3513,Marsh,34.045628999999998,Hist,Hist salmon,14090,0.000000000000000,,14090,222380.125267685507424,776523555.048679113388062,Satsop River,40,10254.695204399375143,340207.397371575410943,
-1,1,3514,Marsh,1.774324000000000,Hist,Hist no salmon,13655,185.431644914741526,,13655,222380.125267685507424,776523555.048679113388062,Satsop River,40,848.000309137068939,17730.329034639034944,
-1,1,3515,Marsh,0.152822000000000,Hist,Hist salmon,13425,1037.043645135961924,,13425,222380.125267685507424,776523555.048679113388062,Satsop River,40,153.517649376198278,1527.101038048395594,
-1,1,3516,Marsh,8.265321999999999,Hist,Hist salmon,22728,366.934955935510061,,22728,222380.125267685507424,776523555.048679113388062,Satsop River,40,2109.069226824820817,82592.480427814458380,
-1,1,3517,Marsh,0.171402000000000,Hist,Hist salmon,13425,961.777831887061325,,13425,222380.125267685507424,776523555.048679113388062,Satsop River,40,183.379245432720410,1712.759130015831261,
-1,1,3518,Marsh,1.068403000000000,Hist,Hist no salmon,14684,601.279423970212861,,14684,222380.125267685507424,776523555.048679113388062,Satsop River,40,405.481126471140271,10676.152125146081744,
-1,1,3519,Marsh,1.728966000000000,Hist,Hist no salmon,13706,104.854084450731236,,13706,222380.125267685507424,776523555.048679113388062,Satsop River,40,570.698917014281619,17277.081207491624809,
-1,1,3520,Marsh,0.548490000000000,Hist,Hist no salmon,13425,498.347862533145985,,13425,222380.125267685507424,776523555.048679113388062,Satsop River,40,292.850653322268613,5480.881075386696466,
-1,1,3521,Marsh,0.986664000000000,Hist,Hist salmon,13425,461.486544139823536,,13425,222380.125267685507424,776523555.048679113388062,Satsop River,40,447.987922670818705,9859.426751573329966,
-1,1,3522,Marsh,0.013539000000000,Curr,Hist salmon,14689,481.665262986284006,,14689,222380.125267685507424,776523555.048679113388062,Satsop River,40,52.399056323502521,135.291692629682501,
-1,1,3523,Marsh,0.018846000000000,Curr,Hist salmon,14689,428.333823811466686,,14689,222380.125267685507424,776523555.048679113388062,Satsop River,40,54.465288893746539,188.321259376307438,
-1,1,3524,Marsh,0.011094000000000,Hist,Hist salmon,14689,560.381807418456788,,14689,222380.125267685507424,776523555.048679113388062,Satsop River,40,42.950742992340906,110.856182173432231,
-1,1,3525,Marsh,0.015411000000000,Hist,Hist salmon,14689,588.884752930166655,,14689,222380.125267685507424,776523555.048679113388062,Satsop River,40,58.326224368855293,153.993670953337755,
-1,1,3526,Marsh,0.026193000000000,Hist,Hist salmon,14689,527.613872190139659,,14689,222380.125267685507424,776523555.048679113388062,Satsop River,40,63.711878601273042,261.737096215662746,
-1,1,3527,Marsh,0.016247000000000,Hist,Hist salmon,14689,506.410611914567085,,14689,222380.125267685507424,776523555.048679113388062,Satsop River,40,48.623151410632772,162.345521587300539,
-1,1,3528,Marsh,4.417802000000000,Curr,Hist no salmon,14101,921.464351262185005,,14101,222380.125267685507424,776523555.048679113388062,Satsop River,40,1048.903149696961464,44145.618181029189145,
-1,1,3529,Marsh,0.219038000000000,Hist,Hist salmon,13425,391.234201233087617,,13425,222380.125267685507424,776523555.048679113388062,Satsop River,40,182.174120282622169,2188.776271508889295,
-1,1,3530,Marsh,0.393754000000000,Hist,Hist salmon,13660,431.837288106486938,,13660,222380.125267685507424,776523555.048679113388062,Satsop River,40,274.332570253219558,3934.665580172701539,
-1,1,3531,Marsh,0.433670000000000,Hist,Hist salmon,13660,330.693403828907890,,13660,222380.125267685507424,776523555.048679113388062,Satsop River,40,271.148145825767358,4333.540924520741100,
-1,1,3532,Marsh,0.198657000000000,Hist,Hist salmon,13660,389.178372979844482,,13660,222380.125267685507424,776523555.048679113388062,Satsop River,40,165.225332390570628,1985.124058485637988,
-1,1,3533,Marsh,0.517753000000000,Curr,Hist no salmon,14101,801.619329340238323,,14101,222380.125267685507424,776523555.048679113388062,Satsop River,40,323.533662562535085,5173.735145188300521,
-1,1,3534,Marsh,0.066746000000000,Hist,Hist salmon,13657,0.000000000000000,,13657,222380.125267685507424,776523555.048679113388062,Satsop River,40,122.078189732981613,666.971899501437861,
-1,1,3535,Marsh,3.738891000000000,Hist,Hist salmon,13425,0.000000000000000,,13425,222380.125267685507424,776523555.048679113388062,Satsop River,40,993.955390134133609,37361.579256108496338,
-1,1,3536,Marsh,0.945311000000000,Hist,Hist salmon,13657,162.532358638105705,,13657,222380.125267685507424,776523555.048679113388062,Satsop River,40,433.537545435786683,9446.220214238801418,
-1,1,3537,Marsh,0.139935000000000,Hist,Hist salmon,13655,0.000000000000000,,13655,222380.125267685507424,776523555.048679113388062,Satsop River,40,176.478036789717578,1398.331544232819851,
-1,1,3538,Marsh,2.551577000000000,Hist,Hist no salmon,13655,519.455556588419881,,13655,222380.125267685507424,776523555.048679113388062,Satsop River,40,940.255292013347116,25497.187868632998288,
-1,1,3539,Marsh,3.542127000000000,Curr,Hist salmon,13701,148.488452081106743,,13701,222380.125267685507424,776523555.048679113388062,Satsop River,40,1185.276916185079699,35395.586855717272556,
-1,1,3540,Marsh,0.600279000000000,Hist,Hist salmon,13425,170.951168893461499,,13425,222380.125267685507424,776523555.048679113388062,Satsop River,40,365.290555642071695,5998.399488275940712,
-1,1,3541,Marsh,0.873405000000000,Hist,Hist salmon,13659,402.525426562638586,,13659,222380.125267685507424,776523555.048679113388062,Satsop River,40,440.774649161868354,8727.680343109619571,
-1,1,3542,Marsh,9.249904000000001,Hist,Hist salmon,14173,278.016551717450284,,14173,222380.125267685507424,776523555.048679113388062,Satsop River,40,2321.132923038227091,92431.236684170216904,
-1,1,3543,Marsh,3.936656000000000,Curr,Hist no salmon,13425,460.683198123035197,,13425,222380.125267685507424,776523555.048679113388062,Satsop River,40,1050.500750880847818,39337.786839498665358,
-1,1,3544,Marsh,0.418267000000000,Hist,Hist salmon,13664,362.014736191975032,,13664,222380.125267685507424,776523555.048679113388062,Satsop River,40,233.064242309772879,4179.605292105195986,
-1,1,3545,Marsh,0.934546000000000,Hist,Hist salmon,13664,613.391965191380223,,13664,222380.125267685507424,776523555.048679113388062,Satsop River,40,374.389359274949641,9338.618941903445375,
-1,1,3546,Marsh,4.769896000000000,Curr,Hist no salmon,14691,232.696693008846353,,14691,222380.125267685507424,776523555.048679113388062,Satsop River,40,1963.175822851037310,47663.691479927911132,
-1,1,3547,Marsh,1.275062000000000,Hist,Hist no salmon,13709,157.176050407513003,,13709,222380.125267685507424,776523555.048679113388062,Satsop River,40,419.599672949949024,12741.324955609667086,
-1,1,3548,Marsh,0.189591000000000,Hist,Hist no salmon,13425,1214.628482593868966,,13425,222380.125267685507424,776523555.048679113388062,Satsop River,40,210.618811039843735,1894.512214632467931,
-1,1,3549,Pond,0.489975000000000,Curr,Hist no salmon,14691,277.929417861115382,,14691,222380.125267685507424,776523555.048679113388062,Satsop River,40,341.479841683127859,4896.128338660121699,
-1,1,3550,Marsh,0.571225000000000,Hist,Hist salmon,22731,976.618554422228840,,22731,222380.125267685507424,776523555.048679113388062,Satsop River,40,283.695275163539065,5708.016023441691686,
-1,1,3551,Marsh,0.712339000000000,Hist,Hist no salmon,13673,1445.642565922546282,,13673,222380.125267685507424,776523555.048679113388062,Satsop River,40,337.137777276133193,7118.126968655561541,
-1,1,3552,Marsh,5.374076000000000,Curr,Hist no salmon,13673,1281.785084291996327,,13673,222380.125267685507424,776523555.048679113388062,Satsop River,40,1095.908086143497712,53701.163579925545491,
-1,1,3553,Marsh,1.495569000000000,Curr,Hist salmon,22731,329.739282554892498,,22731,222380.125267685507424,776523555.048679113388062,Satsop River,40,928.207333444917367,14944.628214022721295,
-1,1,3554,Marsh,0.100982000000000,Curr,Hist salmon,14698,0.000000000000000,,14698,222380.125267685507424,776523555.048679113388062,Satsop River,40,141.589110210012308,1009.074226263348805,
-1,1,3555,Marsh,0.117642000000000,Hist,Hist no salmon,13425,1409.416782534621234,,13425,222380.125267685507424,776523555.048679113388062,Satsop River,40,159.259766490344845,1175.556184376135661,
-1,1,3556,Marsh,1.946687000000000,Curr,Hist salmon,22731,613.609274234292570,,22731,222380.125267685507424,776523555.048679113388062,Satsop River,40,783.513403107683303,19452.470981528047560,
-1,1,3557,Marsh,0.121675000000000,Hist,Hist salmon,15647,125.410378137280475,,15647,222380.125267685507424,776523555.048679113388062,Satsop River,40,156.965339834287619,1215.861912700293033,
-1,1,3558,Marsh,0.877957000000000,Curr,Hist no salmon,13673,1353.913424050562526,,13673,222380.125267685507424,776523555.048679113388062,Satsop River,40,576.187728733108770,8773.110261628808075,
-1,1,3559,Marsh,0.248189000000000,Hist,Hist salmon,13673,509.360860563210338,,13673,222380.125267685507424,776523555.048679113388062,Satsop River,40,182.940099593841779,2480.059237319064323,
-1,1,3560,Marsh,0.331719000000000,Hist,Hist salmon,13672,452.344685898507748,,13672,222380.125267685507424,776523555.048679113388062,Satsop River,40,217.611339608786494,3314.747453132014925,
-1,1,3561,Marsh,0.576986000000000,Hist,Hist salmon,13672,559.147362311397501,,13672,222380.125267685507424,776523555.048679113388062,Satsop River,40,273.429281526879549,5765.607506483437646,
-1,1,3562,Marsh,0.264500000000000,Hist,Hist salmon,13672,499.186256207896236,,13672,222380.125267685507424,776523555.048679113388062,Satsop River,40,191.537283771088426,2643.056271517422374,
-1,1,3563,Marsh,0.040455000000000,Curr,Hist salmon,14689,429.263067004685013,,14689,222380.125267685507424,776523555.048679113388062,Satsop River,40,104.084759043848592,404.247314230825054,
-1,1,3564,Marsh,0.405902000000000,Curr,Hist salmon,13419,245.512895954297022,,13419,222380.125267685507424,776523555.048679113388062,Satsop River,40,247.347672946184247,4056.069938726812779,
-1,1,3565,Marsh,2.704244000000000,Curr,Hist salmon,13698,0.000000000000000,,13698,222380.125267685507424,776523555.048679113388062,Satsop River,40,756.309574020875971,27022.876654886495089,
-1,1,3566,Marsh,7.954165000000000,Curr,Hist salmon,14101,144.122286215185824,,14101,222380.125267685507424,776523555.048679113388062,Satsop River,40,1731.929288937993078,79483.643052408238873,
-1,1,3567,Marsh,4.016555000000000,Hist,Hist no salmon,13648,416.803387058087594,,13648,222380.125267685507424,776523555.048679113388062,Satsop River,40,1122.424560741663527,40136.434402462633443,
-1,1,3568,Marsh,2.161842000000000,Curr,Hist salmon,14170,0.000000000000000,,14170,222380.125267685507424,776523555.048679113388062,Satsop River,40,785.513153498982092,21602.631199417483003,
-1,1,3569,Marsh,6.222093000000000,Curr,Hist salmon,13415,433.243574857577016,,13415,222380.125267685507424,776523555.048679113388062,Satsop River,40,981.725496635018317,62175.752783467018162,
-1,1,3570,Marsh,3.746183000000000,Hist,Hist salmon,13906,0.000000000000000,,13906,222380.125267685507424,776523555.048679113388062,Satsop River,40,1973.860800065490594,37434.708529664276284,
-1,1,3571,Marsh,0.105585000000000,Hist,Hist no salmon,13378,335.930434916661568,,13378,222380.125267685507424,776523555.048679113388062,Satsop River,40,117.983950640939568,1055.088548314902710,
-1,1,3572,Marsh,19.026648999999999,Curr,Hist salmon,13398,146.963374829994933,,13398,222380.125267685507424,776523555.048679113388062,Satsop River,40,4097.467882036701667,190129.807992488407763,
-1,1,3573,Marsh,0.784077000000000,Curr,Hist no salmon,14079,235.853849813623668,,14079,222380.125267685507424,776523555.048679113388062,Satsop River,40,326.146113316775427,7835.079187561327672,
-1,1,3574,Marsh,0.179648000000000,Hist,Hist no salmon,13915,189.699606921874704,,13915,222380.125267685507424,776523555.048679113388062,Satsop River,40,165.570870799634918,1795.178926431035279,
-1,1,3575,Marsh,1.557057000000000,Curr,Hist no salmon,13913,270.587317885632842,,13913,222380.125267685507424,776523555.048679113388062,Satsop River,40,717.637126184389331,15559.274724474771574,
-1,1,3576,Marsh,2.224847000000000,Curr,Hist no salmon,13993,168.788264595767998,,13993,222380.125267685507424,776523555.048679113388062,Satsop River,40,594.555659325885472,22232.357766593504493,
-1,1,3577,Marsh,0.487187000000000,Curr,Hist no salmon,13914,195.897692975820434,,13914,222380.125267685507424,776523555.048679113388062,Satsop River,40,333.439069383503465,4868.339096458257700,
-1,1,3578,Marsh,1.849589000000000,Curr,Hist salmon,13380,483.980377291591140,,13380,222380.125267685507424,776523555.048679113388062,Satsop River,40,742.666013293331616,18482.519691726680321,
-1,1,3579,Marsh,0.115538000000000,Curr,Hist no salmon,13379,772.105873327672839,,13379,222380.125267685507424,776523555.048679113388062,Satsop River,40,134.074871202886442,1154.547314040734136,
-1,1,3580,Marsh,0.336435000000000,Curr,Hist no salmon,13913,223.509815872016446,,13913,222380.125267685507424,776523555.048679113388062,Satsop River,40,208.833009922590662,3361.915068507610158,
-1,1,3581,Marsh,0.784136000000000,Curr,Hist salmon,13412,813.143914565089403,,13412,222380.125267685507424,776523555.048679113388062,Satsop River,40,414.843547371732200,7835.706812350654218,
-1,1,3582,Marsh,2.271785000000000,Hist,Hist no salmon,13910,193.779413232632123,,13910,222380.125267685507424,776523555.048679113388062,Satsop River,40,968.259313965961837,22701.358511091344553,
-1,1,3583,Marsh,2.523530000000000,Curr,Hist salmon,13414,690.116550732876135,,13414,222380.125267685507424,776523555.048679113388062,Satsop River,40,790.777740203208850,25217.068737748639251,
-1,1,3584,Marsh,2.801311000000000,Curr,Hist no salmon,13916,273.892665239633686,,13916,222380.125267685507424,776523555.048679113388062,Satsop River,40,782.149352753031508,27992.752440233547532,
-1,1,3585,Marsh,6.718430000000000,Curr,Hist salmon,13412,475.252096019810608,,13412,222380.125267685507424,776523555.048679113388062,Satsop River,40,990.934750491830755,67135.847769285028335,
-1,1,3586,Marsh,0.666228000000000,Hist,Hist salmon,13911,68.313418080493136,,13911,222380.125267685507424,776523555.048679113388062,Satsop River,40,403.171453614379345,6657.457455722505074,
-1,1,3587,Marsh,3.920295000000000,Hist,Hist no salmon,13378,403.551295576496898,,13378,222380.125267685507424,776523555.048679113388062,Satsop River,40,1361.727008898761142,39174.708626612453372,
-1,1,3588,Marsh,36.243968000000002,Curr,Hist salmon,13123,0.000000000000000,5209,13123,222380.125267685507424,776523555.048679113388062,Satsop River,40,11429.992173949451171,362179.989189973741304,
-1,1,3589,Marsh,0.426267000000000,Curr,Hist no salmon,13991,484.468897590421932,,13991,222380.125267685507424,776523555.048679113388062,Satsop River,40,262.871296894299348,4259.574710778422741,
-1,1,3590,Marsh,0.237472000000000,Curr,Hist no salmon,13991,678.438490730491594,,13991,222380.125267685507424,776523555.048679113388062,Satsop River,40,179.585794147648159,2373.003789380872149,
-1,1,3591,Marsh,1.021471000000000,Hist,Hist no salmon,13462,1435.834195288539604,,13462,222380.125267685507424,776523555.048679113388062,Satsop River,40,498.525768924261058,10207.411039239113961,
-1,1,3592,Marsh,1.357601000000000,Curr,Hist no salmon,13991,702.608785068209500,,13991,222380.125267685507424,776523555.048679113388062,Satsop River,40,635.335642906801809,13566.175602547482413,
-1,1,3593,Marsh,0.174393000000000,Curr,Hist salmon,13414,320.753385101638514,,13414,222380.125267685507424,776523555.048679113388062,Satsop River,40,157.730338938351196,1742.669480972991778,
-1,1,3594,Marsh,3.392915000000000,Curr,Hist salmon,13413,421.960381083933441,,13413,222380.125267685507424,776523555.048679113388062,Satsop River,40,835.102495850762921,33904.629083546613401,
-1,1,3595,Marsh,0.261509000000000,Curr,Hist no salmon,13414,630.476971265800444,,13414,222380.125267685507424,776523555.048679113388062,Satsop River,40,205.150037233171247,2613.193018038237369,
-1,1,3596,Marsh,2.141746000000000,Curr,Hist no salmon,14082,204.386110851686681,,14082,222380.125267685507424,776523555.048679113388062,Satsop River,40,873.694009466984198,21401.899834991992975,
-1,1,3597,Marsh,1.933468000000000,Curr,Hist salmon,13413,133.233353178338859,,13413,222380.125267685507424,776523555.048679113388062,Satsop River,40,615.871823700158870,19320.708313129733142,
-1,1,3598,Marsh,0.727838000000000,Curr,Hist salmon,13413,267.659177780309676,,13413,222380.125267685507424,776523555.048679113388062,Satsop River,40,327.999942996458401,7273.112158943705253,
-1,1,3599,Marsh,2.793925000000000,Hist,Hist no salmon,13920,442.710716929911200,,13920,222380.125267685507424,776523555.048679113388062,Satsop River,40,882.334596978553350,27918.915775800833217,
-1,1,3600,Marsh,2.110693000000000,Curr,Hist salmon,13380,650.077679505103902,,13380,222380.125267685507424,776523555.048679113388062,Satsop River,40,718.506427611524600,21091.669914496840647,
-1,1,3601,Marsh,1.180093000000000,Hist,Hist salmon,13425,506.530051051051657,,13425,222380.125267685507424,776523555.048679113388062,Satsop River,40,574.818994758457848,11792.289164542748040,
-1,1,3602,Marsh,3.671527000000000,Hist,Hist salmon,13425,536.119275362825761,,13425,222380.125267685507424,776523555.048679113388062,Satsop River,40,1222.502679291412278,36688.402386248890252,
-1,1,3603,Marsh,7.683342000000000,Hist,Hist salmon,14169,0.000000000000000,,14169,222380.125267685507424,776523555.048679113388062,Satsop River,40,2362.210070458254449,76777.386868280038470,
-1,1,3604,Marsh,4.723214000000000,Curr,Hist salmon,13416,84.380754570762235,,13416,222380.125267685507424,776523555.048679113388062,Satsop River,40,1043.028299472262461,47197.836119723302545,
-1,1,3605,Pond,0.530043000000000,Curr,Hist salmon,14098,0.000000000000000,,14098,222380.125267685507424,776523555.048679113388062,Satsop River,40,325.803772553682961,5296.566140447389444,
-1,1,3606,Marsh,0.496318000000000,Curr,Hist no salmon,13418,327.280459562027033,,13418,222380.125267685507424,776523555.048679113388062,Satsop River,40,309.445535783159244,4959.567525464539358,
-1,1,3607,Marsh,0.144263000000000,Curr,Hist no salmon,13418,521.917879874674441,,13418,222380.125267685507424,776523555.048679113388062,Satsop River,40,139.042671735506531,1441.583439557383599,
-1,1,3608,Marsh,0.271251000000000,Curr,Hist salmon,13418,429.079075869813039,,13418,222380.125267685507424,776523555.048679113388062,Satsop River,40,199.055488082574925,2710.543584029563135,
-1,1,3609,Marsh,0.312767000000000,Curr,Hist salmon,13417,380.452937302113355,,13417,222380.125267685507424,776523555.048679113388062,Satsop River,40,219.808221607611870,3125.404772364892779,
-1,1,3610,Marsh,0.723674000000000,Curr,Hist salmon,13416,273.042352479124077,,13416,222380.125267685507424,776523555.048679113388062,Satsop River,40,321.155029721177698,7231.495673717543468,
-1,1,3611,Marsh,3.442752000000000,Curr,Hist no salmon,14096,233.858409675846588,,14096,222380.125267685507424,776523555.048679113388062,Satsop River,40,762.018132424629357,34402.514345683841384,
-1,1,3612,Marsh,1.138526000000000,Curr,Hist salmon,13414,97.221643602342169,,13414,222380.125267685507424,776523555.048679113388062,Satsop River,40,498.814752736204809,11377.014842960710666,
-1,1,3613,Marsh,2.486473000000000,Hist,Hist no salmon,13922,811.169110536895346,,13922,222380.125267685507424,776523555.048679113388062,Satsop River,40,739.568673889991828,24846.579262230134191,
-1,1,3614,Marsh,1.626996000000000,Curr,Hist salmon,13416,422.580258145590108,,13416,222380.125267685507424,776523555.048679113388062,Satsop River,40,522.916794529140361,16258.171735209090912,
-1,1,3615,Marsh,7.651517000000000,Hist,Hist salmon,13918,0.000000000000000,,13918,222380.125267685507424,776523555.048679113388062,Satsop River,40,1634.292625169920939,76459.396055612829514,
-1,1,3616,Marsh,2.254321000000000,Curr,Hist no salmon,14211,166.663694748957482,,14211,222380.125267685507424,776523555.048679113388062,Satsop River,40,956.470245425116786,22526.770458209965000,
-1,1,3617,Marsh,0.915551000000000,Curr,Hist no salmon,13991,669.871647120512193,,13991,222380.125267685507424,776523555.048679113388062,Satsop River,40,398.893166261950853,9148.865863120096037,
-1,1,3618,Marsh,1.120361000000000,Curr,Hist salmon,13417,420.360006817140970,,13417,222380.125267685507424,776523555.048679113388062,Satsop River,40,514.875294948858254,11195.489952200694461,
-1,1,3619,Marsh,10.095420000000001,Curr,Hist no salmon,13921,329.407064030727497,,13921,222380.125267685507424,776523555.048679113388062,Satsop River,40,1701.368065565139204,100880.606490390273393,
-1,1,3620,Marsh,0.697932000000000,Hist,Hist salmon,13414,657.959907228775251,,13414,222380.125267685507424,776523555.048679113388062,Satsop River,40,379.487475659259530,6974.261740382115022,
-1,1,3621,Marsh,1.970117000000000,Curr,Hist no salmon,13418,448.190103941248196,,13418,222380.125267685507424,776523555.048679113388062,Satsop River,40,615.102483318983559,19686.851542191474437,
-1,1,3622,Marsh,0.436958000000000,Curr,Hist salmon,13419,0.000000000000000,,13419,222380.125267685507424,776523555.048679113388062,Satsop River,40,268.679237083864564,4366.405082769844739,
-1,1,3623,Marsh,2.865452000000000,Curr,Hist salmon,14097,0.000000000000000,,14097,222380.125267685507424,776523555.048679113388062,Satsop River,40,757.505336607540926,28633.629656609278754,
-1,1,3624,Marsh,19.442402999999999,Hist,Hist salmon,13922,540.360375984820621,,13922,222380.125267685507424,776523555.048679113388062,Satsop River,40,2649.470397259085985,194281.662709028954851,
-1,1,3625,Marsh,4.627954000000000,Hist,Hist no salmon,13647,351.461163082387998,,13647,222380.125267685507424,776523555.048679113388062,Satsop River,40,982.527134127131603,46246.029929994590930,
-1,1,3626,Marsh,0.978206000000000,Curr,Hist salmon,13418,0.000000000000000,,13418,222380.125267685507424,776523555.048679113388062,Satsop River,40,401.830714271578927,9774.960525234266242,
-1,1,3627,Marsh,59.884588000000001,Curr,Hist salmon,13406,0.000000000000000,,13406,222380.125267685507424,776523555.048679113388062,Satsop River,40,8310.937137041337337,598413.506440853700042,
-1,1,3628,Marsh,0.428840000000000,Hist,Hist salmon,13414,558.356324447880297,,13414,222380.125267685507424,776523555.048679113388062,Satsop River,40,321.425713503417342,4285.298924936184449,
-1,1,3629,Marsh,4.344694000000000,Hist,Hist salmon,13411,465.321420506121569,,13411,222380.125267685507424,776523555.048679113388062,Satsop River,40,1360.905603490256226,43415.492773679041420,
-1,1,3630,Marsh,2.050600000000000,Curr,Hist salmon,13416,72.961948560226887,,13416,222380.125267685507424,776523555.048679113388062,Satsop River,40,667.810036409159579,20491.126526838954305,
-1,1,3631,Marsh,3.771856000000000,Curr,Hist salmon,14101,432.492571144332715,,14101,222380.125267685507424,776523555.048679113388062,Satsop River,40,897.628045536654554,37690.979182220493385,
-1,1,3632,Marsh,9.113911999999999,Curr,Hist salmon,13419,607.963218818365135,,13419,222380.125267685507424,776523555.048679113388062,Satsop River,40,1181.686323836150905,91072.633139149242197,
-1,1,3633,Marsh,6.256128000000000,Hist,Hist no salmon,13653,157.656264226813079,,13653,222380.125267685507424,776523555.048679113388062,Satsop River,40,1593.759288565723637,62515.833842817461118,
-1,1,3634,Marsh,4.889916000000000,Curr,Hist salmon,14100,0.000000000000000,,14100,222380.125267685507424,776523555.048679113388062,Satsop River,40,1345.218727422569600,48863.431232111171994,
-1,1,3635,Marsh,1.873058000000000,Hist,Hist salmon,14173,90.924062219950784,,14173,222380.125267685507424,776523555.048679113388062,Satsop River,40,674.811094303598679,18716.878069898219110,
-1,1,3636,Marsh,0.274702000000000,Hist,Hist no salmon,13654,633.674675305712071,,13654,222380.125267685507424,776523555.048679113388062,Satsop River,40,210.445188427192790,2745.024097865667045,
-1,1,3637,Marsh,0.056483000000000,Curr,Hist salmon,13699,85.571970034258001,,13699,222380.125267685507424,776523555.048679113388062,Satsop River,40,112.083098283956247,564.420099649114036,
-1,1,3638,Marsh,0.187130000000000,Curr,Hist salmon,13422,12.208618448467814,,13422,222380.125267685507424,776523555.048679113388062,Satsop River,40,156.967659256365835,1869.935301615107164,
-1,1,3639,Marsh,1.337832000000000,Curr,Hist salmon,14172,0.000000000000000,,14172,222380.125267685507424,776523555.048679113388062,Satsop River,40,592.650559521958598,13368.544137944511021,
-1,1,3640,Marsh,0.714660000000000,Curr,Hist salmon,13422,79.547458652996369,,13422,222380.125267685507424,776523555.048679113388062,Satsop River,40,362.182084912057974,7141.392071692614081,
-1,1,3641,Marsh,2.121019000000000,Curr,Hist salmon,13419,0.000000000000000,,13419,222380.125267685507424,776523555.048679113388062,Satsop River,40,719.537306933799755,21194.755245554973953,
-1,1,3642,Marsh,0.127560000000000,Hist,Hist no salmon,13906,212.414125495113154,,13906,222380.125267685507424,776523555.048679113388062,Satsop River,40,134.177855816098003,1274.681021259820227,
-1,1,3643,Marsh,1.525528000000000,Curr,Hist no salmon,13905,313.354977956989387,,13905,222380.125267685507424,776523555.048679113388062,Satsop River,40,643.019748392548308,15244.269447473183391,
-1,1,3644,Marsh,3.297697000000000,Hist,Hist salmon,13378,593.544316080714225,,13378,222380.125267685507424,776523555.048679113388062,Satsop River,40,1183.480778836328682,32953.278959822106117,
-1,1,3645,Marsh,0.292479000000000,Curr,Hist no salmon,13906,360.721889647292585,,13906,222380.125267685507424,776523555.048679113388062,Satsop River,40,208.893840995170819,2922.676063422008156,
-1,1,3646,Marsh,0.862367000000000,Curr,Hist no salmon,13905,360.733688214779079,,13905,222380.125267685507424,776523555.048679113388062,Satsop River,40,536.875670162502274,8617.447690931981924,
-1,1,3647,Marsh,0.160265000000000,Curr,Hist no salmon,13905,375.427061220208657,,13905,222380.125267685507424,776523555.048679113388062,Satsop River,40,159.202987199241875,1601.490115596366195,
-1,1,3648,Marsh,0.358928000000000,Hist,Hist no salmon,13377,283.147547184586131,,13377,222380.125267685507424,776523555.048679113388062,Satsop River,40,301.623766721710467,3586.697212076299365,
-1,1,3649,Marsh,4.252129000000000,Hist,Hist salmon,13629,79.428722468409859,,13629,222380.125267685507424,776523555.048679113388062,Satsop River,40,824.914578190976499,42490.930865112874017,
-1,1,3650,Marsh,1.081689000000000,Hist,Hist salmon,13377,874.796249963241507,,13377,222380.125267685507424,776523555.048679113388062,Satsop River,40,428.117882449132651,10809.124942340775306,
-1,1,3651,Marsh,2.271846000000000,Curr,Hist no salmon,13401,858.731156424856636,,13401,222380.125267685507424,776523555.048679113388062,Satsop River,40,1026.848368905792313,22702.137139697868406,
-1,1,3652,Marsh,7.585558000000000,Hist,Hist no salmon,13897,223.110078719011085,,13897,222380.125267685507424,776523555.048679113388062,Satsop River,40,1201.381384954629311,75800.954169740085490,
-1,1,3653,Marsh,3.460620000000000,Hist,Hist salmon,13908,364.929054817925930,,13908,222380.125267685507424,776523555.048679113388062,Satsop River,40,716.947326959479142,34581.185901025455678,
-1,1,3654,Marsh,23.521923000000001,Hist,Hist salmon,13910,402.243377359206193,,13910,222380.125267685507424,776523555.048679113388062,Satsop River,40,3664.471720739475131,235049.160592639615061,
-1,1,3655,Marsh,0.766453000000000,Curr,Hist no salmon,13396,105.890236023595421,,13396,222380.125267685507424,776523555.048679113388062,Satsop River,40,478.243092806379025,7659.049382325672923,
-1,1,3656,Marsh,0.990383000000000,Hist,Hist no salmon,23264,911.455840494653216,,23264,222380.125267685507424,776523555.048679113388062,Satsop River,40,505.621172367940915,9896.748447339454287,
-1,1,3657,Marsh,1.847312000000000,Curr,Hist salmon,13379,764.090037329171764,,13379,222380.125267685507424,776523555.048679113388062,Satsop River,40,756.516364130401598,18459.790756208440143,
-1,1,3658,Marsh,5.801848000000000,Curr,Hist no salmon,13989,141.815804544905319,,13989,222380.125267685507424,776523555.048679113388062,Satsop River,40,1502.516341697482403,57976.539476715050114,
-1,1,3659,Marsh,4.718709000000000,Hist,Hist no salmon,13909,221.837384654380941,,13909,222380.125267685507424,776523555.048679113388062,Satsop River,40,1306.489591741765480,47152.864616845581622,
-1,1,3660,Marsh,2.370256000000000,Curr,Hist no salmon,13899,120.994500711233698,,13899,222380.125267685507424,776523555.048679113388062,Satsop River,40,1096.181817741581199,23685.411466684039624,
-1,1,3661,Marsh,0.764607000000000,Hist,Hist no salmon,13902,290.196288495357237,,13902,222380.125267685507424,776523555.048679113388062,Satsop River,40,425.061327262021962,7640.540295829026945,
-1,1,3662,Marsh,1.104434000000000,Curr,Hist salmon,13911,161.330790977651674,,13911,222380.125267685507424,776523555.048679113388062,Satsop River,40,450.668446490315262,11036.349743204864353,
-1,1,3663,Marsh,2.172822000000000,Hist,Hist salmon,13906,72.460680287815578,,13906,222380.125267685507424,776523555.048679113388062,Satsop River,40,853.931970807578750,21712.474575900843774,
-1,1,3664,Marsh,0.130759000000000,Hist,Hist no salmon,13379,285.730266878638474,,13379,222380.125267685507424,776523555.048679113388062,Satsop River,40,134.295391811710772,1306.648637841051368,
-1,1,3665,Marsh,2.873740000000000,Curr,Hist no salmon,13401,345.516228649252412,,13401,222380.125267685507424,776523555.048679113388062,Satsop River,40,1112.815331962993696,28716.754604626828950,
-1,1,3666,Marsh,0.399663000000000,Curr,Hist salmon,13379,161.180839022369526,,13379,222380.125267685507424,776523555.048679113388062,Satsop River,40,290.099914979578216,3993.750604565423146,
-1,1,3667,Marsh,0.681752000000000,Curr,Hist no salmon,13901,147.384019957250729,,13901,222380.125267685507424,776523555.048679113388062,Satsop River,40,312.040769028751697,6812.589019364409069,
-1,1,3668,Marsh,0.474208000000000,Curr,Hist salmon,13901,460.831555256032743,,13901,222380.125267685507424,776523555.048679113388062,Satsop River,40,266.512160681233695,4738.663827995699648,
-1,1,3669,Marsh,0.492541000000000,Hist,Hist no salmon,13907,614.202330798286312,,13907,222380.125267685507424,776523555.048679113388062,Satsop River,40,264.870231760674130,4921.859802464284257,
-1,1,3670,Marsh,0.055083000000000,Curr,Hist no salmon,13396,133.885070721537431,,13396,222380.125267685507424,776523555.048679113388062,Satsop River,40,90.057480999922447,550.435740126510041,
-1,1,3671,Marsh,0.132342000000000,Curr,Hist no salmon,13905,686.987794209804065,,13905,222380.125267685507424,776523555.048679113388062,Satsop River,40,157.410613971469360,1322.467573618446295,
-1,1,3672,Marsh,0.756259000000000,Curr,Hist no salmon,13373,339.620482497075614,,13373,222380.125267685507424,776523555.048679113388062,Satsop River,40,388.521488224658924,7557.150392260393346,
-1,1,3673,Marsh,0.109223000000000,Curr,Hist no salmon,13631,402.460115164223453,,13631,222380.125267685507424,776523555.048679113388062,Satsop River,40,182.938679878367594,1091.453659460546078,
-1,1,3674,Marsh,0.289938000000000,Hist,Hist no salmon,13907,718.801210115395975,,13907,222380.125267685507424,776523555.048679113388062,Satsop River,40,240.935796181463388,2897.290211615797944,
-1,1,3675,Marsh,0.810250000000000,Curr,Hist no salmon,13910,973.010739125670057,,13910,222380.125267685507424,776523555.048679113388062,Satsop River,40,369.211080047340374,8096.655734143118025,
-1,1,3676,Marsh,2.702523000000000,Curr,Hist salmon,13120,380.987945622955067,,13120,222380.125267685507424,776523555.048679113388062,Satsop River,40,667.856749141517753,27005.958606860596774,
-1,1,3677,Marsh,0.442017000000000,Curr,Hist salmon,13626,423.925962939641295,,13626,222380.125267685507424,776523555.048679113388062,Satsop River,40,256.377732167300053,4417.018277131500327,
-1,1,3678,Marsh,0.285913000000000,Curr,Hist salmon,13393,458.891273606257471,,13393,222380.125267685507424,776523555.048679113388062,Satsop River,40,206.801278818614634,2857.081003000980672,
-1,1,3679,Marsh,0.226077000000000,Curr,Hist no salmon,13365,668.450153460210799,,13365,222380.125267685507424,776523555.048679113388062,Satsop River,40,191.209847177326139,2259.149321953139861,
-1,1,3680,Marsh,0.501174000000000,Curr,Hist no salmon,13393,194.350053890536657,,13393,222380.125267685507424,776523555.048679113388062,Satsop River,40,287.361617368296208,5008.155268795290795,
-1,1,3681,Marsh,2.844317000000000,Curr,Hist no salmon,13910,890.595070840189464,,13910,222380.125267685507424,776523555.048679113388062,Satsop River,40,932.048021227423192,28422.645930053971824,
-1,1,3682,Marsh,1.088124000000000,Curr,Hist no salmon,13907,723.367965834253596,,13907,222380.125267685507424,776523555.048679113388062,Satsop River,40,415.857252869974616,10873.398299930107896,
-1,1,3683,Marsh,0.304990000000000,Curr,Hist salmon,13901,599.836446182554823,,13901,222380.125267685507424,776523555.048679113388062,Satsop River,40,233.587355568359186,3047.705777498053067,
-1,1,3684,Marsh,7.993553000000000,Curr,Hist no salmon,13393,473.717469718548841,,13393,222380.125267685507424,776523555.048679113388062,Satsop River,40,1578.750176296996642,79878.266804584971396,
-1,1,3685,Marsh,36.091355000000000,Curr,Hist salmon,13372,243.613665707914180,,13372,222380.125267685507424,776523555.048679113388062,Satsop River,40,6604.330609069632374,360654.839281012362335,
-1,1,3686,Marsh,2.766960000000000,Curr,Hist no salmon,13631,333.558101148622768,,13631,222380.125267685507424,776523555.048679113388062,Satsop River,40,908.720338266535009,27649.842180083527637,
-1,1,3687,Marsh,6.431582000000000,Hist,Hist salmon,13366,295.755127487073537,,13366,222380.125267685507424,776523555.048679113388062,Satsop River,40,1345.706352741947512,64269.737830111589574,
-1,1,3688,Marsh,17.427052000000000,Curr,Hist salmon,13627,102.294042394214202,,13627,222380.125267685507424,776523555.048679113388062,Satsop River,40,3145.894388439140130,174146.385617066727718,
-1,1,3689,Marsh,11.737918000000001,Curr,Hist salmon,13364,320.031432610052491,,13364,222380.125267685507424,776523555.048679113388062,Satsop River,40,2259.859777237059916,117295.241749860550044,
-1,1,3690,Marsh,0.290583000000000,Curr,Hist no salmon,13366,735.559876091292381,,13366,222380.125267685507424,776523555.048679113388062,Satsop River,40,210.958735349704284,2903.746031372096240,
-1,1,3691,Marsh,1.170475000000000,Hist,Hist salmon,13372,165.456460651947765,,13372,222380.125267685507424,776523555.048679113388062,Satsop River,40,592.628694719758755,11696.335462663384533,
-1,1,3692,Marsh,6.374546000000000,Curr,Hist no salmon,13632,251.396447660422325,,13632,222380.125267685507424,776523555.048679113388062,Satsop River,40,1878.835716574016942,63699.816468038043240,
-1,1,3693,Marsh,0.040727000000000,Curr,Hist salmon,13902,23.740461020277280,,13902,222380.125267685507424,776523555.048679113388062,Satsop River,40,83.981841281500323,406.975692284494016,
-1,1,3694,Marsh,3.009128000000000,Hist,Hist salmon,13909,67.509200920829599,,13909,222380.125267685507424,776523555.048679113388062,Satsop River,40,834.230473367892955,30069.506524199732667,
-1,1,3695,Marsh,0.094210000000000,Hist,Hist no salmon,13378,351.431518071885705,,13378,222380.125267685507424,776523555.048679113388062,Satsop River,40,137.579047442582350,941.425325703351291,
-1,1,3696,Marsh,0.252413000000000,Hist,Hist no salmon,13378,255.860901765277987,,13378,222380.125267685507424,776523555.048679113388062,Satsop River,40,192.082515947834878,2522.316086515736060,
-1,1,3697,Marsh,1.839254000000000,Hist,Hist salmon,13908,125.193345509664240,,13908,222380.125267685507424,776523555.048679113388062,Satsop River,40,547.962237647270854,18379.232389510285429,
-1,1,3698,Marsh,0.203963000000000,Hist,Hist no salmon,13378,321.270885603744262,,13378,222380.125267685507424,776523555.048679113388062,Satsop River,40,178.900698283825704,2038.163505478991283,
-1,1,3699,Marsh,0.329500000000000,Hist,Hist no salmon,13438,300.801441926129598,,13438,222380.125267685507424,776523555.048679113388062,Satsop River,40,213.075298541696753,3292.656519974841103,
-1,1,3700,Marsh,1.067357000000000,Curr,Hist salmon,13013,496.663141184006975,,13013,222380.125267685507424,776523555.048679113388062,Satsop River,40,400.003515181187481,10665.975782415665890,
-1,1,3701,Marsh,0.383691000000000,Hist,Hist salmon,13121,123.065783482224376,,13121,222380.125267685507424,776523555.048679113388062,Satsop River,40,257.535250784222228,3834.172848840544702,
-1,1,3702,Pond,0.888749000000000,Curr,Hist no salmon,13094,0.000000000000000,7762,13094,222380.125267685507424,776523555.048679113388062,Satsop River,40,1031.668709037806593,8881.250255122286035,
-1,1,3703,Marsh,5.196629000000000,Hist,Hist salmon,16344,0.000000000000000,,16344,222380.125267685507424,776523555.048679113388062,Satsop River,40,1260.687229354759666,51926.392420035474061,
-1,1,3704,Marsh,1.824262000000000,Hist,Hist salmon,13256,0.000000000000000,,13256,222380.125267685507424,776523555.048679113388062,Satsop River,40,729.123543902928304,18229.715859832907881,
-1,1,3705,Marsh,0.936485000000000,Hist,Hist salmon,21107,0.000000000000000,,21107,151947.647425919829402,266325666.708538889884949,Wishkah River,43,499.830104651001875,9358.335316925069492,
-1,1,3706,Marsh,0.256463000000000,Hist,Hist salmon,21108,465.599119531388567,,21108,151947.647425919829402,266325666.708538889884949,Wishkah River,43,205.251127977286615,2562.839302420340573,
-1,1,3707,Marsh,0.489290000000000,Hist,Hist salmon,21108,312.727143051204735,,21108,151947.647425919829402,266325666.708538889884949,Wishkah River,43,283.856759815974840,4889.492614630179560,
-1,1,3708,Marsh,0.215527000000000,Hist,Hist salmon,10276,0.000000000000000,,10276,151947.647425919829402,266325666.708538889884949,Wishkah River,43,181.701088927371813,2153.964854140559055,
-1,1,3709,Marsh,10.847652000000000,Hist,Hist salmon,10180,59.439118693043710,,10180,151947.647425919829402,266325666.708538889884949,Wishkah River,43,2055.084320767449299,108411.472987538945745,
-1,1,3710,Marsh,0.096119000000000,Hist,Hist salmon,10012,735.262678503401162,,10012,151947.647425919829402,266325666.708538889884949,Wishkah River,43,139.046041695775727,960.615143499445139,
-1,1,3711,Marsh,0.637508000000000,Hist,Hist salmon,21193,32.309091915296086,,21193,151947.647425919829402,266325666.708538889884949,Wishkah River,43,363.397464381485918,6371.223271270476289,
-1,1,3712,Marsh,4.315848000000000,Hist,Hist salmon,10019,0.000000000000000,,10019,151947.647425919829402,266325666.708538889884949,Wishkah River,43,1013.627415718821339,43132.784168470599980,
-1,1,3713,Pond,0.121798000000000,Hist,Hist salmon,10020,117.535017237499659,,10020,151947.647425919829402,266325666.708538889884949,Wishkah River,43,132.987087351471786,1217.250848621827345,
-1,1,3714,Marsh,4.677860000000000,Hist,Hist salmon,14915,879.416910166608886,,14915,230932.463257765833987,638216095.057497859001160,Humptulips River,45,810.524680222977963,46750.367915541995899,
-1,1,3715,Marsh,1.549342000000000,Hist,Hist no salmon,14645,982.933361615734498,,14645,230932.463257765833987,638216095.057497859001160,Humptulips River,45,491.241957778513836,15484.319323968695244,
-1,1,3716,Pond,0.063951000000000,Hist,Hist salmon,14631,49.935468926517203,,14631,230932.463257765833987,638216095.057497859001160,Humptulips River,45,144.864732322115970,639.129045092573961,
-1,1,3717,Marsh,1.454316000000000,Hist,Hist no salmon,14664,490.534109085988291,,14664,230932.463257765833987,638216095.057497859001160,Humptulips River,45,530.398107199957280,14534.212282770111415,
-1,1,3718,Marsh,4.611428000000000,Hist,Hist no salmon,14646,935.268733560479632,,14646,230932.463257765833987,638216095.057497859001160,Humptulips River,45,826.767180191092507,46087.148393614399538,
-1,1,3719,Marsh,1.608004000000000,Hist,Hist no salmon,14669,134.995441809481775,,14669,230932.463257765833987,638216095.057497859001160,Humptulips River,45,551.014633644403489,16070.142589716739167,
-1,1,3720,Marsh,1.973191000000000,Both,Hist salmon,14903,0.000000000000000,,14903,230932.463257765833987,638216095.057497859001160,Humptulips River,45,1224.222276430294187,19719.970511816609360,
-1,1,3721,Marsh,2.215239000000000,Hist,Hist no salmon,14645,919.058875453030282,,14645,230932.463257765833987,638216095.057497859001160,Humptulips River,45,562.497103908326835,22139.405456645210506,
-1,1,3722,Marsh,0.689517000000000,Hist,Hist no salmon,14066,0.000000000000000,,14066,230932.463257765833987,638216095.057497859001160,Humptulips River,45,368.070974258047841,6890.833298236041628,
-1,1,3723,Marsh,1.059611000000000,Hist,Hist no salmon,14067,0.000000000000000,,14067,230932.463257765833987,638216095.057497859001160,Humptulips River,45,454.828264547270578,10589.419664630688203,
-1,1,3724,Marsh,7.023802000000000,Hist,Hist no salmon,23297,1002.484596052523216,,23297,230932.463257765833987,638216095.057497859001160,Humptulips River,45,997.442957739733401,70196.928652901769965,
-1,1,3725,Marsh,2.230438000000000,Hist,Hist no salmon,14644,1496.588701026608078,,14644,230932.463257765833987,638216095.057497859001160,Humptulips River,45,621.507758222830489,22291.384287987028074,
-1,1,3726,Marsh,0.580062000000000,Hist,Hist no salmon,21653,125.375095153981647,,21653,230932.463257765833987,638216095.057497859001160,Humptulips River,45,334.669605848997776,5796.951120447018184,
-1,1,3727,Marsh,3.735996000000000,Hist,Hist no salmon,14644,1237.295095255702336,,14644,230932.463257765833987,638216095.057497859001160,Humptulips River,45,749.489975159752703,37338.143293606364750,
-1,1,3728,Marsh,0.970135000000000,Hist,Hist salmon,14125,852.027503969802638,,14125,230932.463257765833987,638216095.057497859001160,Humptulips River,45,442.839575914487057,9695.264341330441312,
-1,1,3729,Marsh,4.431443000000000,Hist,Hist no salmon,14645,976.292439711351335,,14645,230932.463257765833987,638216095.057497859001160,Humptulips River,45,1079.683802871591752,44288.463873749926279,
-1,1,3730,Marsh,1.215281000000000,Hist,Hist no salmon,14662,512.740597567570831,,14662,230932.463257765833987,638216095.057497859001160,Humptulips River,45,422.172237487115808,12145.347134911098692,
-1,1,3731,Pond,0.817859000000000,Curr,Hist no salmon,2619,525.634048230382632,,2619,118289.321295402623946,126156469.879530921578407,Upper Chehalis: Proposed Dam to Elk Creek,2,446.662554926002258,8173.514965348344958,
-1,1,3732,Marsh,0.120723000000000,Curr,Hist no salmon,2619,678.655089039709082,,2619,118289.321295402623946,126156469.879530921578407,Upper Chehalis: Proposed Dam to Elk Creek,2,135.486100111036791,1206.480306911548041,
-1,1,3733,Marsh,0.418291000000000,Hist,Hist salmon,1147,41.075103170354772,,1147,118289.321295402623946,126156469.879530921578407,Upper Chehalis: Proposed Dam to Elk Creek,2,342.202171188178511,4180.342664186846378,
-1,1,3734,Marsh,0.087073000000000,Hist,Hist salmon,1220,91.821808623868534,,1220,118289.321295402623946,126156469.879530921578407,Upper Chehalis: Proposed Dam to Elk Creek,2,135.452697586831306,870.192761406215709,
-1,1,3735,Pond,0.088926000000000,Hist,Hist no salmon,1963,404.834916436501601,,1963,118289.321295402623946,126156469.879530921578407,Upper Chehalis: Proposed Dam to Elk Creek,2,117.889443935976701,888.709808033677518,
-1,1,3736,Pond,0.069149000000000,Curr,Hist no salmon,1069,1155.583973577327924,,1069,118289.321295402623946,126156469.879530921578407,Upper Chehalis: Proposed Dam to Elk Creek,2,104.139192362929876,691.071966927010408,
-1,1,3737,Pond,0.291808000000000,Hist,Hist salmon,1786,0.000000000000000,,1786,128713.250162538577570,324568132.476597189903259,South Fork Chehalis,5,255.921049216237606,2916.244434252634619,
-1,1,3738,Marsh,0.180527000000000,Hist,Hist salmon,1206,10.260162737529532,,1206,128713.250162538577570,324568132.476597189903259,South Fork Chehalis,5,191.018022719328627,1804.130412991554067,
-1,1,3739,Marsh,1.018591000000000,Curr,Hist salmon,1770,64.991686706316088,,1770,128713.250162538577570,324568132.476597189903259,South Fork Chehalis,5,427.156306090001237,10179.509031633248014,
-1,1,3740,Marsh,0.473305000000000,Curr,Hist salmon,1208,129.864222530264726,,1208,128713.250162538577570,324568132.476597189903259,South Fork Chehalis,5,312.593545809027205,4730.069636096089198,
-1,1,3741,Marsh,1.759088000000000,Curr,Hist salmon,1774,32.520262445756430,,1774,128713.250162538577570,324568132.476597189903259,South Fork Chehalis,5,633.338801349029495,17579.825475189187273,
-1,1,3742,Marsh,2.289769000000000,Curr,Hist salmon,1775,80.060836025235503,,1775,128713.250162538577570,324568132.476597189903259,South Fork Chehalis,5,878.113727554388106,22883.311309160071687,
-1,1,3743,Marsh,0.159398000000000,Hist,Hist salmon,1201,581.828594083626058,,1201,128713.250162538577570,324568132.476597189903259,South Fork Chehalis,5,163.157112233492370,1592.973539898706576,
-1,1,3744,Marsh,0.070025000000000,Hist,Hist salmon,1203,143.989189337614704,,1203,128713.250162538577570,324568132.476597189903259,South Fork Chehalis,5,108.483025953088458,699.809511461254147,
-1,1,3745,Marsh,1.527508000000000,Curr,Hist salmon,1204,52.409650320883443,,1204,128713.250162538577570,324568132.476597189903259,South Fork Chehalis,5,494.757045773012919,15265.489587784348259,
-1,1,3746,Marsh,1.511243000000000,Hist,Hist salmon,1768,145.617756127014218,,1768,128713.250162538577570,324568132.476597189903259,South Fork Chehalis,5,633.591305443593569,15102.945396764398538,
-1,1,3747,Marsh,0.666317000000000,Hist,Hist salmon,1766,34.927691455875916,,1766,128713.250162538577570,324568132.476597189903259,South Fork Chehalis,5,441.514916872587492,6658.981649178645057,
-1,1,3748,Marsh,7.002046000000000,Curr,Hist salmon,1214,37.105757637614275,,1214,128713.250162538577570,324568132.476597189903259,South Fork Chehalis,5,1269.927939757068543,69976.418156541854842,
-1,1,3749,Marsh,1.112032000000000,Curr,Hist salmon,825,63.199998186128873,,825,128713.250162538577570,324568132.476597189903259,South Fork Chehalis,5,421.284173587418422,11113.313978008371123,
-1,1,3750,Marsh,4.888535000000000,Hist,Hist salmon,19674,0.000000000000000,,19674,128713.250162538577570,324568132.476597189903259,South Fork Chehalis,5,1239.403505453645039,48854.615895521004859,
-1,1,3751,Marsh,29.485741000000001,Curr,Hist salmon,19640,0.000000000000000,,19640,128713.250162538577570,324568132.476597189903259,South Fork Chehalis,5,2812.356296855542041,294671.338347637327388,
-1,1,3752,Marsh,5.483269000000000,Curr,Hist salmon,19655,0.000000000000000,,19655,128713.250162538577570,324568132.476597189903259,South Fork Chehalis,5,987.336674106822102,54798.080267245153664,
-1,1,3753,Marsh,1.235595000000000,Curr,Hist salmon,822,48.526488021832677,,822,128713.250162538577570,324568132.476597189903259,South Fork Chehalis,5,525.814589968812925,12348.165570768000180,
-1,1,3754,Marsh,17.557794999999999,Curr,Hist salmon,19600,0.000000000000000,,19600,128713.250162538577570,324568132.476597189903259,South Fork Chehalis,5,1936.915037589403028,175467.479380363016389,
-1,1,3755,Pond,1.096977000000000,Hist,Hist salmon,1213,213.278627079703199,,1213,128713.250162538577570,324568132.476597189903259,South Fork Chehalis,5,412.222638153291655,10962.876470693610827,
-1,1,3756,Marsh,6.334703000000000,Curr,Hist salmon,19678,0.000000000000000,,19678,128713.250162538577570,324568132.476597189903259,South Fork Chehalis,5,2053.834627916916361,63307.188178449185216,
-1,1,3757,Marsh,4.266500000000000,Curr,Hist salmon,19609,0.000000000000000,,19609,128713.250162538577570,324568132.476597189903259,South Fork Chehalis,5,1028.837376352124011,42638.131264096526138,
-1,1,3758,Marsh,0.926107000000000,Curr,Hist salmon,811,22.272948446387410,,811,128713.250162538577570,324568132.476597189903259,South Fork Chehalis,5,542.988839983735147,9255.250061801252741,
-1,1,3759,Marsh,3.135611000000000,Curr,Hist salmon,19635,0.000000000000000,,19635,128713.250162538577570,324568132.476597189903259,South Fork Chehalis,5,1243.864834844689312,31336.300392582190398,
-1,1,3760,Marsh,0.658595000000000,Curr,Hist salmon,19639,353.862087414964719,,19639,128713.250162538577570,324568132.476597189903259,South Fork Chehalis,5,484.116832863751824,6581.790978441362313,
-1,1,3761,Marsh,5.133440000000000,Curr,Hist salmon,819,0.000000000000000,,819,128713.250162538577570,324568132.476597189903259,South Fork Chehalis,5,1118.359254797567928,51302.043333622175851,
-1,1,3762,Marsh,0.527099000000000,Hist,Hist salmon,821,20.585867302555432,,821,128713.250162538577570,324568132.476597189903259,South Fork Chehalis,5,283.099416725177434,5267.668467481126754,
-1,1,3763,Marsh,1.451062000000000,Curr,Hist salmon,822,196.098378320944818,,822,128713.250162538577570,324568132.476597189903259,South Fork Chehalis,5,548.749598273334982,14501.465393986392883,
-1,1,3764,Pond,0.051449000000000,Hist,Hist salmon,822,97.000602802129066,,822,128713.250162538577570,324568132.476597189903259,South Fork Chehalis,5,90.417636728034012,514.160730573619276,
-1,1,3765,Marsh,4.211517000000000,Curr,Hist salmon,19639,0.000000000000000,,19639,128713.250162538577570,324568132.476597189903259,South Fork Chehalis,5,1333.203288587362522,42088.555273646714340,
-1,1,3766,Marsh,9.464086999999999,Curr,Hist salmon,19632,0.000000000000000,,19632,128713.250162538577570,324568132.476597189903259,South Fork Chehalis,5,2920.555177137526243,94581.127514675084967,
-1,1,3767,Marsh,3.708498000000000,Hist,Hist salmon,1072,0.000000000000000,,1072,128713.250162538577570,324568132.476597189903259,South Fork Chehalis,5,1069.952083141203275,37061.776072708555148,
-1,1,3768,Marsh,0.342511000000000,Hist,Hist salmon,1108,182.814963602025301,,1108,128713.250162538577570,324568132.476597189903259,South Fork Chehalis,5,238.536752106549898,3422.972019652082963,
-1,1,3769,Marsh,1.994469000000000,Hist,Hist no salmon,853,414.121721279881228,,853,128713.250162538577570,324568132.476597189903259,South Fork Chehalis,5,740.915754716701599,19932.182612067885202,
-1,1,3770,Marsh,0.921475000000000,Curr,Hist no salmon,701,857.756160681016127,,701,128713.250162538577570,324568132.476597189903259,South Fork Chehalis,5,607.587911079360651,9208.970578635875427,
-1,1,3771,Marsh,0.896742000000000,Hist,Hist salmon,19730,26.652465639659159,,19730,128713.250162538577570,324568132.476597189903259,South Fork Chehalis,5,366.010495773880677,8961.805540782679600,
-1,1,3772,Marsh,0.149955000000000,Curr,Hist salmon,319,66.513171267054801,,319,87582.837988347251667,164879927.806114047765732,Upper Chehalis: Above Proposed Dam,1,143.458296564155631,1498.612233597144950,
-1,1,3773,Marsh,0.076909000000000,Curr,Hist salmon,20870,495.749839859293445,,20870,87582.837988347251667,164879927.806114047765732,Upper Chehalis: Above Proposed Dam,1,104.826861657617101,768.615246725841530,
-1,1,3774,Pond,0.436616000000000,Curr,Hist no salmon,20867,2054.924606967460477,,20867,87582.837988347251667,164879927.806114047765732,Upper Chehalis: Above Proposed Dam,1,332.340715344142552,4363.443449537402557,
-1,1,3775,Pond,0.003626000000000,Both,Hist no salmon,20866,1755.017744750973407,,20866,87582.837988347251667,164879927.806114047765732,Upper Chehalis: Above Proposed Dam,1,31.846575784312833,36.233404941550063,
-1,1,3776,Pond,0.294401000000000,Hist,Hist salmon,19973,0.000000000000000,,19973,52529.756095652686781,68590327.366781875491142,Rock Creek (Lower Chehalis),28,288.801203839948130,2942.123940115289315,
-1,1,3777,Marsh,1.783428000000000,Hist,Hist salmon,19973,272.770049715049879,,19973,52529.756095652686781,68590327.366781875491142,Rock Creek (Lower Chehalis),28,944.016850682544487,17822.850252362681204,
-1,1,3778,Pond,0.138104000000000,Curr,Hist no salmon,6623,515.777405910556809,,6623,52529.756095652686781,68590327.366781875491142,Rock Creek (Lower Chehalis),28,144.528669682681141,1380.148888879582728,
-1,1,3779,Marsh,1.306024000000000,Hist,Hist no salmon,5735,1677.742857474337825,,5735,27970.938181912708387,14303610.877944013103843,Unnamed: Black Hills 5,26,1099.850198751631297,13051.807006075945537,
-1,1,3780,Marsh,0.870034000000000,Hist,Hist salmon,6650,319.580913411382937,,6650,38521.396498919821170,15187066.736874151974916,Mainstem: Lower Chehalis 4,60,427.976558120317520,8694.762170052357760,
-1,1,3781,Marsh,1.681966000000000,Hist,Hist salmon,5846,0.000000000000000,,5846,34889.509330777720606,17144842.197271723300219,Unnamed: Central Lowlands 4,27,1013.038849859413062,16809.010735306677816,
-1,1,3782,Marsh,0.298659000000000,Curr,Hist salmon,5838,0.000000000000000,,5838,34889.509330777720606,17144842.197271723300219,Unnamed: Central Lowlands 4,27,211.781676600634512,2984.686446568357496,
-1,1,3783,Marsh,2.511055000000000,Curr,Hist salmon,5873,0.000000000000000,,5873,38521.396498919821170,15187066.736874151974916,Mainstem: Lower Chehalis 4,60,774.433473657203081,25094.479410593310604,
-1,1,3784,Marsh,0.732646000000000,Hist,Hist salmon,5854,0.000000000000000,,5854,34889.509330777720606,17144842.197271723300219,Unnamed: Central Lowlands 4,27,486.683120373549912,7321.834961046334683,
-1,1,3785,Marsh,0.280005000000000,Hist,Hist salmon,6224,0.000000000000000,,6224,52529.756095652686781,68590327.366781875491142,Rock Creek (Lower Chehalis),28,222.831981928451597,2798.286729784412273,
-1,1,3786,Marsh,0.428614000000000,Hist,Hist salmon,6224,6.401912258199039,,6224,52529.756095652686781,68590327.366781875491142,Rock Creek (Lower Chehalis),28,255.475335999399675,4283.434611347683131,
-1,1,3787,Marsh,1.239648000000000,Hist,Hist salmon,5843,0.000000000000000,,5843,34889.509330777720606,17144842.197271723300219,Unnamed: Central Lowlands 4,27,550.017820459018026,12388.622682586903466,
-1,1,3788,Marsh,0.286676000000000,Hist,Hist salmon,5853,0.000000000000000,,5853,34889.509330777720606,17144842.197271723300219,Unnamed: Central Lowlands 4,27,193.340606374756675,2864.951164716143467,
-1,1,3789,Marsh,0.661718000000000,Hist,Hist salmon,5852,0.000000000000000,,5852,34889.509330777720606,17144842.197271723300219,Unnamed: Central Lowlands 4,27,373.109074862464411,6612.996726487367596,
-1,1,3790,Pond,0.302401000000000,Hist,Hist salmon,5870,482.857875743773718,,5870,38521.396498919821170,15187066.736874151974916,Mainstem: Lower Chehalis 4,60,312.171693812451224,3022.078004705422245,Yes
-1,1,3791,Marsh,0.142579000000000,Curr,Hist salmon,5495,596.741098293990149,,5495,55554.058267856235034,72106875.751249000430107,Garrard Creek,25,161.691971710421967,1424.883915507529082,
-1,1,3792,Marsh,0.977415000000000,Curr,Hist salmon,5555,0.000000000000000,,5555,55554.058267856235034,72106875.751249000430107,Garrard Creek,25,612.097180228538377,9768.009433085240744,
-1,1,3793,Marsh,0.113160000000000,Curr,Hist salmon,5494,399.999744850848856,,5494,55554.058267856235034,72106875.751249000430107,Garrard Creek,25,139.776142501814292,1130.885640584621115,
-1,1,3794,Marsh,2.911558000000000,Hist,Hist salmon,5310,0.000000000000000,,5310,55554.058267856235034,72106875.751249000430107,Garrard Creek,25,809.675349141274523,29097.387959374998900,
-1,1,3795,Marsh,2.786593000000000,Hist,Hist salmon,5313,0.000000000000000,,5313,55554.058267856235034,72106875.751249000430107,Garrard Creek,25,1073.214304637475152,27848.538202234729397,
-1,1,3796,Marsh,0.150218000000000,Curr,Hist salmon,5495,487.316745044678044,,5495,55554.058267856235034,72106875.751249000430107,Garrard Creek,25,172.956064369708628,1501.228269558078637,
-1,1,3797,Marsh,0.071194000000000,Curr,Hist salmon,5495,420.473970841765833,,5495,55554.058267856235034,72106875.751249000430107,Garrard Creek,25,109.604695721789511,711.488524906854309,
-1,1,3798,Pond,0.136093000000000,Curr,Hist no salmon,4910,677.813817531575864,,4910,55554.058267856235034,72106875.751249000430107,Garrard Creek,25,139.207860841978345,1360.087309340030060,
-1,1,3799,Marsh,0.273228000000000,Curr,Hist salmon,22806,0.000000000000000,,22806,55554.058267856235034,72106875.751249000430107,Garrard Creek,25,275.106666696715251,2730.551596519874693,
-1,1,3800,Pond,0.168896000000000,Hist,Hist salmon,20603,0.000000000000000,,20603,55554.058267856235034,72106875.751249000430107,Garrard Creek,25,189.091455164890618,1687.896435382440586,
-1,1,3801,Pond,0.146347000000000,Curr,Hist salmon,20607,0.000000000000000,,20607,55554.058267856235034,72106875.751249000430107,Garrard Creek,25,160.332712407528476,1462.557942880213432,
-1,1,3802,Pond,0.194531000000000,Curr,Hist no salmon,5040,134.470906057877301,,5040,55554.058267856235034,72106875.751249000430107,Garrard Creek,25,167.444467361229840,1944.094935054132293,
-1,1,3803,Pond,0.103534000000000,Curr,Hist salmon,4899,0.000000000000000,,4899,55554.058267856235034,72106875.751249000430107,Garrard Creek,25,190.745024862934969,1034.689242130792991,
-1,1,3804,Marsh,0.053401000000000,Curr,Hist no salmon,19848,1536.940955869897607,,19848,55554.058267856235034,72106875.751249000430107,Garrard Creek,25,120.576547162446417,533.675564802297117,
-1,1,3805,Marsh,1.186702000000000,Curr,Hist salmon,5234,12.233336945002462,,5234,46318.348114841333881,11516952.686538651585579,Mainstem: Lower Chehalis 3,59,536.580069583243585,11859.408386255390724,Yes
-1,1,3806,Marsh,0.683592000000000,Curr,Hist salmon,5234,0.000000000000000,,5234,46318.348114841333881,11516952.686538651585579,Mainstem: Lower Chehalis 3,59,517.165668210143963,6831.548022039557509,Yes
-1,1,3807,Marsh,0.605779000000000,Curr,Hist salmon,5235,0.000000000000000,,5235,46318.348114841333881,11516952.686538651585579,Mainstem: Lower Chehalis 3,59,421.510858784807851,6053.913479786818243,Yes
-1,1,3808,Pond,0.064718000000000,Curr,Hist no salmon,5156,883.592971491283379,,5156,98751.225704972457606,77067740.308363378047943,Unnamed: Central Lowlands 6,20,103.206314477910468,646.765199455557877,
-1,1,3809,Marsh,0.346316000000000,Hist,Hist salmon,5182,0.000000000000000,,5182,98751.225704972457606,77067740.308363378047943,Unnamed: Central Lowlands 6,20,252.554777114071697,3460.964246014552373,
-1,1,3810,Marsh,2.144992000000000,Hist,Hist salmon,20583,62.880612662263268,,20583,98751.225704972457606,77067740.308363378047943,Unnamed: Central Lowlands 6,20,661.384592892404839,21436.396232875245914,
-1,1,3811,Pond,0.430704000000000,Hist,Hist salmon,23233,0.000000000000000,,23233,98751.225704972457606,77067740.308363378047943,Unnamed: Central Lowlands 6,20,419.694918017567943,4304.318154387859067,
-1,1,3812,Marsh,0.424450000000000,Curr,Hist salmon,20564,545.783559492832637,,20564,98751.225704972457606,77067740.308363378047943,Unnamed: Central Lowlands 6,20,411.848923021018379,4241.793029357963860,
-1,1,3813,Pond,0.432131000000000,Curr,Hist salmon,5131,1183.273067701592936,,5131,40239.034924584579130,15952808.948135545477271,Mainstem: Lower Chehalis 2,58,384.299637087539736,4318.544576576592590,Yes
-1,1,3814,Pond,0.098921000000000,Hist,Hist salmon,20576,0.000000000000000,,20576,98751.225704972457606,77067740.308363378047943,Unnamed: Central Lowlands 6,20,118.642130269687698,988.589152612218186,
-1,1,3815,Marsh,6.862474000000000,Hist,Hist no salmon,18849,107.836122526296577,,18849,138406.144823040289339,318898089.190657675266266,Skookumchuck River,18,1117.453856907357022,68581.277959907834884,
-1,1,3816,Pond,0.223994000000000,Hist,Hist no salmon,18789,237.133221651831718,,18789,138406.144823040289339,318898089.190657675266266,Skookumchuck River,18,194.465222975587409,2238.520129493681907,
-1,1,3817,Marsh,0.324832000000000,Curr,Hist salmon,18890,0.000000000000000,,18890,138406.144823040289339,318898089.190657675266266,Skookumchuck River,18,212.411261947104890,3246.305587541007299,
-1,1,3818,Marsh,0.524188000000000,Curr,Hist salmon,18491,207.973546860665351,,18491,138406.144823040289339,318898089.190657675266266,Skookumchuck River,18,298.453507349964582,5238.607428789027836,
-1,1,3819,Marsh,0.279915000000000,Curr,Hist salmon,4325,0.000000000000000,,4325,29197.538453411489172,11587509.456123769283295,Unnamed: Cascade Mountains 1,16,205.838701070306797,2797.371985751572083,
-1,1,3820,Marsh,1.091595000000000,Curr,Hist salmon,18709,0.000000000000000,,18709,138406.144823040289339,318898089.190657675266266,Skookumchuck River,18,460.084577135666507,10909.203555342524851,
-1,1,3821,Pond,0.082668000000000,Hist,Hist salmon,4306,733.535390754665173,,4306,29197.538453411489172,11587509.456123769283295,Unnamed: Cascade Mountains 1,16,129.438631244715026,826.153419953157822,
-1,1,3822,Marsh,6.261883000000000,Curr,Hist salmon,18790,0.000000000000000,,18790,138406.144823040289339,318898089.190657675266266,Skookumchuck River,18,2734.480172175171901,62579.705366330774268,
-1,1,3823,Pond,1.401377000000000,Curr,Hist salmon,18913,376.921410684440332,,18913,138406.144823040289339,318898089.190657675266266,Skookumchuck River,18,462.507896749810129,14004.919353352041071,
-1,1,3824,Marsh,4.406032000000000,Curr,Hist salmon,18650,139.282422386091866,,18650,138406.144823040289339,318898089.190657675266266,Skookumchuck River,18,1072.799934469602931,44032.348183979207533,
-1,1,3825,Pond,0.090742000000000,Hist,Hist salmon,18450,481.612044413853425,,18450,138406.144823040289339,318898089.190657675266266,Skookumchuck River,18,133.896351546499432,906.850304483111358,
-1,1,3826,Pond,0.195700000000000,Hist,Hist salmon,18450,528.918771747244818,,18450,138406.144823040289339,318898089.190657675266266,Skookumchuck River,18,218.342825059090700,1955.766147017855246,
-1,1,3827,Pond,3.668112000000000,Curr,Hist no salmon,18867,31.997299199515847,,18867,138406.144823040289339,318898089.190657675266266,Skookumchuck River,18,817.199186782566358,36658.012201301608002,
-1,1,3828,Marsh,6.563630000000000,Curr,Hist salmon,18383,0.000000000000000,,18383,138406.144823040289339,318898089.190657675266266,Skookumchuck River,18,2003.737383646680428,65594.620860604947666,
-1,1,3829,Marsh,2.295625000000000,Hist,Hist salmon,18574,262.380223873084503,,18574,138406.144823040289339,318898089.190657675266266,Skookumchuck River,18,689.368311712344621,22941.769574511970859,
-1,1,3830,Marsh,0.514305000000000,Curr,Hist salmon,18647,211.389133286478483,,18647,138406.144823040289339,318898089.190657675266266,Skookumchuck River,18,413.090143330742421,5139.776905180795438,
-1,1,3831,Pond,0.490479000000000,Hist,Hist salmon,18705,0.000000000000000,,18705,138406.144823040289339,318898089.190657675266266,Skookumchuck River,18,303.745565545556360,4901.715686601661218,
-1,1,3832,Marsh,1.494458000000000,Curr,Hist salmon,18633,0.000000000000000,,18633,138406.144823040289339,318898089.190657675266266,Skookumchuck River,18,601.660242352293949,14935.251206218519656,
-1,1,3833,Marsh,1.288257000000000,Curr,Hist salmon,18898,0.000000000000000,,18898,138406.144823040289339,318898089.190657675266266,Skookumchuck River,18,502.491478790269866,12874.560661315990728,
-1,1,3834,Pond,0.780132000000000,Hist,Hist no salmon,18700,487.776980806999404,,18700,138406.144823040289339,318898089.190657675266266,Skookumchuck River,18,377.552750954187900,7796.419600960590287,
-1,1,3835,Marsh,0.018267000000000,Hist,Hist no salmon,18733,118.318919064856729,,18733,138406.144823040289339,318898089.190657675266266,Skookumchuck River,18,53.019414505082693,182.550634173280798,
-1,1,3836,Marsh,0.420740000000000,Curr,Hist no salmon,18831,260.656916874698709,,18831,138406.144823040289339,318898089.190657675266266,Skookumchuck River,18,290.288515931024392,4204.802649941370873,
-1,1,3837,Marsh,0.019791000000000,Curr,Hist salmon,18685,233.515895340968058,,18685,138406.144823040289339,318898089.190657675266266,Skookumchuck River,18,52.713685454689006,197.786617160349209,
-1,1,3838,Marsh,0.027540000000000,Curr,Hist salmon,18685,209.798578061683884,,18685,138406.144823040289339,318898089.190657675266266,Skookumchuck River,18,62.775121954651382,275.227172018480360,
-1,1,3839,Marsh,0.051837000000000,Hist,Hist no salmon,4865,815.216678536189079,,4865,90912.708609555149451,112473867.070502221584320,Lincoln Creek,19,95.485985016923621,518.041067995893741,
-1,1,3840,Pond,0.090701000000000,Hist,Hist no salmon,4865,883.554941912556615,,4865,90912.708609555149451,112473867.070502221584320,Lincoln Creek,19,120.741100744301704,906.428936713626968,
-1,1,3841,Marsh,1.117030000000000,Hist,Hist salmon,4604,189.138785321440565,,4604,90912.708609555149451,112473867.070502221584320,Lincoln Creek,19,466.403861885874107,11163.182157857929269,
-1,1,3842,Marsh,2.454298000000000,Curr,Hist salmon,4792,0.000000000000000,,4792,90912.708609555149451,112473867.070502221584320,Lincoln Creek,19,775.526975018443409,24527.377956032974907,
-1,1,3843,Marsh,0.059215000000000,Hist,Hist salmon,4599,485.412054458032742,,4599,90912.708609555149451,112473867.070502221584320,Lincoln Creek,19,93.389557886902608,591.768568859803395,
-1,1,3844,Marsh,6.542465000000000,Curr,Hist salmon,4826,0.000000000000000,,4826,90912.708609555149451,112473867.070502221584320,Lincoln Creek,19,1728.820768198119367,65383.044109769944043,
-1,1,3845,Marsh,8.316732999999999,Curr,Hist salmon,4793,0.000000000000000,,4793,90912.708609555149451,112473867.070502221584320,Lincoln Creek,19,1822.239353935384315,83114.515694590110797,
-1,1,3846,Marsh,1.946747000000000,Curr,Hist salmon,4773,0.000000000000000,,4773,90912.708609555149451,112473867.070502221584320,Lincoln Creek,19,815.354157439699634,19455.103545706275327,
-1,1,3847,Marsh,0.231692000000000,Curr,Hist salmon,4791,409.875401080559470,,4791,90912.708609555149451,112473867.070502221584320,Lincoln Creek,19,250.142923558204359,2315.449997344331223,
-1,1,3848,Marsh,0.076199000000000,Hist,Hist salmon,4875,0.000000000000000,,4875,90912.708609555149451,112473867.070502221584320,Lincoln Creek,19,111.054877842808480,761.502460378945443,
-1,1,3849,Marsh,0.495240000000000,Hist,Hist salmon,4875,963.243828410840592,,4875,90912.708609555149451,112473867.070502221584320,Lincoln Creek,19,309.578166185580983,4949.252068274008707,
-1,1,3850,Marsh,1.097440000000000,Curr,Hist no salmon,4654,1110.986522729804619,,4654,90912.708609555149451,112473867.070502221584320,Lincoln Creek,19,455.657721109240015,10967.485648624327951,
-1,1,3851,Pond,0.054193000000000,Curr,Hist salmon,4359,180.168928161282651,,4359,90912.708609555149451,112473867.070502221584320,Lincoln Creek,19,85.222172942867687,541.591797252797960,
-1,1,3852,Pond,0.243809000000000,Hist,Hist salmon,4581,537.958464796077919,,4581,90912.708609555149451,112473867.070502221584320,Lincoln Creek,19,203.790262799083052,2436.545064689420997,
-1,1,3853,Marsh,0.812203000000000,Hist,Hist salmon,4580,452.494662184219465,,4580,90912.708609555149451,112473867.070502221584320,Lincoln Creek,19,440.641499349282299,8116.875069435118348,
-1,1,3854,Marsh,0.021281000000000,Hist,Hist no salmon,19848,689.270725427428602,,19848,90912.708609555149451,112473867.070502221584320,Lincoln Creek,19,62.345435081916385,212.674656522437999,
-1,1,3855,Marsh,0.134872000000000,Curr,Hist salmon,4657,279.344202621755869,,4657,90912.708609555149451,112473867.070502221584320,Lincoln Creek,19,135.809952559028062,1347.875567743683405,
-1,1,3856,Marsh,0.562290000000000,Curr,Hist salmon,4657,338.622617589924175,,4657,90912.708609555149451,112473867.070502221584320,Lincoln Creek,19,355.678319922365233,5619.360096851566595,
-1,1,3857,Marsh,0.110445000000000,Curr,Hist no salmon,4522,207.477146735323203,,4522,90912.708609555149451,112473867.070502221584320,Lincoln Creek,19,133.879885376594558,1103.756182562020058,
-1,1,3858,Pond,1.047845000000000,Hist,Hist salmon,4586,260.372130193971770,,4586,90912.708609555149451,112473867.070502221584320,Lincoln Creek,19,484.802998949287314,10471.793612256948109,
-1,1,3859,Marsh,0.029652000000000,Hist,Hist salmon,4567,694.724658162664127,,4567,90912.708609555149451,112473867.070502221584320,Lincoln Creek,19,69.765659392300691,296.334301092599901,
-1,1,3860,Pond,0.065020000000000,Curr,Hist salmon,4690,0.000000000000000,,4690,90912.708609555149451,112473867.070502221584320,Lincoln Creek,19,105.869288638846797,649.790093517136256,
-1,1,3861,Pond,0.120096000000000,Hist,Hist salmon,4692,0.000000000000000,,4692,90912.708609555149451,112473867.070502221584320,Lincoln Creek,19,172.670262352852006,1200.209706172625374,
-1,1,3862,Marsh,1.039400000000000,Curr,Hist salmon,4694,88.658593466344911,,4694,90912.708609555149451,112473867.070502221584320,Lincoln Creek,19,482.845563326340312,10387.490611335013455,
-1,1,3863,Marsh,0.903954000000000,Hist,Hist salmon,4728,778.325103539021484,,4728,90912.708609555149451,112473867.070502221584320,Lincoln Creek,19,448.183200899955750,9033.809574640485152,
-1,1,3864,Pond,0.131380000000000,Hist,Hist salmon,19368,141.848145879734574,,19368,30557.096101777366130,15401248.625216420739889,Unnamed: Central Lowlands 7,17,147.459647253770157,1312.973242472818356,
-1,1,3865,Pond,0.185787000000000,Hist,Hist salmon,19370,73.154513011145369,,19370,30557.096101777366130,15401248.625216420739889,Unnamed: Central Lowlands 7,17,195.451444800441550,1856.690555163797399,
-1,1,3866,Marsh,0.636966000000000,Hist,Hist no salmon,3676,2061.488887676732702,,3676,41351.329529655922670,29855620.203990574926138,Unnamed: Central Lowlands 9,11,297.792904100369356,6365.641945252080404,
-1,1,3867,Pond,0.240493000000000,Curr,Hist salmon,3786,72.317767158458452,,3786,59313.456616296323773,20382099.438309937715530,Mainstem: Middle Chehalis 2,55,188.182326549916780,2403.418336764136257,
-1,1,3868,Marsh,2.212731000000000,Hist,Hist salmon,2736,0.000000000000000,,2736,34108.605140610685339,18818520.316444125026464,Unnamed: Willapa Hills 4,8,1129.733773061266447,22113.402576180080359,
-1,1,3869,Pond,0.030919000000000,Hist,Hist no salmon,20465,223.800646633742559,,20465,34108.605140610685339,18818520.316444125026464,Unnamed: Willapa Hills 4,8,69.913454691805796,308.994473003616179,
-1,1,3870,Pond,0.034780000000000,Curr,Hist salmon,20467,33.437201042396843,,20467,34108.605140610685339,18818520.316444125026464,Unnamed: Willapa Hills 4,8,77.873600607029502,347.579615913416546,
-1,1,3871,Marsh,0.053911000000000,Hist,Hist salmon,1646,0.000000000000000,,1646,59791.565918335734750,95616163.941657066345215,Stearns Creek,9,85.834462521380871,538.774029881797674,
-1,1,3872,Marsh,0.525631000000000,Hist,Hist salmon,2739,20.735934881319633,,2739,34108.605140610685339,18818520.316444125026464,Unnamed: Willapa Hills 4,8,299.915831718641812,5253.008631084147964,
-1,1,3873,Marsh,0.047320000000000,Curr,Hist salmon,2740,27.212089244247920,,2740,34108.605140610685339,18818520.316444125026464,Unnamed: Willapa Hills 4,8,86.903621499442863,472.899251739320505,
-1,1,3874,Marsh,0.797062000000000,Hist,Hist salmon,1232,0.000000000000000,,1232,59791.565918335734750,95616163.941657066345215,Stearns Creek,9,419.772683039153833,7965.602603244275997,
-1,1,3875,Marsh,0.437041000000000,Hist,Hist salmon,1235,0.000000000000000,,1235,59791.565918335734750,95616163.941657066345215,Stearns Creek,9,315.441419145348277,4367.655115755055704,
-1,1,3876,Marsh,0.384287000000000,Hist,Hist salmon,1806,616.962610819895417,,1806,59791.565918335734750,95616163.941657066345215,Stearns Creek,9,234.352876684434989,3840.450027879426216,
-1,1,3877,Marsh,0.074401000000000,Hist,Hist salmon,1646,0.000000000000000,,1646,59791.565918335734750,95616163.941657066345215,Stearns Creek,9,102.233820016448590,743.545827565235413,
-1,1,3878,Marsh,0.239522000000000,Hist,Hist salmon,1710,82.700642826710862,,1710,59791.565918335734750,95616163.941657066345215,Stearns Creek,9,202.455247272485821,2393.717150096676050,
-1,1,3879,Marsh,0.165853000000000,Curr,Hist no salmon,1635,323.400072847444960,,1635,59791.565918335734750,95616163.941657066345215,Stearns Creek,9,162.563432980918890,1657.480869588037876,
-1,1,3880,Marsh,1.146295000000000,Hist,Hist salmon,1636,0.000000000000000,,1636,59791.565918335734750,95616163.941657066345215,Stearns Creek,9,475.938857543394192,11455.749704786179791,
-1,1,3881,Marsh,0.371471000000000,Hist,Hist salmon,1637,0.000000000000000,,1637,59791.565918335734750,95616163.941657066345215,Stearns Creek,9,305.121146491737477,3712.374410815332794,
-1,1,3882,Marsh,0.535545000000000,Curr,Hist salmon,1638,0.000000000000000,,1638,59791.565918335734750,95616163.941657066345215,Stearns Creek,9,288.875280438988852,5352.082093158775024,
-1,1,3883,Marsh,0.328385000000000,Curr,Hist salmon,1638,0.000000000000000,,1638,59791.565918335734750,95616163.941657066345215,Stearns Creek,9,214.910278164815992,3281.788826505544421,
-1,1,3884,Marsh,0.584483000000000,Hist,Hist salmon,1646,0.000000000000000,,1646,59791.565918335734750,95616163.941657066345215,Stearns Creek,9,373.908947409427356,5841.162632190369550,
-1,1,3885,Marsh,0.479703000000000,Hist,Hist salmon,3410,1701.824135206705705,,3410,41351.329529655922670,29855620.203990574926138,Unnamed: Central Lowlands 9,11,288.794270202248526,4793.998345422526654,
-1,1,3886,Marsh,0.414424000000000,Hist,Hist no salmon,3410,1413.308021704531711,,3410,41351.329529655922670,29855620.203990574926138,Unnamed: Central Lowlands 9,11,241.777329461403070,4141.627823506496497,
-1,1,3887,Pond,0.087241000000000,Hist,Hist no salmon,19095,1101.197351663935251,,19095,50132.307652337098261,42180804.244348973035812,Unnamed: Cascade Mountains 2,13,109.023875509694591,871.861709022509331,
-1,1,3888,Marsh,0.301536000000000,Hist,Hist salmon,2955,0.000000000000000,,2955,50132.307652337098261,42180804.244348973035812,Unnamed: Cascade Mountains 2,13,226.198487061643647,3013.469870975018694,
-1,1,3889,Marsh,0.514219000000000,Hist,Hist salmon,2966,0.000000000000000,,2966,50132.307652337098261,42180804.244348973035812,Unnamed: Cascade Mountains 2,13,466.694784200622905,5138.960606684593586,
-1,1,3890,Marsh,0.288153000000000,Hist,Hist salmon,2964,0.000000000000000,,2964,50132.307652337098261,42180804.244348973035812,Unnamed: Cascade Mountains 2,13,268.754602446079218,2879.721683542774826,
-1,1,3891,Pond,0.108530000000000,Hist,Hist no salmon,17963,720.398394544500661,,17963,151813.484517717675772,406226339.697148263454437,Newaukum River,12,129.497533024374974,1084.617799205184156,Yes
-1,1,3892,Marsh,0.214239000000000,Curr,Hist salmon,17976,118.855318071543081,,17976,151813.484517717675772,406226339.697148263454437,Newaukum River,12,196.408896772398606,2141.044456456287662,Yes
-1,1,3893,Marsh,0.438153000000000,Hist,Hist salmon,2073,408.937817430250504,,2073,151813.484517717675772,406226339.697148263454437,Newaukum River,12,403.864527319397894,4378.837594097491092,
-1,1,3894,Pond,0.143278000000000,Hist,Hist salmon,2631,172.034740363066106,,2631,151813.484517717675772,406226339.697148263454437,Newaukum River,12,138.385690940113051,1431.879820049009140,
-1,1,3895,Pond,0.032877000000000,Hist,Hist salmon,17978,267.210294879990386,,17978,151813.484517717675772,406226339.697148263454437,Newaukum River,12,76.985260608677223,328.562477974731962,Yes
-1,1,3896,Marsh,0.589087000000000,Hist,Hist salmon,2082,0.000000000000000,,2082,151813.484517717675772,406226339.697148263454437,Newaukum River,12,351.991336620202219,5887.261652953630801,
-1,1,3897,Pond,0.037401000000000,Hist,Hist no salmon,17963,488.954832013279884,,17963,151813.484517717675772,406226339.697148263454437,Newaukum River,12,73.158592537417960,373.775736375778479,Yes
-1,1,3898,Pond,0.020638000000000,Hist,Hist no salmon,2503,314.285830694539925,,2503,151813.484517717675772,406226339.697148263454437,Newaukum River,12,54.458095077020062,206.248215943521075,
-1,1,3899,Pond,0.087803000000000,Hist,Hist salmon,2948,62.171982766226485,,2948,50132.307652337098261,42180804.244348973035812,Unnamed: Cascade Mountains 2,13,146.418920471158941,877.474863220645148,
-1,1,3900,Marsh,0.231208000000000,Hist,Hist salmon,2083,0.000000000000000,,2083,151813.484517717675772,406226339.697148263454437,Newaukum River,12,187.089258032444519,2310.666746082341888,
-1,1,3901,Marsh,0.077926000000000,Hist,Hist salmon,2073,1074.784795688262875,,2073,151813.484517717675772,406226339.697148263454437,Newaukum River,12,114.358583497730919,778.781858744254578,
-1,1,3902,Pond,0.280240000000000,Hist,Hist salmon,2107,0.000000000000000,,2107,151813.484517717675772,406226339.697148263454437,Newaukum River,12,221.295206149661368,2800.657215580505181,
-1,1,3903,Pond,0.056092000000000,Hist,Hist no salmon,1593,612.635661368282740,,1593,151813.484517717675772,406226339.697148263454437,Newaukum River,12,96.167106114529119,560.576128972687115,
-1,1,3904,Pond,0.229612000000000,Hist,Hist no salmon,1892,1309.752992347135887,,1892,151813.484517717675772,406226339.697148263454437,Newaukum River,12,198.529397785843798,2294.675322915478318,
-1,1,3905,Pond,0.097370000000000,Hist,Hist salmon,2058,76.915552515743101,,2058,151813.484517717675772,406226339.697148263454437,Newaukum River,12,119.765536171430256,973.097812192068886,
-1,1,3906,Pond,0.288111000000000,Hist,Hist salmon,1886,579.837329939472170,,1886,151813.484517717675772,406226339.697148263454437,Newaukum River,12,231.437269827569111,2879.303393633018914,
-1,1,3907,Pond,0.398608000000000,Hist,Hist no salmon,17984,1257.468959121334365,,17984,151813.484517717675772,406226339.697148263454437,Newaukum River,12,241.475265885278930,3983.575909389021490,
-1,1,3908,Marsh,0.491162000000000,Hist,Hist no salmon,2044,636.566058118658816,,2044,151813.484517717675772,406226339.697148263454437,Newaukum River,12,291.041253639117940,4908.577764333477717,
-1,1,3909,Pond,0.154057000000000,Hist,Hist no salmon,2379,396.059282540190452,,2379,151813.484517717675772,406226339.697148263454437,Newaukum River,12,161.637043780733620,1539.602579962156597,Yes
-1,1,3910,Pond,0.140638000000000,Hist,Hist salmon,2379,285.974953577288090,,2379,151813.484517717675772,406226339.697148263454437,Newaukum River,12,144.028063282104483,1405.497302443052149,Yes
-1,1,3911,Marsh,0.278858000000000,Hist,Hist salmon,2571,0.000000000000000,,2571,151813.484517717675772,406226339.697148263454437,Newaukum River,12,246.520401545670808,2786.866554692756381,
-1,1,3912,Pond,0.158401000000000,Hist,Curr degradeH,2384,444.113259442689412,,2384,151813.484517717675772,406226339.697148263454437,Newaukum River,12,199.621044974489138,1583.013670818020955,Yes
-1,1,3913,Pond,0.170791000000000,Hist,Hist salmon,17987,142.828217843705431,,17987,151813.484517717675772,406226339.697148263454437,Newaukum River,12,201.742779706688054,1706.832372325179222,
-1,1,3914,Pond,0.583996000000000,Hist,Hist salmon,17990,131.617763007273851,,17990,151813.484517717675772,406226339.697148263454437,Newaukum River,12,478.477636496001310,5836.289902129592519,Yes
-1,1,3915,Marsh,0.124488000000000,Curr,Hist no salmon,2571,187.850574724226760,,2571,151813.484517717675772,406226339.697148263454437,Newaukum River,12,162.999129788931441,1244.115697998136739,
-1,1,3916,Marsh,0.250831000000000,Curr,Hist salmon,2570,0.000000000000000,,2570,151813.484517717675772,406226339.697148263454437,Newaukum River,12,206.857128759394868,2506.766730609645947,
-1,1,3917,Marsh,1.505243000000000,Hist,Hist salmon,2564,0.000000000000000,,2564,151813.484517717675772,406226339.697148263454437,Newaukum River,12,504.615367942961427,15043.133854890720613,
-1,1,3918,Marsh,0.388162000000000,Hist,Hist salmon,2563,0.000000000000000,,2563,151813.484517717675772,406226339.697148263454437,Newaukum River,12,240.920199641721126,3879.215512905222567,
-1,1,3919,Pond,0.107196000000000,Hist,Hist salmon,2559,39.469974474036093,,2559,151813.484517717675772,406226339.697148263454437,Newaukum River,12,143.928101787058324,1071.291373382943902,
-1,1,3920,Marsh,0.099279000000000,Hist,Hist salmon,2571,904.735027400165905,,2571,151813.484517717675772,406226339.697148263454437,Newaukum River,12,136.918888675551557,992.177724381493817,
-1,1,3921,Pond,0.110977000000000,Hist,Hist no salmon,1892,1381.642734548519456,,1892,151813.484517717675772,406226339.697148263454437,Newaukum River,12,121.714977205920519,1109.073390123029185,
-1,1,3922,Marsh,0.588653000000000,Hist,Hist no salmon,1253,172.875153256824802,,1253,151813.484517717675772,406226339.697148263454437,Newaukum River,12,309.100049315069043,5882.889400631292119,
-1,1,3923,Marsh,0.165731000000000,Hist,Hist salmon,1499,0.000000000000000,,1499,151813.484517717675772,406226339.697148263454437,Newaukum River,12,153.632927896818728,1656.271938543190117,
-1,1,3924,Marsh,0.070211000000000,Hist,Hist salmon,1500,0.000000000000000,,1500,151813.484517717675772,406226339.697148263454437,Newaukum River,12,100.280165248893525,701.669448604962781,
-1,1,3925,Marsh,0.184315000000000,Curr,Hist salmon,1507,0.000000000000000,,1507,151813.484517717675772,406226339.697148263454437,Newaukum River,12,159.690281034175911,1842.003233959743056,
-1,1,3926,Marsh,2.734823000000000,Hist,Hist salmon,1384,0.000000000000000,,1384,151813.484517717675772,406226339.697148263454437,Newaukum River,12,657.272331429032874,27331.514716923709784,
-1,1,3927,Marsh,0.393069000000000,Hist,Hist salmon,1832,0.000000000000000,,1832,151813.484517717675772,406226339.697148263454437,Newaukum River,12,261.351703858839585,3928.263498691661425,
-1,1,3928,Pond,0.256093000000000,Hist,Hist no salmon,1521,140.534404904420768,,1521,151813.484517717675772,406226339.697148263454437,Newaukum River,12,224.741773311548087,2559.325632289657733,
-1,1,3929,Pond,0.306311000000000,Hist,Hist no salmon,1892,1187.025265030665651,,1892,151813.484517717675772,406226339.697148263454437,Newaukum River,12,205.657093762637885,3061.185804140008713,
-1,1,3930,Pond,0.879766000000000,Hist,Hist salmon,1281,205.288062476561265,,1281,151813.484517717675772,406226339.697148263454437,Newaukum River,12,484.724012217946779,8792.164322246928350,
-1,1,3931,Marsh,0.574681000000000,Hist,Hist salmon,1830,0.000000000000000,,1830,151813.484517717675772,406226339.697148263454437,Newaukum River,12,342.192634102101636,5743.265361574965027,
-1,1,3932,Pond,0.028298000000000,Hist,Hist salmon,1937,0.000000000000000,,1937,151813.484517717675772,406226339.697148263454437,Newaukum River,12,63.441504814109003,282.798136212171812,
-1,1,3933,Marsh,2.514907000000000,Hist,Hist salmon,1379,125.136445014137848,,1379,151813.484517717675772,406226339.697148263454437,Newaukum River,12,894.047271941699705,25133.690305932712363,
-1,1,3934,Marsh,0.386870000000000,Hist,Hist salmon,1508,0.000000000000000,,1508,151813.484517717675772,406226339.697148263454437,Newaukum River,12,361.699876672667358,3866.292548772904411,
-1,1,3935,Marsh,0.556478000000000,Curr,Hist salmon,1676,27.002378315643814,2571,1676,128713.250162538577570,324568132.476597189903259,South Fork Chehalis,5,590.276449203769175,5561.284158448019298,Yes
-1,1,3936,Marsh,1.148077000000000,Hist,Hist salmon,1459,593.167204755629200,,1459,128713.250162538577570,324568132.476597189903259,South Fork Chehalis,5,432.461216266216979,11473.567533829349486,Yes
-1,1,3937,Marsh,0.218270000000000,Hist,Hist no salmon,17888,309.521256347873418,,17888,151813.484517717675772,406226339.697148263454437,Newaukum River,12,261.165687622158941,2181.341079901413195,
-1,1,3938,Pond,0.031758000000000,Hist,Hist no salmon,3831,351.903910132045326,,3831,151813.484517717675772,406226339.697148263454437,Newaukum River,12,81.828931736321749,317.381167195883791,
-1,1,3939,Marsh,0.061323000000000,Hist,Hist salmon,3830,632.440746084641773,,3830,151813.484517717675772,406226339.697148263454437,Newaukum River,12,107.702135438742502,612.841735112515380,
-1,1,3940,Marsh,0.125609000000000,Hist,Hist salmon,2784,385.696559488375726,,2784,151813.484517717675772,406226339.697148263454437,Newaukum River,12,130.355543105675167,1255.306263024524469,
-1,1,3941,Marsh,0.098287000000000,Curr,Hist salmon,2784,316.774758921760167,,2784,151813.484517717675772,406226339.697148263454437,Newaukum River,12,119.944521909133329,982.256982123129319,
-1,1,3942,Marsh,0.148244000000000,Curr,Hist salmon,2784,201.683787069786746,,2784,151813.484517717675772,406226339.697148263454437,Newaukum River,12,142.757833137946108,1481.516875212718332,
-1,1,3943,Marsh,0.212897000000000,Curr,Hist no salmon,2319,504.912506712061315,,2319,151813.484517717675772,406226339.697148263454437,Newaukum River,12,189.872365115254013,2127.635253363717311,
-1,1,3944,Pond,0.433188000000000,Hist,Curr degradeH,23117,155.106561638863212,,23117,49339.273498255643062,17306234.431499805301428,Mainstem: Middle Chehalis 3,56,238.134970560345494,4329.134354562789667,
-1,1,3945,Marsh,0.187712000000000,Curr,Hist salmon,20656,594.271759435891568,,20656,33658.170172136567999,13036252.537259833887219,Unnamed: Central Lowlands 8,14,210.442154699321947,1875.930654396381442,
-1,1,3946,Marsh,0.214696000000000,Curr,Hist salmon,4032,34.622930696613984,,4032,33658.170172136567999,13036252.537259833887219,Unnamed: Central Lowlands 8,14,237.247405412173919,2145.601170784239912,
-1,1,3947,Pond,0.357713000000000,Hist,Hist salmon,4119,274.164594354607289,,4119,49339.273498255643062,17306234.431499805301428,Mainstem: Middle Chehalis 3,56,326.600034424728392,3574.871393256084957,
-1,1,3948,Marsh,0.054153000000000,Curr,Hist salmon,4044,0.000000000000000,,4044,33658.170172136567999,13036252.537259833887219,Unnamed: Central Lowlands 8,14,98.304267856283886,541.188721946367309,
-1,1,3949,Marsh,0.137725000000000,Curr,Hist salmon,20657,694.950222922391617,,20657,33658.170172136567999,13036252.537259833887219,Unnamed: Central Lowlands 8,14,137.748874398881753,1376.380050081913623,
-1,1,3950,Marsh,0.242198000000000,Curr,Hist salmon,18997,403.217421241000068,,18997,57551.046467003296129,62244686.940613552927971,Salzer Creek,15,183.536212783065139,2420.454621062203387,
-1,1,3951,Marsh,0.532247000000000,Hist,Hist salmon,18997,295.199235478472986,,18997,57551.046467003296129,62244686.940613552927971,Salzer Creek,15,269.945104180155795,5319.113519908933995,
-1,1,3952,Pond,1.537121000000000,Hist,Hist salmon,4120,175.913045142219573,,4120,49339.273498255643062,17306234.431499805301428,Mainstem: Middle Chehalis 3,56,685.739883433806426,15361.500131661076011,
-1,1,3953,Pond,0.165590000000000,Hist,Hist salmon,3004,618.940525188045171,,3004,50132.307652337098261,42180804.244348973035812,Unnamed: Cascade Mountains 2,13,200.910109098529745,1654.859232507171782,
-1,1,3954,Marsh,0.167387000000000,Hist,Hist no salmon,3024,231.900636119960637,,3024,50132.307652337098261,42180804.244348973035812,Unnamed: Cascade Mountains 2,13,181.513520665330844,1672.815582839299395,
-1,1,3955,Marsh,6.812129000000000,Hist,Hist salmon,3852,0.000000000000000,,3852,49339.273498255643062,17306234.431499805301428,Mainstem: Middle Chehalis 3,56,1060.877720800987618,68078.327004424645565,Yes
-1,1,3956,Marsh,0.471244000000000,Hist,Hist no salmon,3023,852.625328964432583,,3023,50132.307652337098261,42180804.244348973035812,Unnamed: Cascade Mountains 2,13,278.028103296451377,4709.489481411856104,
-1,1,3957,Pond,0.368536000000000,Hist,Hist no salmon,3024,612.402085530908266,,3024,50132.307652337098261,42180804.244348973035812,Unnamed: Cascade Mountains 2,13,227.314985557206768,3683.049692446248628,
-1,1,3958,Pond,0.403505000000000,Hist,Hist no salmon,3023,502.008840502066562,,3023,50132.307652337098261,42180804.244348973035812,Unnamed: Cascade Mountains 2,13,295.449784081184475,4032.523351519181688,
-1,1,3959,Marsh,0.051479000000000,Hist,Hist no salmon,3024,503.113825416029897,,3024,50132.307652337098261,42180804.244348973035812,Unnamed: Cascade Mountains 2,13,83.488344623027729,514.470979166531720,
-1,1,3960,Pond,0.160439000000000,Curr,Hist salmon,4024,16.942777981894885,,4024,33658.170172136567999,13036252.537259833887219,Unnamed: Central Lowlands 8,14,195.879245197305409,1603.371644474835193,
-1,1,3961,Marsh,0.308007000000000,Hist,Hist salmon,18997,84.514900343421687,,18997,57551.046467003296129,62244686.940613552927971,Salzer Creek,15,209.023557385451966,3078.128996609100795,
-1,1,3962,Marsh,0.221940000000000,Curr,Hist salmon,18997,32.497410861461105,,18997,57551.046467003296129,62244686.940613552927971,Salzer Creek,15,175.076633315153856,2217.996387967528790,
-1,1,3963,Pond,0.048820000000000,Hist,Hist no salmon,4331,917.421351784327044,,4331,57551.046467003296129,62244686.940613552927971,Salzer Creek,15,84.246441135524336,487.888452581403271,
-1,1,3964,Pond,0.063755000000000,Hist,Hist no salmon,19147,1281.927015169959532,,19147,57551.046467003296129,62244686.940613552927971,Salzer Creek,15,93.250841254471510,637.143461908655013,
-1,1,3965,Marsh,1.430174000000000,Hist,Hist salmon,19131,898.852711785932229,,19131,57551.046467003296129,62244686.940613552927971,Salzer Creek,15,582.901845648316566,14292.701446643204690,
-1,1,3966,Marsh,0.166426000000000,Hist,Hist salmon,19131,855.917162447306282,,19131,57551.046467003296129,62244686.940613552927971,Salzer Creek,15,153.509251122176323,1663.212034981702573,
-1,1,3967,Marsh,0.207785000000000,Both,Hist salmon,19051,22.221210768603687,,19051,57551.046467003296129,62244686.940613552927971,Salzer Creek,15,173.624757814379450,2076.542244073656093,
-1,1,3968,Marsh,0.731661000000000,Hist,Hist salmon,3908,0.000000000000000,,3908,76524.840528758461005,151273081.305056989192963,Elk Creek,3,634.061169595247179,7312.216916783347187,
-1,1,3969,Marsh,0.045238000000000,Hist,Hist salmon,19557,0.000000000000000,,19557,76524.840528758461005,151273081.305056989192963,Elk Creek,3,89.759877993197691,452.102123014888889,
-1,1,3970,Marsh,0.035772000000000,Hist,Hist salmon,3905,714.569851124077786,,3905,76524.840528758461005,151273081.305056989192963,Elk Creek,3,72.442633696830697,357.500634386547347,
-1,1,3971,Marsh,0.134205000000000,Hist,Hist salmon,3905,443.563107870704187,,3905,76524.840528758461005,151273081.305056989192963,Elk Creek,3,166.180405755555597,1341.238949186573109,
-1,1,3972,Marsh,0.315995000000000,Hist,Hist salmon,3905,1338.349361623957748,,3905,76524.840528758461005,151273081.305056989192963,Elk Creek,3,217.064776416904721,3158.041756182919926,
-1,1,3973,Marsh,0.107624000000000,Hist,Hist salmon,3897,1279.508571375952442,,3897,76524.840528758461005,151273081.305056989192963,Elk Creek,3,137.567184319872069,1075.591389766594148,
-1,1,3974,Marsh,0.079077000000000,Hist,Hist salmon,3897,1512.630778532182376,,3897,76524.840528758461005,151273081.305056989192963,Elk Creek,3,118.733843167574037,790.287350514646050,
-1,1,3975,Pond,0.404089000000000,Hist,Hist salmon,3910,2662.786010098023780,,3910,76524.840528758461005,151273081.305056989192963,Elk Creek,3,313.185238272324511,4038.473124387145162,
-1,1,3976,Marsh,0.197369000000000,Hist,Hist salmon,3801,235.154788664347677,,3801,76524.840528758461005,151273081.305056989192963,Elk Creek,3,173.882888009174422,1972.490528674110237,
-1,1,3977,Marsh,0.066298000000000,Hist,Hist salmon,3801,364.241399953199675,,3801,76524.840528758461005,151273081.305056989192963,Elk Creek,3,106.751138430013725,662.579208874522237,
-1,1,3978,Marsh,0.208215000000000,Hist,Hist no salmon,3801,410.078117175168245,,3801,76524.840528758461005,151273081.305056989192963,Elk Creek,3,219.430994572023423,2080.887489973190441,
-1,1,3979,Pond,0.169503000000000,Hist,Hist salmon,3805,27.135068112581834,,3805,76524.840528758461005,151273081.305056989192963,Elk Creek,3,285.386305698092201,1693.998074098940833,
-1,1,3980,Marsh,0.090300000000000,Hist,Hist salmon,3897,841.730679299756048,,3897,76524.840528758461005,151273081.305056989192963,Elk Creek,3,145.130263135184066,902.451705682711463,
-1,1,3981,Marsh,0.213888000000000,Curr,Hist salmon,3910,1522.675055508369724,,3910,76524.840528758461005,151273081.305056989192963,Elk Creek,3,184.397186771185233,2137.604709091518089,
-1,1,3982,Marsh,1.341451000000000,Curr,Hist salmon,3910,1597.215877481665075,,3910,76524.840528758461005,151273081.305056989192963,Elk Creek,3,925.029627211661136,13406.498828094347118,
-1,1,3983,Pond,0.072137000000000,Hist,Hist salmon,3910,2304.830390551046094,,3910,76524.840528758461005,151273081.305056989192963,Elk Creek,3,125.186039202227832,720.941393627575962,
-1,1,3984,Pond,0.042052000000000,Hist,Hist salmon,3363,139.804073706319116,,3363,76524.840528758461005,151273081.305056989192963,Elk Creek,3,77.747668201269306,420.260313611041113,
-1,1,3985,Marsh,4.512245000000000,Hist,Hist salmon,20733,904.951455452722598,,20733,76524.840528758461005,151273081.305056989192963,Elk Creek,3,2306.190265715657461,45095.262648085714318,
-1,1,3986,Marsh,0.021615000000000,Curr,Hist no salmon,22994,410.367489589066111,,22994,65306.643175367535150,54983150.600972734391689,Unnamed: Willapa Hills 2,6,57.414428903685220,216.013046570311985,
-1,1,3987,Marsh,0.312934000000000,Hist,Hist salmon,3678,78.004878616918205,,3678,65306.643175367535150,54983150.600972734391689,Unnamed: Willapa Hills 2,6,211.645021705305339,3127.404469636638169,
-1,1,3988,Pond,0.097362000000000,Hist,Hist no salmon,2541,752.087485040868273,,2541,65306.643175367535150,54983150.600972734391689,Unnamed: Willapa Hills 2,6,126.197960716894642,973.007661006268677,
-1,2,3989,Marsh,7.177003000000000,Hist,Hist salmon,22548,205.206391328479100,,22548,48209.614123100487632,34704709.802221670746803,Unnamed: Willapa Hills 3,4,1276.251134317757987,71725.154330473596929,
-1,2,3990,Marsh,0.310430000000000,Curr,Hist salmon,2541,0.000000000000000,,2541,65306.643175367535150,54983150.600972734391689,Unnamed: Willapa Hills 2,6,300.237117996038648,3102.353131125429627,
-1,1,3991,Marsh,4.418091000000000,Curr,Hist salmon,2688,0.000000000000000,,2688,151813.484517717675772,406226339.697148263454437,Newaukum River,12,2071.839873078653000,44153.907697600661777,
-1,1,3992,Marsh,0.677804000000000,Hist,Hist salmon,2680,0.000000000000000,,2680,151813.484517717675772,406226339.697148263454437,Newaukum River,12,470.774578579558806,6773.905089903909357,
-1,1,3993,Marsh,0.220249000000000,Hist,Hist salmon,2698,99.081408708332603,,2698,151813.484517717675772,406226339.697148263454437,Newaukum River,12,176.701526677735416,2201.135820200278886,
-1,1,3994,Pond,0.017506000000000,Hist,Hist salmon,17838,0.000000000000000,,17838,151813.484517717675772,406226339.697148263454437,Newaukum River,12,55.858230304430428,174.949260786343530,
-1,1,3995,Marsh,0.059746000000000,Curr,Hist salmon,2330,0.000000000000000,,2330,151813.484517717675772,406226339.697148263454437,Newaukum River,12,103.509265810688461,597.101489154876390,
-1,1,3996,Marsh,0.078732000000000,Hist,Hist salmon,2329,70.026852085672360,,2329,151813.484517717675772,406226339.697148263454437,Newaukum River,12,115.915353395418165,786.847585047983898,
-1,1,3997,Marsh,1.448831000000000,Hist,Hist salmon,2281,0.000000000000000,,2281,151813.484517717675772,406226339.697148263454437,Newaukum River,12,609.935125056738912,14479.597754157732197,
-1,1,3998,Marsh,1.211688000000000,Curr,Hist salmon,2003,0.000000000000000,,2003,151813.484517717675772,406226339.697148263454437,Newaukum River,12,509.683267198288434,12109.596757356332091,
-1,1,3999,Marsh,1.068236000000000,Hist,Hist salmon,1994,31.909151288001290,,1994,151813.484517717675772,406226339.697148263454437,Newaukum River,12,474.883582303720345,10675.918815832967084,
-1,1,4000,Pond,5.704361000000000,Both,Hist salmon,11829,0.000000000000000,,11829,230932.463257765833987,638216095.057497859001160,Humptulips River,45,3416.508607061515249,57012.517900485807331,
-1,1,4001,Marsh,4.001372000000000,Curr,Hist salmon,12388,0.000000000000000,,12388,230932.463257765833987,638216095.057497859001160,Humptulips River,45,1929.997134634234953,39991.546951382435509,
-1,1,4002,Pond,0.930393000000000,Curr,Hist salmon,9662,0.000000000000000,,9662,378317.145195854303893,263575921.850556135177612,Lower Chehalis Estuary,50,428.662255479950943,9298.913669301864502,
-1,1,4003,Marsh,0.892843000000000,Curr,Hist salmon,12807,371.357132583655300,,12807,222380.125267685507424,776523555.048679113388062,Satsop River,40,465.591320385690722,8922.188203940808307,
-1,1,4004,Marsh,3.853523000000000,Curr,Hist salmon,11783,0.000000000000000,,11783,222380.125267685507424,776523555.048679113388062,Satsop River,40,950.157037190807955,38508.536125907048699,
-1,1,4005,Marsh,0.818451000000000,Curr,Hist salmon,11917,0.000000000000000,,11917,222380.125267685507424,776523555.048679113388062,Satsop River,40,474.870679153786000,8178.778408193930773,
-1,1,4006,Marsh,1.088239000000000,Curr,Hist salmon,10572,18.278938440101260,,10572,111846.634780773121747,175346973.513960331678391,Cloquallum Creek,37,418.585450996228758,10874.888560326040533,
-1,1,4007,Marsh,1.716889000000000,Curr,Hist salmon,7811,53.416282601201878,,7811,64500.793559666235524,70730227.349633023142815,Mox Chehalis Creek,34,626.827784895910099,17157.560509265134897,
-1,1,4008,Side channel,0.430379000000000,Both,Hist salmon,8470,0.000000000000000,6,8470,48290.055449476276408,24797583.336042989045382,Mainstem: Lower Chehalis 7,63,443.924428914859561,4301.098846563842017,Yes
-1,1,4009,FP channel,0.287058000000000,Both,Hist salmon,4938,0.000000000000000,606,4938,40239.034924584579130,15952808.948135545477271,Mainstem: Lower Chehalis 2,58,530.349852933140710,2868.746578417843921,Yes
-1,1,4010,Marsh,0.507937000000000,Hist,Hist salmon,18072,2.208185021533291,8542,18072,138406.144823040289339,318898089.190657675266266,Skookumchuck River,18,581.321561586293569,5076.119006419970901,
-1,1,4011,Side channel,0.360321000000000,Both,Hist salmon,5809,12.000080725774989,303,5809,38521.396498919821170,15187066.736874151974916,Mainstem: Lower Chehalis 4,60,688.196341579116847,3600.900985002198468,Yes
-1,1,4012,Side channel,0.322977000000000,Both,Hist salmon,1342,10.335954361793164,9162,1342,151813.484517717675772,406226339.697148263454437,Newaukum River,12,508.668887479722059,3227.767432773321616,
-1,1,4013,Side channel,0.631105000000000,Both,Hist salmon,17009,0.000000000000000,5980,17009,230932.463257765833987,638216095.057497859001160,Humptulips River,45,1521.616519171242544,6306.575455113637872,
-1,1,4014,Marsh,2.365311000000000,Hist,Hist salmon,5195,67.085728716689999,,5195,40239.034924584579130,15952808.948135545477271,Mainstem: Lower Chehalis 2,58,969.999342232253071,23637.931462325366738,
-1,1,4015,Marsh,1.077837000000000,Curr,Hist salmon,2047,0.000000000000000,,2047,151813.484517717675772,406226339.697148263454437,Newaukum River,12,419.866303851649718,10771.708365797223450,
-1,1,4016,Marsh,0.848592000000000,Curr,Hist salmon,2049,0.000000000000000,,2049,151813.484517717675772,406226339.697148263454437,Newaukum River,12,369.335571437534952,8480.680089209954531,
-1,1,4017,Marsh,2.593881000000000,Curr,Hist salmon,2055,0.000000000000000,,2055,151813.484517717675772,406226339.697148263454437,Newaukum River,12,671.774246315070400,25922.804271372355288,
-1,1,4018,Marsh,0.208363000000000,Curr,Hist salmon,2060,0.000000000000000,,2060,151813.484517717675772,406226339.697148263454437,Newaukum River,12,209.394808739393596,2082.347060239479106,
-1,1,4019,Marsh,0.169472000000000,Curr,Hist salmon,2061,0.000000000000000,,2061,151813.484517717675772,406226339.697148263454437,Newaukum River,12,194.515340278277790,1693.680055346796735,
-1,1,4020,Pond,0.140134000000000,Curr,Hist salmon,2472,0.000000000000000,,2472,151813.484517717675772,406226339.697148263454437,Newaukum River,12,150.338772102425139,1400.477915538969455,
-1,1,4021,Pond,0.194282000000000,Hist,Hist salmon,4990,207.536095596910002,,4990,98751.225704972457606,77067740.308363378047943,Unnamed: Central Lowlands 6,20,185.361910479648628,1941.590690349089073,
-1,1,4022,Pond,0.057707000000000,Hist,Hist salmon,5130,366.658016815235953,,5130,40239.034924584579130,15952808.948135545477271,Mainstem: Lower Chehalis 2,58,95.977474706509838,576.703972377969194,Yes
-1,1,4023,Marsh,0.094799000000000,Curr,Hist salmon,22946,0.000000000000000,,22946,118289.321295402623946,126156469.879530921578407,Upper Chehalis: Proposed Dam to Elk Creek,2,117.868200536462297,947.412953695144097,
-1,1,4024,Marsh,0.235428000000000,Curr,Hist salmon,22949,0.000000000000000,,22949,118289.321295402623946,126156469.879530921578407,Upper Chehalis: Proposed Dam to Elk Creek,2,202.230345139910440,2352.848424469324527,
-1,1,4025,Marsh,0.307847000000000,Curr,Hist salmon,19934,332.463874054768667,,19934,118289.321295402623946,126156469.879530921578407,Upper Chehalis: Proposed Dam to Elk Creek,2,215.246464013821935,3076.597240330273507,
-1,1,4026,Marsh,0.128166000000000,Curr,Hist salmon,19937,485.494189407388205,,19937,118289.321295402623946,126156469.879530921578407,Upper Chehalis: Proposed Dam to Elk Creek,2,136.537230933195445,1280.879381622884011,
-1,1,4027,Marsh,0.288247000000000,Curr,Hist salmon,19935,465.203130012460349,,19935,118289.321295402623946,126156469.879530921578407,Upper Chehalis: Proposed Dam to Elk Creek,2,215.535239366169435,2880.714752684728410,
-1,1,4028,Marsh,6.862474000000000,Curr,Hist no salmon,18849,107.836122526296577,,18849,138406.144823040289339,318898089.190657675266266,Skookumchuck River,18,1117.453856907357022,68581.277959907834884,
-1,1,4029,Pond,38.057257000000000,Curr,Hist no salmon,18578,420.644911512152021,,18578,138406.144823040289339,318898089.190657675266266,Skookumchuck River,18,2580.991450395125867,380332.511808481533080,
-1,1,4030,Marsh,0.965551000000000,Curr,Hist salmon,18896,0.000000000000000,,18896,138406.144823040289339,318898089.190657675266266,Skookumchuck River,18,402.067950587886514,9649.526052073435494,
-1,1,4031,Marsh,0.986397000000000,Curr,Hist no salmon,22789,1003.423184143646722,,22789,151813.484517717675772,406226339.697148263454437,Newaukum River,12,505.951518649090133,9857.870871146333229,
-1,1,4032,Marsh,0.300226000000000,Curr,Hist salmon,6623,567.926583697686851,,6623,52529.756095652686781,68590327.366781875491142,Rock Creek (Lower Chehalis),28,529.674189563902814,3000.319447572534500,
-1,1,4033,Marsh,0.758918000000000,Curr,Hist salmon,15659,665.794075832720409,,15659,222380.125267685507424,776523555.048679113388062,Satsop River,40,370.295894271288716,7583.567793417093526,
-1,1,4034,Pond,0.026124000000000,Curr,Hist salmon,15659,510.263880221859040,,15659,222380.125267685507424,776523555.048679113388062,Satsop River,40,65.200896628128888,261.044045430241738,
-1,1,4035,Marsh,2.400712000000000,Curr,Hist salmon,15668,900.406215834897921,,15668,222380.125267685507424,776523555.048679113388062,Satsop River,40,922.649017882596354,23989.343983681646932,
-1,1,4036,Marsh,0.026592000000000,Curr,Hist salmon,15659,483.912749220832495,,15659,222380.125267685507424,776523555.048679113388062,Satsop River,40,65.606513830504838,265.720458521130240,
-1,1,4037,Marsh,0.656372000000000,Curr,Hist salmon,15659,293.155579484448253,,15659,222380.125267685507424,776523555.048679113388062,Satsop River,40,439.520652878659405,6558.875040383402848,
-1,1,4038,Marsh,0.279231000000000,Curr,Hist salmon,15659,555.484569590472120,,15659,222380.125267685507424,776523555.048679113388062,Satsop River,40,310.092488692638312,2790.249222701852887,
-1,1,4039,Marsh,0.358244000000000,Curr,Hist salmon,15664,23.913977361549172,,15664,222380.125267685507424,776523555.048679113388062,Satsop River,40,538.069326057231933,3579.787587990038446,
-1,1,4040,Marsh,0.228566000000000,Curr,Hist salmon,13696,0.000000000000000,,13696,222380.125267685507424,776523555.048679113388062,Satsop River,40,351.087106663974510,2284.007716978579083,
-1,0,4041,Marsh,1.716827000000000,Hist,Hist no salmon,15008,793.205524670992872,,15008,,,,,765.719500556933667,17155.115414509724360,
-1,0,4042,Marsh,0.923682000000000,Hist,Hist no salmon,15007,402.268444904029593,,15007,,,,,395.743335952303767,9229.755145062516021,
-1,1,4043,Marsh,2.736266000000000,Curr,Hist no salmon,20373,1329.195907002001150,,20373,222380.125267685507424,776523555.048679113388062,Satsop River,40,699.558002781676123,27342.367894472605258,
-1,1,4044,Marsh,0.610021000000000,Curr,Hist no salmon,20373,730.572329131326683,,20373,222380.125267685507424,776523555.048679113388062,Satsop River,40,506.763866188766713,6095.674054075271670,
-1,1,4045,Marsh,1.974416000000000,Curr,Hist no salmon,20373,672.705409916244548,,20373,222380.125267685507424,776523555.048679113388062,Satsop River,40,991.751322044280869,19729.486425854389381,
-1,1,4046,Marsh,6.926280000000000,Curr,Hist salmon,20371,896.154051531651589,,20371,222380.125267685507424,776523555.048679113388062,Satsop River,40,1894.900198565356959,69211.439402748554130,
-1,1,4047,Pond,3.487807000000000,Curr,Hist no salmon,20373,696.706012993372042,,20373,222380.125267685507424,776523555.048679113388062,Satsop River,40,763.104929991312815,34852.143894479107985,
-1,1,4048,Marsh,38.546188999999998,Curr,Hist salmon,14677,0.000000000000000,,14677,222380.125267685507424,776523555.048679113388062,Satsop River,40,10423.182635623152237,385176.657985480735078,
-1,1,4049,Marsh,0.273160000000000,Curr,Hist salmon,13256,60.516625061678518,,13256,222380.125267685507424,776523555.048679113388062,Satsop River,40,200.430733256412452,2729.671596995026448,
-1,1,4050,Marsh,1.824262000000000,Curr,Hist salmon,13256,0.000000000000000,,13256,222380.125267685507424,776523555.048679113388062,Satsop River,40,729.123543902928304,18229.715859832907881,
-1,1,4051,Marsh,23.243366999999999,Curr,Hist salmon,13825,0.000000000000000,,13825,128409.154010552825639,234704536.754735738039017,Hoquiam River,44,2138.646987976746914,232286.039142365829321,
-1,1,4052,Marsh,2.594415000000000,Curr,Hist salmon,23207,1384.259294902087731,,23207,43165.804896704394196,40547067.944952234625816,Unnamed: Black Hills 1,38,948.429393021050259,25926.727680857842643,
-1,1,4053,Pond,0.386720000000000,Curr,Hist no salmon,9197,840.514756475639047,,9197,72380.641822059013066,39697893.786662034690380,Mainstem: Lower Chehalis 6,62,245.322903061910324,3864.677087112566824,
-1,1,4054,Pond,3.324950000000000,Curr,Hist no salmon,9241,467.130029809994880,,9241,72380.641822059013066,39697893.786662034690380,Mainstem: Lower Chehalis 6,62,812.622625245828090,33227.800451700641133,
-1,1,4055,Pond,5.838753000000000,Curr,Hist no salmon,9242,601.373488684367544,,9242,72380.641822059013066,39697893.786662034690380,Mainstem: Lower Chehalis 6,62,1132.889003008315967,58349.423412104995805,
-1,1,4056,Marsh,1.245498000000000,Curr,Hist no salmon,9241,779.672673087955559,,9241,72380.641822059013066,39697893.786662034690380,Mainstem: Lower Chehalis 6,62,631.495004722343310,12446.867770663353440,
-1,1,4057,Marsh,1.565717000000000,Curr,Hist salmon,9196,528.874955502386570,,9196,72380.641822059013066,39697893.786662034690380,Mainstem: Lower Chehalis 6,62,736.038405967493190,15646.974977376639799,
-1,1,4058,Pond,0.205519000000000,Curr,Hist no salmon,9020,301.662143948381583,,9020,72380.641822059013066,39697893.786662034690380,Mainstem: Lower Chehalis 6,62,179.742160512754424,2053.851094730066961,
-1,1,4059,Slough,0.824167000000000,Curr,Hist salmon,9019,0.000000000000000,,9019,72380.641822059013066,39697893.786662034690380,Mainstem: Lower Chehalis 6,62,1541.878841090853712,8236.292178795079963,
-1,1,4060,Marsh,6.861645000000000,Hist,Hist salmon,8965,207.409552381428483,,8965,111846.634780773121747,175346973.513960331678391,Cloquallum Creek,37,1675.891288197219410,68570.940416909172200,
-1,1,4061,Marsh,6.861645000000000,Curr,Hist salmon,8965,207.409552381428483,,8965,111846.634780773121747,175346973.513960331678391,Cloquallum Creek,37,1675.891288197219410,68570.940416909172200,
-1,1,4062,Marsh,2.658971000000000,Curr,Hist salmon,8942,459.609917150888975,,8942,72380.641822059013066,39697893.786662034690380,Mainstem: Lower Chehalis 6,62,1235.513525144198866,26572.226565910466888,Yes
-1,1,4063,Pond,0.122965000000000,Curr,Hist no salmon,2541,614.177176564110823,,2541,65306.643175367535150,54983150.600972734391689,Unnamed: Willapa Hills 2,6,155.041061052234880,1228.879291511011161,
-1,1,4064,Marsh,0.226516000000000,Curr,Hist salmon,2582,497.037363732802760,,2582,37122.234989205142483,8781882.017450014129281,Mainstem: Middle Chehalis 1,54,281.768853642209137,2263.745351930851484,
-1,1,4065,Marsh,0.504121000000000,Curr,Hist salmon,2582,476.395185079888222,,2582,37122.234989205142483,8781882.017450014129281,Mainstem: Middle Chehalis 1,54,539.213217462755438,5038.050024650709020,
-1,1,4066,Marsh,0.693359000000000,Curr,Hist salmon,2540,0.000000000000000,,2540,37122.234989205142483,8781882.017450014129281,Mainstem: Middle Chehalis 1,54,798.891336869323709,6929.245887581355419,
-1,1,4067,Marsh,1.356972000000000,Curr,Hist no salmon,23264,441.441604986069308,,23264,111846.634780773121747,175346973.513960331678391,Cloquallum Creek,37,508.852303204671898,13560.030340997986059,
-1,1,4068,Marsh,0.692707000000000,Curr,Hist no salmon,12062,336.113323307015776,,12062,111846.634780773121747,175346973.513960331678391,Cloquallum Creek,37,311.503583975027652,6922.209674252459990,
-1,1,4069,Pond,0.913965000000000,Curr,Hist no salmon,12560,144.264274978070347,,12560,111846.634780773121747,175346973.513960331678391,Cloquallum Creek,37,457.793557715926283,9133.239848444301970,
-1,1,4070,Pond,0.220174000000000,Curr,Hist salmon,9720,406.122311152291331,,9720,111846.634780773121747,175346973.513960331678391,Cloquallum Creek,37,229.177769668755360,2200.245653028823654,
-1,1,4071,Pond,0.038623000000000,Curr,Hist salmon,9720,263.130901684253388,,9720,111846.634780773121747,175346973.513960331678391,Cloquallum Creek,37,75.378683521062456,385.969890389270631,
-1,1,4072,Marsh,5.755905000000000,Hist,Hist salmon,11003,936.076551866291538,,11003,111846.634780773121747,175346973.513960331678391,Cloquallum Creek,37,1583.619118363448933,57520.029960699816002,
-1,1,4073,Marsh,1.703974000000000,Hist,Hist salmon,11225,1614.888439439702324,,11225,111846.634780773121747,175346973.513960331678391,Cloquallum Creek,37,594.909397123494159,17028.209704562908883,
-1,1,4074,Marsh,2.136464000000000,Hist,Hist salmon,11001,1418.784709896529421,,11001,111846.634780773121747,175346973.513960331678391,Cloquallum Creek,37,825.225764442865739,21350.176968241565191,
-1,1,4075,Marsh,1.875315000000000,Hist,Hist salmon,11001,1510.737419692150070,,11001,111846.634780773121747,175346973.513960331678391,Cloquallum Creek,37,658.286704910839489,18740.460089045867790,
-1,1,4076,Marsh,1.447639000000000,Hist,Hist salmon,11000,1593.142214956620137,,11000,111846.634780773121747,175346973.513960331678391,Cloquallum Creek,37,459.850432756273165,14466.606363581253390,
-1,1,4077,Marsh,2.191148000000000,Curr,Hist salmon,9946,287.900973376315108,,9946,111846.634780773121747,175346973.513960331678391,Cloquallum Creek,37,598.994949111630604,21896.321792470189393,
-1,1,4078,Marsh,2.170096000000000,Curr,Hist no salmon,11130,396.290434367149885,,11130,111846.634780773121747,175346973.513960331678391,Cloquallum Creek,37,657.220288939682860,21685.819696924390882,
-1,1,4079,Pond,0.382115000000000,Curr,Hist salmon,10574,0.000000000000000,,10574,111846.634780773121747,175346973.513960331678391,Cloquallum Creek,37,331.861538881347769,3818.525256881614041,
-1,1,4080,Marsh,0.361529000000000,Curr,Hist salmon,10574,0.000000000000000,,10574,111846.634780773121747,175346973.513960331678391,Cloquallum Creek,37,302.381225141065499,3612.806403650842640,
-1,1,4081,Marsh,0.209471000000000,Curr,Hist salmon,8931,0.000000000000000,,8931,72380.641822059013066,39697893.786662034690380,Mainstem: Lower Chehalis 6,62,250.325405733371582,2093.336894472689437,Yes
-1,1,4082,Pond,1.687611000000000,Curr,Hist salmon,8929,0.000000000000000,,8929,72380.641822059013066,39697893.786662034690380,Mainstem: Lower Chehalis 6,62,863.436009100412662,16865.038669677564030,Yes
-1,1,4083,Pond,0.972052000000000,Curr,Hist salmon,8930,65.854862926581291,,8930,72380.641822059013066,39697893.786662034690380,Mainstem: Lower Chehalis 6,62,659.739545182797883,9714.136503555437230,Yes
-1,1,4084,Marsh,0.941024000000000,Curr,Hist salmon,8928,0.000000000000000,,8928,72380.641822059013066,39697893.786662034690380,Mainstem: Lower Chehalis 6,62,492.836637571089284,9404.058809012418351,Yes
-1,1,4085,Marsh,4.823339000000000,Curr,Hist salmon,9072,295.621052212635391,,9072,72380.641822059013066,39697893.786662034690380,Mainstem: Lower Chehalis 6,62,2284.674213542471534,48201.734952918915951,Yes
-1,1,4086,Marsh,1.043910000000000,Curr,Hist salmon,9073,362.345272309529832,,9073,72380.641822059013066,39697893.786662034690380,Mainstem: Lower Chehalis 6,62,1052.343916250533084,10432.257501046042307,Yes
-1,1,4087,Marsh,0.019191000000000,Hist,Hist no salmon,7341,1776.550102024133594,,7341,70790.401097194917384,102524081.591505512595177,Cedar Creek,29,60.973673389306462,191.782159943958533,
-1,1,4088,Marsh,0.069870000000000,Curr,Hist no salmon,7341,1787.802461512306763,,7341,70790.401097194917384,102524081.591505512595177,Cedar Creek,29,101.149171531031214,698.235294449294088,
-1,1,4089,Marsh,0.131929000000000,Curr,Hist no salmon,7341,1801.934709497898439,,7341,70790.401097194917384,102524081.591505512595177,Cedar Creek,29,147.705044837255969,1318.412083261615635,
-1,1,4090,Marsh,3.131798000000000,Curr,Hist no salmon,7341,2552.902931748238188,,7341,70790.401097194917384,102524081.591505512595177,Cedar Creek,29,1536.971006078737446,31297.291581167886761,
-1,1,4091,Marsh,0.065913000000000,Curr,Hist salmon,22798,0.000000000000000,,22798,70790.401097194917384,102524081.591505512595177,Cedar Creek,29,102.919024293895063,658.692802023996137,
-1,1,4092,Marsh,0.373017000000000,Curr,Hist salmon,14948,29.958007814338501,,14948,151947.647425919829402,266325666.708538889884949,Wishkah River,43,235.628496772830459,3727.621561879963792,
-1,1,4093,Marsh,1.011584000000000,Curr,Hist no salmon,20424,2668.113900475742412,,20424,67829.617527592563420,102901766.598401084542274,Porter Creek,32,616.279321476543828,10108.940239485786151,
-1,1,4094,Marsh,0.272096000000000,Curr,Hist no salmon,20424,2490.315362517139420,,20424,67829.617527592563420,102901766.598401084542274,Porter Creek,32,213.814925739022414,2719.096729271770528,
-1,1,4095,Pond,0.177372000000000,Curr,Hist no salmon,8563,684.396516110943708,,8563,159862.665859964530682,364384257.434201776981354,Black River,23,190.572649811364897,1772.507569397894258,
-1,1,4096,Marsh,1.028559000000000,Curr,Hist no salmon,6272,171.722242289569039,,6272,159862.665859964530682,364384257.434201776981354,Black River,23,373.482931919328621,10278.853026790840886,
-1,1,4097,Marsh,0.867669000000000,Curr,Hist no salmon,21629,322.606340204430523,,21629,230932.463257765833987,638216095.057497859001160,Humptulips River,45,347.232201265376318,8671.020607353953892,
-1,1,4098,Marsh,0.935332000000000,Curr,Hist no salmon,21629,333.565672548083455,,21629,230932.463257765833987,638216095.057497859001160,Humptulips River,45,367.073378403041829,9347.209177464061213,
-1,1,4099,Marsh,1.685727000000000,Curr,Hist no salmon,21632,347.861431352858006,,21632,230932.463257765833987,638216095.057497859001160,Humptulips River,45,561.352331539157831,16846.242489055966871,
-1,1,4100,Marsh,1.733151000000000,Curr,Hist no salmon,21632,194.294545405429602,,21632,230932.463257765833987,638216095.057497859001160,Humptulips River,45,495.499681894968319,17320.178475576369237,
-1,1,4101,Lake,8.132726999999999,Hist,Hist no salmon,10603,4787.463906212163238,,10603,378317.145195854303893,263575921.850556135177612,Lower Chehalis Estuary,50,1701.685893086418218,81287.074679102021037,
-1,1,4102,Marsh,1.531800000000000,Curr,Hist salmon,8331,37.141225458826618,,8331,159862.665859964530682,364384257.434201776981354,Black River,23,535.479221191104557,15307.609873068262459,
-1,1,4103,Pond,0.421745000000000,Hist,Hist no salmon,7635,199.465223494617163,,7635,159862.665859964530682,364384257.434201776981354,Black River,23,275.464406609481728,4214.636858307307193,
-1,1,4104,Pond,0.591044000000000,Hist,Hist no salmon,7635,253.942957166513935,,7635,159862.665859964530682,364384257.434201776981354,Black River,23,661.045385101535317,5906.494600832197648,
-1,1,4105,Pond,0.421745000000000,Curr,Hist no salmon,7635,199.465223494617163,,7635,159862.665859964530682,364384257.434201776981354,Black River,23,275.464406609481728,4214.636858307307193,
-1,1,4106,Pond,0.591044000000000,Curr,Hist no salmon,7635,253.942957166513935,,7635,159862.665859964530682,364384257.434201776981354,Black River,23,661.045385101535317,5906.494600832197648,
-1,1,4107,Pond,0.267540000000000,Hist,Hist no salmon,7634,510.194406229148740,,7634,159862.665859964530682,364384257.434201776981354,Black River,23,453.094453202640466,2673.619877356819416,
-1,1,4108,Pond,0.484197000000000,Curr,Hist no salmon,7634,506.991484601501782,,7634,159862.665859964530682,364384257.434201776981354,Black River,23,564.555758286182936,4838.743676005898124,
-1,1,4109,Marsh,4.932334000000000,Curr,Hist no salmon,7634,385.498899675982670,,7634,159862.665859964530682,364384257.434201776981354,Black River,23,1509.065522411448910,49290.438259726237447,
-1,1,4110,Marsh,0.497287000000000,Curr,Hist no salmon,7634,476.728040644546979,,7634,159862.665859964530682,364384257.434201776981354,Black River,23,401.645212299839272,4969.547327536010016,
-1,1,4111,Marsh,1.561422000000000,Curr,Hist salmon,7208,699.753431443907402,,7208,159862.665859964530682,364384257.434201776981354,Black River,23,744.231038637805113,15603.841735545440315,
-1,1,4112,Marsh,10.046709999999999,Curr,Hist salmon,7297,158.531062937876953,,7297,159862.665859964530682,364384257.434201776981354,Black River,23,1740.076887953867526,100400.029551141487900,
-1,1,4113,Marsh,0.028011000000000,Curr,Hist no salmon,6604,355.569690106929443,,6604,159862.665859964530682,364384257.434201776981354,Black River,23,83.202468226412591,279.923604364086373,
-1,1,4114,Pond,0.258416000000000,Hist,Hist salmon,6376,305.038677204191970,,6376,159862.665859964530682,364384257.434201776981354,Black River,23,291.331697686537495,2582.475075305887913,
-1,1,4115,Pond,0.177675000000000,Hist,Hist salmon,6376,345.837807209419850,,6376,159862.665859964530682,364384257.434201776981354,Black River,23,284.331903469456392,1775.596051700742692,
-1,1,4116,Pond,0.258416000000000,Curr,Hist salmon,6376,305.038677204191970,,6376,159862.665859964530682,364384257.434201776981354,Black River,23,291.331697686537495,2582.475075305887913,
-1,1,4117,Pond,0.177675000000000,Curr,Hist salmon,6376,345.837807209419850,,6376,159862.665859964530682,364384257.434201776981354,Black River,23,284.331903469456392,1775.596051700742692,
-1,2,4118,Marsh,1.157525000000000,Curr,Hist no salmon,6135,716.701290049307545,,6135,106638.473340230484609,103623513.334606394171715,Scatter Creek,22,703.514494532374670,11567.710975658992538,
-1,1,4119,Marsh,0.781580000000000,Hist,Hist salmon,6003,6.673264315540680,,6003,159862.665859964530682,364384257.434201776981354,Black River,23,525.692323400993359,7810.723106245888630,
-1,1,4120,Pond,0.294061000000000,Hist,Hist salmon,6003,0.000000000000000,,6003,159862.665859964530682,364384257.434201776981354,Black River,23,267.898116303064796,2938.699576029839591,
-1,1,4121,Marsh,0.781580000000000,Curr,Hist salmon,6003,6.673264315540680,,6003,159862.665859964530682,364384257.434201776981354,Black River,23,525.692323400993359,7810.723106245888630,
-1,1,4122,Pond,0.294061000000000,Curr,Hist salmon,6003,0.000000000000000,,6003,159862.665859964530682,364384257.434201776981354,Black River,23,267.898116303064796,2938.699576029839591,
-1,2,4123,Pond,1.198541000000000,Curr,Hist salmon,5370,550.708562821233727,,5370,106638.473340230484609,103623513.334606394171715,Scatter Creek,22,435.716197426675365,11977.635398581709524,
-1,1,4124,Marsh,0.917913000000000,Curr,Hist salmon,5716,491.724336983085493,,5716,159862.665859964530682,364384257.434201776981354,Black River,23,2401.499076754606904,9173.251778756939530,Yes
-1,1,4125,Marsh,0.134119000000000,Curr,Hist no salmon,6591,522.582869085319430,,6591,159862.665859964530682,364384257.434201776981354,Black River,23,147.090271483208312,1340.317593051772747,
-1,1,4126,Marsh,4.805197000000000,Curr,Hist no salmon,6122,1596.849823724384350,,6122,106638.473340230484609,103623513.334606394171715,Scatter Creek,22,946.032176523051135,48020.586227936320938,
-1,1,4127,Marsh,1.525544000000000,Both,Hist salmon,5802,16.859122912437712,,5802,106638.473340230484609,103623513.334606394171715,Scatter Creek,22,624.248185882002304,15245.527073830964582,
-1,1,4128,Pond,0.168016000000000,Curr,Hist salmon,5456,1656.336775118816831,,5456,106638.473340230484609,103623513.334606394171715,Scatter Creek,22,187.298555903742454,1679.067750307283859,
-1,1,4129,Pond,0.149483000000000,Curr,Hist salmon,5456,1746.194589946010183,,5456,106638.473340230484609,103623513.334606394171715,Scatter Creek,22,151.852717436062960,1493.858913122765443,
-1,1,4130,Pond,0.046624000000000,Hist,Hist salmon,5414,1418.678679373691239,,5414,106638.473340230484609,103623513.334606394171715,Scatter Creek,22,93.831247879809183,465.936034052528896,
-1,1,4131,Pond,0.046624000000000,Curr,Hist salmon,5414,1418.678679373691239,,5414,106638.473340230484609,103623513.334606394171715,Scatter Creek,22,93.831247879809183,465.936034052528896,
-1,1,4132,Marsh,1.298133000000000,Hist,Hist salmon,5126,93.578281085974893,,5126,40239.034924584579130,15952808.948135545477271,Mainstem: Lower Chehalis 2,58,846.261837795342217,12972.999127235219930,
-1,1,4133,Marsh,1.298133000000000,Curr,Hist salmon,5126,93.578281085974893,,5126,40239.034924584579130,15952808.948135545477271,Mainstem: Lower Chehalis 2,58,846.261837795342217,12972.999127235219930,
-1,1,4134,Marsh,0.896742000000000,Curr,Hist salmon,19730,26.652465639659159,,19730,128713.250162538577570,324568132.476597189903259,South Fork Chehalis,5,366.010495773880677,8961.805540782679600,
-1,1,4135,Pond,0.339420000000000,Curr,Hist salmon,4732,0.000000000000000,,4732,90912.708609555149451,112473867.070502221584320,Lincoln Creek,19,273.525601893131693,3392.038464422968445,Yes
-1,1,4136,Pond,0.084371000000000,Curr,Hist salmon,4733,0.000000000000000,,4733,90912.708609555149451,112473867.070502221584320,Lincoln Creek,19,122.882511495524852,843.176634233144114,
-1,1,4137,Marsh,0.292689000000000,Curr,Hist salmon,4732,144.053592319036198,,4732,90912.708609555149451,112473867.070502221584320,Lincoln Creek,19,256.426099205678895,2925.036550116247327,Yes
-1,1,4138,Marsh,5.831496000000000,Curr,Hist salmon,4757,384.522027723996928,,4757,90912.708609555149451,112473867.070502221584320,Lincoln Creek,19,3624.567579764095171,58277.864222864765907,
-1,1,4139,Pond,1.119792000000000,Hist,Hist salmon,4620,39.472583621349152,,4620,90912.708609555149451,112473867.070502221584320,Lincoln Creek,19,536.076629368296722,11190.789262944261282,
-1,1,4140,Pond,1.119792000000000,Curr,Hist salmon,4620,39.472583621349152,,4620,90912.708609555149451,112473867.070502221584320,Lincoln Creek,19,536.076629368296722,11190.789262944261282,
-1,1,4141,Pond,0.414736000000000,Both,Hist salmon,3910,2488.634853447481419,,3910,76524.840528758461005,151273081.305056989192963,Elk Creek,3,306.802161919530818,4144.880867051501809,
-1,1,4142,Marsh,0.705754000000000,Both,Hist salmon,19549,0.000000000000000,,19549,76524.840528758461005,151273081.305056989192963,Elk Creek,3,575.933912189008197,7053.219922313033749,
-1,1,4143,Marsh,0.943845000000000,Curr,Hist salmon,3035,0.000000000000000,,3035,76524.840528758461005,151273081.305056989192963,Elk Creek,3,399.270111300866972,9432.680506341972432,
-1,1,4144,Marsh,0.778847000000000,Curr,Hist salmon,9327,0.000000000000000,,9327,222380.125267685507424,776523555.048679113388062,Satsop River,40,602.642717526315550,7783.432324690821588,Yes
-1,1,4145,Pond,2.699531000000000,Curr,Hist salmon,8672,124.334713106131801,,8672,222380.125267685507424,776523555.048679113388062,Satsop River,40,868.810042342228826,26977.921620375876955,Yes
-1,1,4146,Side channel,1.845651000000000,Hist,Hist salmon,20146,0.000000000000000,6470,20146,222380.125267685507424,776523555.048679113388062,Satsop River,40,1775.787582324214782,18444.484763969692722,
-1,1,4147,Side channel,1.845651000000000,Curr,Hist salmon,20146,0.000000000000000,6470,20146,222380.125267685507424,776523555.048679113388062,Satsop River,40,1775.787582324214782,18444.484763969692722,
-1,1,4148,Marsh,0.665927000000000,Hist,Hist salmon,10352,79.839384168447452,,10352,222380.125267685507424,776523555.048679113388062,Satsop River,40,333.785192124842695,6654.917394885995236,
-1,1,4149,Marsh,0.665927000000000,Curr,Hist salmon,10352,79.839384168447452,,10352,222380.125267685507424,776523555.048679113388062,Satsop River,40,333.785192124842695,6654.917394885995236,
-1,1,4150,FP channel,0.096836000000000,Both,Hist salmon,12260,0.000000000000000,6523,12260,222380.125267685507424,776523555.048679113388062,Satsop River,40,264.760195161630918,967.725203884264829,
-1,1,4151,Marsh,0.816578000000000,Curr,Hist salmon,12266,412.872325489926538,,12266,222380.125267685507424,776523555.048679113388062,Satsop River,40,559.512349715463301,8160.315375219909583,
-1,1,4152,Marsh,2.982849000000000,Curr,Hist salmon,12266,274.431547785460964,,12266,222380.125267685507424,776523555.048679113388062,Satsop River,40,763.995110387844306,29808.542154658818617,
-1,1,4153,Marsh,2.534214000000000,Curr,Hist salmon,12272,295.734438704517572,,12272,222380.125267685507424,776523555.048679113388062,Satsop River,40,1229.258653339421244,25325.124267182480253,
-1,1,4154,Marsh,0.171264000000000,Curr,Hist salmon,12713,580.046557008728314,,12713,222380.125267685507424,776523555.048679113388062,Satsop River,40,195.418316222257147,1711.490856772881443,
-1,1,4155,Pond,0.066693000000000,Curr,Hist salmon,12712,608.031182973936666,,12712,222380.125267685507424,776523555.048679113388062,Satsop River,40,97.853624139232764,666.485572520776145,
-1,1,4156,Marsh,1.985034000000000,Curr,Hist salmon,12475,14.455381969967105,,12475,222380.125267685507424,776523555.048679113388062,Satsop River,40,935.010727216097962,19836.824246559051971,
-1,1,4157,Marsh,2.166284000000000,Curr,Hist salmon,12744,89.120769844149336,,12744,222380.125267685507424,776523555.048679113388062,Satsop River,40,691.920653246619167,21648.007159537603002,
-1,1,4158,Marsh,3.197775000000000,Curr,Hist salmon,12745,88.233873153327153,,12745,222380.125267685507424,776523555.048679113388062,Satsop River,40,1201.902952531944038,31955.810919534840650,
-1,1,4159,Pond,0.279855000000000,Curr,Hist salmon,12745,319.119739315309459,,12745,222380.125267685507424,776523555.048679113388062,Satsop River,40,205.157583549800336,2796.636220344374124,
-1,1,4160,Marsh,0.929377000000000,Curr,Hist no salmon,13843,207.483917318578477,,13843,222380.125267685507424,776523555.048679113388062,Satsop River,40,386.532726408396627,9287.353539605635888,
-1,1,4161,Marsh,5.758835000000000,Curr,Hist salmon,13945,98.234032623048620,,13945,222380.125267685507424,776523555.048679113388062,Satsop River,40,947.770324749209976,57548.531542149627057,
-1,1,4162,Marsh,1.070850000000000,Curr,Hist no salmon,13948,334.480975554161830,,13948,222380.125267685507424,776523555.048679113388062,Satsop River,40,470.684124448443981,10701.058597526205631,
-1,1,4163,Marsh,0.907057000000000,Curr,Hist salmon,13948,98.819285710560791,,13948,222380.125267685507424,776523555.048679113388062,Satsop River,40,409.304513955936500,9064.272053166587284,
-1,1,4164,Marsh,2.954800000000000,Curr,Hist no salmon,14429,200.517046706665496,,14429,222380.125267685507424,776523555.048679113388062,Satsop River,40,1448.347967665796659,29527.169634323454375,
-1,1,4165,Marsh,0.770348000000000,Curr,Hist salmon,14430,25.784549116479017,,14430,222380.125267685507424,776523555.048679113388062,Satsop River,40,370.555923264629826,7698.042383372145196,
-1,1,4166,Marsh,2.954675000000000,Curr,Hist no salmon,14429,200.517256708641014,,14429,222380.125267685507424,776523555.048679113388062,Satsop River,40,1448.260857846625186,29525.923276570578309,
-1,1,4167,Marsh,2.153881000000000,Curr,Hist no salmon,13851,793.138449411953047,,13851,222380.125267685507424,776523555.048679113388062,Satsop River,40,747.496908242357790,21523.756675199518213,
-1,1,4168,Pond,1.155105000000000,Curr,Hist salmon,13851,151.576342825794882,,13851,222380.125267685507424,776523555.048679113388062,Satsop River,40,614.187520266847173,11542.983698339561670,
-1,1,4169,Pond,0.110418000000000,Curr,Hist no salmon,20262,495.078982543059908,,20262,222380.125267685507424,776523555.048679113388062,Satsop River,40,133.595433120049165,1103.444405885867354,
-1,1,4170,Marsh,0.240468000000000,Curr,Hist salmon,11133,52.774616520886127,,11133,222380.125267685507424,776523555.048679113388062,Satsop River,40,240.104084531688613,2403.081880579971312,
-1,1,4171,Marsh,0.150708000000000,Curr,Hist salmon,10784,289.796695185773387,,10784,222380.125267685507424,776523555.048679113388062,Satsop River,40,153.932656970428525,1506.075429377178352,
-1,1,4172,Marsh,0.982228000000000,Curr,Hist salmon,23219,0.000000000000000,,23219,222380.125267685507424,776523555.048679113388062,Satsop River,40,649.695045479095143,9815.657530189058889,
-1,1,4173,Marsh,0.724298000000000,Both,Hist salmon,23184,0.000000000000000,,23184,222380.125267685507424,776523555.048679113388062,Satsop River,40,1124.051451109144182,7238.133252383954641,
-1,1,4174,Marsh,1.012304000000000,Curr,Hist salmon,11223,0.000000000000000,,11223,222380.125267685507424,776523555.048679113388062,Satsop River,40,584.668315268373476,10116.179859480656887,
-1,1,4175,Marsh,2.974033000000000,Curr,Hist salmon,11223,0.000000000000000,,11223,222380.125267685507424,776523555.048679113388062,Satsop River,40,1252.928119471939908,29720.224443754475942,
-1,1,4176,Marsh,0.575264000000000,Curr,Hist no salmon,13524,723.174809595726174,,13524,222380.125267685507424,776523555.048679113388062,Satsop River,40,310.558125705573048,5748.586486832173250,
-1,1,4177,Marsh,0.785033000000000,Hist,Hist salmon,14267,383.053792383762584,,14267,222380.125267685507424,776523555.048679113388062,Satsop River,40,558.932554315793482,7844.732133540544055,
-1,1,4178,Marsh,1.368895000000000,Curr,Hist salmon,15044,631.027608617226178,,15044,222380.125267685507424,776523555.048679113388062,Satsop River,40,744.208477537156682,13679.154532209191530,
-1,1,4179,Marsh,0.139053000000000,Curr,Hist salmon,15044,631.003929867095508,,15044,222380.125267685507424,776523555.048679113388062,Satsop River,40,147.018544666309964,1389.530124934391097,
-1,1,4180,Marsh,0.785033000000000,Curr,Hist salmon,14267,383.053792383762584,,14267,222380.125267685507424,776523555.048679113388062,Satsop River,40,558.932554315793482,7844.732133540544055,
-1,1,4181,Marsh,1.056175000000000,Curr,Hist salmon,15732,0.000000000000000,,15732,222380.125267685507424,776523555.048679113388062,Satsop River,40,485.916800218053368,10553.857466944895350,
-1,1,4182,Pond,0.540253000000000,Hist,Hist no salmon,13241,162.027634569876625,,13241,222380.125267685507424,776523555.048679113388062,Satsop River,40,283.940402693660019,5398.719499876294321,
-1,1,4183,Pond,0.540253000000000,Curr,Hist no salmon,13241,162.027634569876625,,13241,222380.125267685507424,776523555.048679113388062,Satsop River,40,283.940402693660019,5398.719499876294321,
-1,1,4184,Marsh,1.905284000000000,Curr,Hist salmon,20187,443.423197256249182,,20187,222380.125267685507424,776523555.048679113388062,Satsop River,40,652.039733347705464,19039.741339919775783,
-1,1,4185,Marsh,1.584437000000000,Curr,Hist salmon,20186,405.041520371277159,,20186,222380.125267685507424,776523555.048679113388062,Satsop River,40,883.820491299712558,15833.489599591635852,
-1,1,4186,Marsh,5.086465000000000,Curr,Hist salmon,13139,472.258766422562360,,13139,222380.125267685507424,776523555.048679113388062,Satsop River,40,912.720922888687028,50829.280984054974397,
-1,1,4187,Marsh,2.658760000000000,Curr,Hist salmon,13139,594.975632837100875,,13139,222380.125267685507424,776523555.048679113388062,Satsop River,40,752.420879421942459,26569.147765369489207,
-1,1,4188,Pond,1.453608000000000,Curr,Hist no salmon,10603,3941.592919358384734,,10603,378317.145195854303893,263575921.850556135177612,Lower Chehalis Estuary,50,578.161331419793100,14528.864571633546802,
-1,1,4189,Pond,0.256906000000000,Curr,Hist salmon,10662,100.352761505821150,,10662,378317.145195854303893,263575921.850556135177612,Lower Chehalis Estuary,50,241.563347955959529,2567.674150924990954,
-1,1,4190,Pond,0.122332000000000,Curr,Hist salmon,10664,61.464849680084441,,10664,230932.463257765833987,638216095.057497859001160,Humptulips River,45,136.959886315754176,1222.652336481073235,
-1,1,4191,Marsh,12.287604000000000,Curr,Hist salmon,11390,0.000000000000000,,11390,230932.463257765833987,638216095.057497859001160,Humptulips River,45,4339.351722932180564,122808.480539756361395,
-1,1,4192,Marsh,2.996987000000000,Curr,Hist salmon,11358,199.229535067943914,,11358,230932.463257765833987,638216095.057497859001160,Humptulips River,45,936.384661225827244,29953.624262318226101,
-1,1,4193,Marsh,2.350820000000000,Curr,Hist salmon,10748,361.881845215034446,,10748,230932.463257765833987,638216095.057497859001160,Humptulips River,45,690.427446595554102,23495.494970016225125,
-1,1,4194,Marsh,0.388504000000000,Hist,Hist salmon,11355,455.695383679961310,,11355,230932.463257765833987,638216095.057497859001160,Humptulips River,45,320.220461141457008,3882.934261767000862,
-1,1,4195,Marsh,1.438524000000000,Curr,Hist salmon,11567,179.223167713716549,,11567,230932.463257765833987,638216095.057497859001160,Humptulips River,45,542.221715556177173,14377.446603485705054,
-1,1,4196,Marsh,18.085490000000000,Curr,Hist salmon,11633,0.000000000000000,,11633,230932.463257765833987,638216095.057497859001160,Humptulips River,45,5429.727691683157900,180755.488902510871412,
-1,1,4197,Pond,0.125294000000000,Curr,Hist salmon,23178,290.411380085198971,,23178,230932.463257765833987,638216095.057497859001160,Humptulips River,45,190.755270213077551,1252.254944500893771,
-1,1,4198,Marsh,6.693456000000000,Curr,Hist salmon,12121,0.000000000000000,,12121,230932.463257765833987,638216095.057497859001160,Humptulips River,45,2156.830111199495150,66897.499502702121390,
-1,1,4199,Marsh,3.039700000000000,Curr,Hist salmon,11665,0.000000000000000,,11665,230932.463257765833987,638216095.057497859001160,Humptulips River,45,1237.299134159869254,30380.186136454347434,
-1,1,4200,Marsh,2.983144000000000,Both,Hist salmon,11588,78.017759819618945,,11588,230932.463257765833987,638216095.057497859001160,Humptulips River,45,949.142092808243433,29815.124671948200557,
-1,1,4201,Marsh,9.466015000000001,Hist,Hist salmon,21479,224.941104694671509,,21479,230932.463257765833987,638216095.057497859001160,Humptulips River,45,1349.576819613144835,94607.969555048184702,
-1,1,4202,Marsh,9.466015000000001,Curr,Hist salmon,21479,224.941104694671509,,21479,230932.463257765833987,638216095.057497859001160,Humptulips River,45,1349.576819613144835,94607.969555048184702,
-1,1,4203,Pond,0.336510000000000,Curr,Hist no salmon,11634,121.360191408967495,,11634,230932.463257765833987,638216095.057497859001160,Humptulips River,45,239.051108055791872,3363.261159175063312,
-1,1,4204,Marsh,1.119258000000000,Curr,Hist salmon,12393,39.013157822689976,,12393,230932.463257765833987,638216095.057497859001160,Humptulips River,45,689.259047206666423,11186.361159168365702,
-1,1,4205,Marsh,15.872216999999999,Curr,Hist salmon,12393,0.000000000000000,,12393,230932.463257765833987,638216095.057497859001160,Humptulips River,45,3437.446723973042026,158633.662211370799923,
-1,1,4206,Marsh,0.108700000000000,Curr,Hist salmon,12462,0.000000000000000,,12462,230932.463257765833987,638216095.057497859001160,Humptulips River,45,156.837282172514591,1086.394662025560365,
-1,1,4207,Pond,0.063047000000000,Curr,Hist salmon,12462,0.000000000000000,,12462,230932.463257765833987,638216095.057497859001160,Humptulips River,45,101.953659885630188,630.114739450730326,
-1,1,4208,Pond,0.176040000000000,Curr,Hist salmon,12462,0.000000000000000,,12462,230932.463257765833987,638216095.057497859001160,Humptulips River,45,217.634308614924834,1759.425012963423796,
-1,1,4209,Pond,0.603144000000000,Curr,Hist salmon,12462,90.684885464964225,,12462,230932.463257765833987,638216095.057497859001160,Humptulips River,45,394.047814428968763,6028.083687341728364,
-1,1,4210,Marsh,2.088413000000000,Curr,Hist salmon,12462,58.889878955352223,,12462,230932.463257765833987,638216095.057497859001160,Humptulips River,45,1170.541837306130446,20872.505888207972021,
-1,1,4211,Marsh,0.233493000000000,Curr,Hist salmon,12462,129.955543755821310,,12462,230932.463257765833987,638216095.057497859001160,Humptulips River,45,194.485564079659781,2333.625581493824029,
-1,1,4212,Marsh,1.408506000000000,Curr,Hist salmon,12462,152.879030935677122,,12462,230932.463257765833987,638216095.057497859001160,Humptulips River,45,485.164619459872256,14077.200901219433945,
-1,1,4213,Marsh,2.694604000000000,Curr,Hist salmon,12837,0.000000000000000,,12837,230932.463257765833987,638216095.057497859001160,Humptulips River,45,1161.791079038498310,26930.650454522874497,
-1,1,4214,Marsh,1.661023000000000,Curr,Hist salmon,12838,0.000000000000000,,12838,230932.463257765833987,638216095.057497859001160,Humptulips River,45,593.222819655742114,16600.738048151222756,
-1,1,4215,Pond,0.122169000000000,Curr,Hist salmon,12838,0.000000000000000,,12838,230932.463257765833987,638216095.057497859001160,Humptulips River,45,130.907807145149519,1220.993609132738811,
-1,1,4216,Marsh,0.146606000000000,Curr,Hist salmon,12870,0.000000000000000,,12870,230932.463257765833987,638216095.057497859001160,Humptulips River,45,165.914743815095363,1465.222172719078799,
-1,1,4217,Marsh,2.492871000000000,Curr,Hist salmon,12840,0.000000000000000,,12840,230932.463257765833987,638216095.057497859001160,Humptulips River,45,1338.593538730312048,24914.410940473677329,
-1,1,4218,Pond,0.159351000000000,Curr,Hist salmon,21706,52.430622674015240,,21706,230932.463257765833987,638216095.057497859001160,Humptulips River,45,207.947443894327449,1592.601870324178208,
-1,1,4219,Lake,25.013831000000000,Curr,Hist no salmon,21720,0.000000000000000,,21720,230932.463257765833987,638216095.057497859001160,Humptulips River,45,3878.320404826384674,249992.624403955356684,
-1,1,4220,Marsh,0.084258000000000,Curr,Hist no salmon,22476,374.193546977863321,,22476,230932.463257765833987,638216095.057497859001160,Humptulips River,45,118.961219574401284,842.087208208996685,
-1,1,4221,Marsh,1.780023000000000,Curr,Hist salmon,13184,0.000000000000000,,13184,230932.463257765833987,638216095.057497859001160,Humptulips River,45,768.867243351040202,17789.976312252001662,
-1,1,4222,Marsh,0.639596000000000,Curr,Hist salmon,13185,166.067893691494760,,13185,230932.463257765833987,638216095.057497859001160,Humptulips River,45,496.999817359057943,6392.279138398958821,
-1,1,4223,Pond,1.565103000000000,Curr,Hist salmon,13185,113.843724827286508,,13185,230932.463257765833987,638216095.057497859001160,Humptulips River,45,996.881882729991162,15642.016173291320229,
-1,1,4224,Marsh,0.226855000000000,Hist,Hist salmon,21732,0.000000000000000,,21732,230932.463257765833987,638216095.057497859001160,Humptulips River,45,185.065244539398691,2267.248427867861665,
-1,1,4225,Marsh,1.532127000000000,Curr,Hist salmon,21730,0.000000000000000,,21730,230932.463257765833987,638216095.057497859001160,Humptulips River,45,701.423506537011122,15312.488411004806039,
-1,1,4226,Marsh,38.492764000000001,Curr,Hist salmon,23297,195.396001727332731,,23297,230932.463257765833987,638216095.057497859001160,Humptulips River,45,3267.985628707681826,384701.916330973850563,
-1,1,4227,Marsh,21.739322999999999,Curr,Hist salmon,13974,0.000000000000000,,13974,230932.463257765833987,638216095.057497859001160,Humptulips River,45,2061.012720621236440,217263.507817764359061,
-1,1,4228,Marsh,1.825131000000000,Curr,Hist salmon,14000,420.019333287411484,,14000,230932.463257765833987,638216095.057497859001160,Humptulips River,45,551.280159010697162,18240.219950465172587,
-1,1,4229,Marsh,3.272937000000000,Curr,Hist no salmon,14022,0.000000000000000,,14022,230932.463257765833987,638216095.057497859001160,Humptulips River,45,691.628561723656048,32709.317209434102551,
-1,1,4230,Marsh,0.047182000000000,Curr,Hist no salmon,14665,576.101838649671208,,14665,230932.463257765833987,638216095.057497859001160,Humptulips River,45,105.194778184053860,471.534838731009245,
-1,1,4231,Marsh,0.500077000000000,Curr,Hist no salmon,14207,553.925770314438523,,14207,230932.463257765833987,638216095.057497859001160,Humptulips River,45,379.757478642888486,4997.698600276100478,
-1,1,4232,Pond,0.128105000000000,Curr,Hist salmon,13794,249.562810750369607,,13794,230932.463257765833987,638216095.057497859001160,Humptulips River,45,149.015119891503332,1280.264323911828342,
-1,1,4233,Marsh,0.699972000000000,Curr,Hist no salmon,13429,0.000000000000000,,13429,230932.463257765833987,638216095.057497859001160,Humptulips River,45,385.705222654311342,6995.371996705297533,
-1,1,4234,Marsh,1.312493000000000,Curr,Hist salmon,14629,127.130020753726129,,14629,230932.463257765833987,638216095.057497859001160,Humptulips River,45,797.674236606140767,13117.079853878347421,
-1,1,4235,Marsh,0.125947000000000,Curr,Hist salmon,14632,347.606629615236784,,14632,230932.463257765833987,638216095.057497859001160,Humptulips River,45,152.054206129410716,1258.713867611839987,
-1,1,4236,Pond,0.809614000000000,Curr,Hist no salmon,14632,192.175856383024382,,14632,230932.463257765833987,638216095.057497859001160,Humptulips River,45,589.521822903324846,8091.271315357851563,
-1,1,4237,Marsh,8.356980000000000,Curr,Hist salmon,14661,839.926122384511814,,14661,230932.463257765833987,638216095.057497859001160,Humptulips River,45,1522.397444657042115,83519.881838689529104,
-1,1,4238,Marsh,0.417383000000000,Curr,Hist salmon,14661,772.536138699408070,,14661,230932.463257765833987,638216095.057497859001160,Humptulips River,45,285.489931720646609,4171.335866266978883,
-1,1,4239,Pond,2.058144000000000,Curr,Hist no salmon,14920,308.346209765655999,,14920,230932.463257765833987,638216095.057497859001160,Humptulips River,45,548.179709958044668,20568.920452216025296,
-1,1,4240,Pond,1.280557000000000,Curr,Hist no salmon,14918,282.510175091546387,,14918,230932.463257765833987,638216095.057497859001160,Humptulips River,45,503.664997434607812,12797.792702234755780,
-1,1,4241,Side channel,0.442227000000000,Both,Hist salmon,14926,20.458603754132689,4977,14926,230932.463257765833987,638216095.057497859001160,Humptulips River,45,1193.774863138597084,4419.564103726942449,
-1,1,4242,Marsh,1.213104000000000,Both,Hist salmon,14925,68.174277539232691,,14925,230932.463257765833987,638216095.057497859001160,Humptulips River,45,678.463231164356102,12123.612858170235995,
-1,1,4243,Pond,0.157274000000000,Curr,Hist no salmon,20486,296.791437959816449,,20486,34108.605140610685339,18818520.316444125026464,Unnamed: Willapa Hills 4,8,165.360539509162948,1571.748536619040578,
-1,1,4244,Pond,0.041132000000000,Curr,Hist no salmon,4024,1058.197199286575369,,4024,41351.329529655922670,29855620.203990574926138,Unnamed: Central Lowlands 9,11,74.683812069185663,411.060066211737308,
-1,1,4245,Pond,0.481735000000000,Curr,Hist salmon,3393,36.186130355706965,,3393,41351.329529655922670,29855620.203990574926138,Unnamed: Central Lowlands 9,11,301.757827656317090,4814.315881392131814,
-1,2,4246,Pond,0.460393000000000,Curr,Hist salmon,22599,199.210013056458138,,22599,59313.456616296323773,20382099.438309937715530,Mainstem: Middle Chehalis 2,55,302.691848039148397,4601.028359628363432,
-1,2,4247,Pond,7.568937000000000,Curr,Hist salmon,22598,0.000000000000000,,22598,59313.456616296323773,20382099.438309937715530,Mainstem: Middle Chehalis 2,55,1849.381236722341100,75641.708059981610859,
-1,2,4248,Pond,1.078850000000000,Curr,Hist salmon,22599,9.100207051330260,,22599,59313.456616296323773,20382099.438309937715530,Mainstem: Middle Chehalis 2,55,950.130568180075102,10781.708946735370773,
-1,2,4249,Pond,0.237462000000000,Curr,Hist salmon,22599,134.943914125868844,,22599,59313.456616296323773,20382099.438309937715530,Mainstem: Middle Chehalis 2,55,191.346727410572186,2373.120746950174180,
-1,1,4250,Marsh,0.094238000000000,Curr,Hist no salmon,21810,2094.565967452837413,,21810,378317.145195854303893,263575921.850556135177612,Lower Chehalis Estuary,50,134.545749366718610,941.936255322968236,
-1,1,4251,Pond,0.353268000000000,Curr,Hist salmon,15447,281.328895123521761,,15447,230932.463257765833987,638216095.057497859001160,Humptulips River,45,267.443391207299157,3530.383615719657428,
-1,1,4252,Pond,1.221848000000000,Curr,Hist salmon,15446,154.028795289503762,,15446,230932.463257765833987,638216095.057497859001160,Humptulips River,45,571.899377624796102,12210.581084833442219,
-1,1,4253,Pond,1.573368000000000,Curr,Hist salmon,15777,66.957655823968736,,15777,230932.463257765833987,638216095.057497859001160,Humptulips River,45,764.667302092695650,15723.270415185681486,
-1,2,4254,Pond,12.410551000000000,Curr,Hist no salmon,5205,1311.892342538392086,,5205,106638.473340230484609,103623513.334606394171715,Scatter Creek,22,1563.391277641997476,124025.521266699841362,
-1,1,4255,Pond,0.489848000000000,Curr,Hist no salmon,5380,1758.994324165777471,,5380,106638.473340230484609,103623513.334606394171715,Scatter Creek,22,293.360520337264461,4895.325677685490518,
-1,1,4256,Pond,3.873668000000000,Curr,Hist no salmon,5205,1905.971999220946145,,5205,106638.473340230484609,103623513.334606394171715,Scatter Creek,22,763.553840699310854,38711.695753867621534,
-1,1,4257,Pond,2.172988000000000,Curr,Hist no salmon,5202,1772.908780632367097,,5202,106638.473340230484609,103623513.334606394171715,Scatter Creek,22,746.486739937644870,21715.863112612736586,
-1,2,4258,Pond,7.168835000000000,Curr,Hist no salmon,5202,1506.592107227857014,,5202,106638.473340230484609,103623513.334606394171715,Scatter Creek,22,1153.463973946933038,71642.169152668109746,
-1,1,4259,Pond,1.138094000000000,Curr,Hist no salmon,5202,1283.310816883019925,,5202,64116.909780659618264,34581500.544033728539944,Unnamed: Black River 1,21,504.541523979108774,11373.603786326111731,
-1,1,4260,Pond,0.260526000000000,Curr,Hist no salmon,5202,1434.711086212478904,,5202,64116.909780659618264,34581500.544033728539944,Unnamed: Black River 1,21,209.543337818923590,2603.586645019604475,
-1,1,4261,Pond,4.347997000000000,Curr,Hist no salmon,5205,1071.033297712261401,,5205,64116.909780659618264,34581500.544033728539944,Unnamed: Black River 1,21,927.201881977983135,43451.962409181171097,
-1,1,4262,Pond,2.720022000000000,Curr,Hist no salmon,5202,921.393098819852071,,5202,64116.909780659618264,34581500.544033728539944,Unnamed: Black River 1,21,674.932665287138434,27182.714273455338116,
-1,1,4263,Pond,6.399670000000000,Curr,Hist salmon,8322,860.489251607319488,,8322,159862.665859964530682,364384257.434201776981354,Black River,23,1603.324492214672773,63953.608996483715600,
-1,1,4264,Marsh,0.230607000000000,Curr,Hist salmon,18658,897.383565838100367,,18658,138406.144823040289339,318898089.190657675266266,Skookumchuck River,18,225.517754805778424,2304.616336866256916,
-1,1,4265,Marsh,0.222775000000000,Curr,Hist salmon,18813,239.605642736501721,,18813,138406.144823040289339,318898089.190657675266266,Skookumchuck River,18,209.486830437998464,2226.354307840908859,
-1,1,4266,Marsh,2.521866000000000,Curr,Hist salmon,8204,0.000000000000000,,8204,67420.654691214382183,87038278.247085735201836,Upper Chehalis Estuary,49,796.131241618188710,25203.567398616978608,Yes
-1,1,4267,Pond,0.061918000000000,Curr,Hist salmon,20877,79.072396683070309,,20877,246250.590740413172171,507221006.855407536029816,Wynoochee River,42,121.409972008122523,618.797685709475559,
-1,1,4268,Pond,0.079486000000000,Curr,Hist no salmon,21810,2631.134203834038090,,21810,378317.145195854303893,263575921.850556135177612,Lower Chehalis Estuary,50,104.302908870478618,794.483972317927510,
-1,1,4269,Marsh,1.165519000000000,Curr,Hist no salmon,21810,2557.306205978481103,,21810,378317.145195854303893,263575921.850556135177612,Lower Chehalis Estuary,50,455.806719354010454,11649.689696233532231,
-1,1,4270,Pond,0.119041000000000,Curr,Hist no salmon,21810,2591.619412751364052,,21810,378317.145195854303893,263575921.850556135177612,Lower Chehalis Estuary,50,201.308975165989750,1189.854349633187667,
-1,1,4271,Marsh,0.446930000000000,Curr,Hist no salmon,21810,2592.477304072742299,,21810,378317.145195854303893,263575921.850556135177612,Lower Chehalis Estuary,50,281.266564201848325,4467.186247129136063,
-1,1,4272,Pond,0.026427000000000,Curr,Hist salmon,9631,55.470107734242227,,9631,151947.647425919829402,266325666.708538889884949,Wishkah River,43,60.723332925289576,264.115574023239617,
-1,1,4273,Pond,0.163565000000000,Curr,Hist salmon,9401,21.666017005179395,,9401,246250.590740413172171,507221006.855407536029816,Wynoochee River,42,208.083126496211804,1634.646391133026327,
-1,1,4274,Pond,0.585341000000000,Curr,Hist salmon,9401,0.000000000000000,,9401,246250.590740413172171,507221006.855407536029816,Wynoochee River,42,609.408577749599317,5849.832475602887826,
-1,1,4275,Marsh,0.344124000000000,Curr,Hist salmon,9392,0.000000000000000,,9392,246250.590740413172171,507221006.855407536029816,Wynoochee River,42,268.170372178792661,3439.113939241699427,
-1,1,4276,Marsh,2.635539000000000,Curr,Hist salmon,9165,502.143564344718015,,9165,246250.590740413172171,507221006.855407536029816,Wynoochee River,42,731.751385911341345,26339.105220690082206,
-1,1,4277,Marsh,0.753494000000000,Curr,Hist salmon,9682,0.000000000000000,,9682,246250.590740413172171,507221006.855407536029816,Wynoochee River,42,459.976242003256573,7530.247029134130571,
-1,1,4278,Pond,0.973852000000000,Curr,Hist no salmon,9466,79.672760375188730,,9466,64500.793559666235524,70730227.349633023142815,Mox Chehalis Creek,34,393.650294423058199,9731.918397240300692,
-1,1,4279,Pond,0.035168000000000,Curr,Hist salmon,3056,21.652746644932840,,3056,72962.203844451025361,93771104.135443136096001,Bunker Creek,10,73.164108639248923,351.457399977111322,
-1,1,4280,Pond,0.032587000000000,Curr,Hist no salmon,20470,452.784923392857991,,20470,34108.605140610685339,18818520.316444125026464,Unnamed: Willapa Hills 4,8,67.386178337690751,325.667553759332634,
-1,1,4281,Marsh,7.423201000000000,Curr,Hist salmon,23176,0.000000000000000,,23176,138406.144823040289339,318898089.190657675266266,Skookumchuck River,18,2582.248403536204023,74184.903283540261327,
-1,1,4282,Marsh,2.478372000000000,Curr,Hist salmon,18933,0.000000000000000,,18933,138406.144823040289339,318898089.190657675266266,Skookumchuck River,18,804.391254444699825,24768.000203252591746,
-1,1,4283,Marsh,0.583872000000000,Curr,Hist salmon,18935,16.166107856116962,,18935,138406.144823040289339,318898089.190657675266266,Skookumchuck River,18,308.535373840961995,5835.013367159082009,
-1,1,4284,Marsh,0.271468000000000,Curr,Hist salmon,18941,45.626786564198376,,18941,138406.144823040289339,318898089.190657675266266,Skookumchuck River,18,206.534982477359819,2712.954766525835566,
-1,1,4285,Pond,0.067791000000000,Curr,Hist no salmon,894,630.875615709825524,,894,128713.250162538577570,324568132.476597189903259,South Fork Chehalis,5,99.874115377165197,677.479877817152214,
-1,1,4286,Marsh,0.054371000000000,Curr,Hist salmon,922,66.556764609812120,,922,128713.250162538577570,324568132.476597189903259,South Fork Chehalis,5,140.819597158975313,543.365056455332819,
-1,1,4287,Marsh,0.658083000000000,Curr,Hist no salmon,22881,1081.734750154404310,,22881,128713.250162538577570,324568132.476597189903259,South Fork Chehalis,5,333.083291250648301,6576.683503043363999,
-1,1,4288,Pond,0.303026000000000,Curr,Hist salmon,2304,628.175118160915531,,2304,128713.250162538577570,324568132.476597189903259,South Fork Chehalis,5,245.450040525640361,3028.354317066801741,
-1,1,4289,Pond,0.365140000000000,Both,Hist no salmon,2302,680.960669711828359,,2302,128713.250162538577570,324568132.476597189903259,South Fork Chehalis,5,238.930118957079600,3649.108310570256435,
-1,2,4290,Pond,0.368436000000000,Curr,Hist no salmon,3643,715.955962737686946,,3643,128713.250162538577570,324568132.476597189903259,South Fork Chehalis,5,247.882688144774761,3682.038733406923711,
-1,1,4291,Pond,0.291840000000000,Curr,Hist salmon,2755,0.000000000000000,,2755,59791.565918335734750,95616163.941657066345215,Stearns Creek,9,248.035544001511624,2916.562545233596666,
-1,1,4292,Pond,0.511790000000000,Hist,Hist salmon,3792,263.538304348177007,,3792,59313.456616296323773,20382099.438309937715530,Mainstem: Middle Chehalis 2,55,557.119659161644790,5114.679444587666694,
-1,1,4293,Pond,0.511790000000000,Curr,Hist salmon,3792,263.538304348177007,,3792,59313.456616296323773,20382099.438309937715530,Mainstem: Middle Chehalis 2,55,557.119659161644790,5114.679444587666694,
-1,1,4294,Marsh,0.138129000000000,Curr,Hist salmon,3792,452.856811255601258,,3792,59313.456616296323773,20382099.438309937715530,Mainstem: Middle Chehalis 2,55,228.528364754073067,1380.417489036835377,
-1,1,4295,Marsh,0.198247000000000,Curr,Hist salmon,3789,550.641376705127982,,3789,59313.456616296323773,20382099.438309937715530,Mainstem: Middle Chehalis 2,55,334.565824840069808,1981.224783464561824,
-1,1,4296,Marsh,0.477266000000000,Curr,Hist salmon,3409,0.000000000000000,,3409,41351.329529655922670,29855620.203990574926138,Unnamed: Central Lowlands 9,11,263.033463147918667,4769.650842023664154,
-1,1,4297,Marsh,0.408367000000000,Hist,Hist salmon,3793,457.471768796441268,,3793,59313.456616296323773,20382099.438309937715530,Mainstem: Middle Chehalis 2,55,625.253427420912999,4081.093062810751235,
-1,1,4298,Marsh,2.347688000000000,Curr,Hist salmon,3790,557.096459381157047,,3790,59313.456616296323773,20382099.438309937715530,Mainstem: Middle Chehalis 2,55,1415.046641306116044,23462.087763095867558,
-1,2,4299,Slough,0.097994000000000,Curr,Hist salmon,3265,0.000000000000000,,3265,59791.565918335734750,95616163.941657066345215,Stearns Creek,9,420.491994296977680,979.324451196126233,Yes
-1,2,4300,Marsh,0.636797000000000,Curr,Hist salmon,22525,21.260307538082543,869,22525,59791.565918335734750,95616163.941657066345215,Stearns Creek,9,658.162185304860486,6363.958357026758677,Yes
-1,1,4301,Pond,0.700541000000000,Curr,Hist salmon,3379,0.000000000000000,,3379,59313.456616296323773,20382099.438309937715530,Mainstem: Middle Chehalis 2,55,594.861191061134150,7000.995965380994676,
-1,2,4302,Pond,0.037459000000000,Curr,Hist no salmon,22599,458.848541787758563,,22599,59313.456616296323773,20382099.438309937715530,Mainstem: Middle Chehalis 2,55,117.006162912492869,374.350785807893942,
-1,1,4303,Marsh,0.266356000000000,Curr,Hist salmon,22594,64.932671988373812,,22594,59313.456616296323773,20382099.438309937715530,Mainstem: Middle Chehalis 2,55,215.233888121624744,2661.883495809457145,
-1,1,4304,Marsh,0.037657000000000,Curr,Hist salmon,3410,1499.722868998371723,,3410,41351.329529655922670,29855620.203990574926138,Unnamed: Central Lowlands 9,11,79.251383092245320,376.336220020782548,
-1,1,4305,Marsh,0.636966000000000,Curr,Hist no salmon,3676,2061.488887676732702,,3676,41351.329529655922670,29855620.203990574926138,Unnamed: Central Lowlands 9,11,297.792904100369356,6365.641945252080404,
-1,1,4306,Marsh,0.479703000000000,Curr,Hist salmon,3410,1701.824135206705705,,3410,41351.329529655922670,29855620.203990574926138,Unnamed: Central Lowlands 9,11,288.794270202248526,4793.998345422526654,
-1,1,4307,Marsh,0.414424000000000,Curr,Hist no salmon,3410,1413.308021704531711,,3410,41351.329529655922670,29855620.203990574926138,Unnamed: Central Lowlands 9,11,241.777329461403070,4141.627823506496497,
-1,1,4308,Pond,0.060536000000000,Curr,Hist salmon,4290,755.525252861104946,,4290,49339.273498255643062,17306234.431499805301428,Mainstem: Middle Chehalis 3,56,122.490614270260323,604.972917073229951,
-1,1,4309,Pond,0.061443000000000,Curr,Hist salmon,1710,0.000000000000000,,1710,59791.565918335734750,95616163.941657066345215,Stearns Creek,9,93.418795707226536,614.042103370763584,
-1,1,4310,Pond,0.022987000000000,Curr,Hist salmon,2478,395.641569520843575,,2478,151813.484517717675772,406226339.697148263454437,Newaukum River,12,59.410558995879029,229.722471766357557,Yes
-1,1,4311,Pond,0.067445000000000,Curr,Hist no salmon,2403,292.130340826195606,,2403,151813.484517717675772,406226339.697148263454437,Newaukum River,12,117.445683362899118,674.033425722305992,
-1,1,4312,Marsh,0.471244000000000,Curr,Hist no salmon,3023,852.625328964432583,,3023,50132.307652337098261,42180804.244348973035812,Unnamed: Cascade Mountains 2,13,278.028103296451377,4709.489481411856104,
-1,1,4313,Marsh,0.999723000000000,Curr,Hist salmon,3018,0.000000000000000,,3018,50132.307652337098261,42180804.244348973035812,Unnamed: Cascade Mountains 2,13,583.804634415609144,9990.958366081022177,
-1,1,4314,Marsh,0.335792000000000,Curr,Hist no salmon,3023,0.000000000000000,,3023,50132.307652337098261,42180804.244348973035812,Unnamed: Cascade Mountains 2,13,294.455390194224833,3355.816677915549462,
-1,1,4315,Marsh,0.041116000000000,Curr,Hist no salmon,3024,0.000000000000000,,3024,50132.307652337098261,42180804.244348973035812,Unnamed: Cascade Mountains 2,13,77.681963026669393,410.903606031712627,
-1,1,4316,Marsh,0.044466000000000,Curr,Hist no salmon,3024,1074.769114654006444,,3024,50132.307652337098261,42180804.244348973035812,Unnamed: Cascade Mountains 2,13,80.792809457655224,444.383566593248190,
-1,1,4317,Marsh,0.016109000000000,Curr,Hist no salmon,19089,1238.204853066774149,,19089,50132.307652337098261,42180804.244348973035812,Unnamed: Cascade Mountains 2,13,48.334566959477719,160.993788279558970,
-1,1,4318,Marsh,0.032129000000000,Curr,Hist salmon,1350,0.000000000000000,,1350,151813.484517717675772,406226339.697148263454437,Newaukum River,12,69.060944481737522,321.084951121376093,
-1,1,4319,Marsh,0.434476000000000,Curr,Hist salmon,1350,0.000000000000000,,1350,151813.484517717675772,406226339.697148263454437,Newaukum River,12,344.225503943919762,4342.073290862581416,
-1,1,4320,Marsh,0.059784000000000,Curr,Hist no salmon,2199,1167.845922724908178,,2199,151813.484517717675772,406226339.697148263454437,Newaukum River,12,93.910686792953967,597.470095324720319,
-1,1,4321,Pond,0.092826000000000,Curr,Hist salmon,1278,87.401809201322777,,1278,151813.484517717675772,406226339.697148263454437,Newaukum River,12,118.248844053410309,927.677351512646965,
-1,1,4322,Pond,0.210667000000000,Curr,Hist salmon,8596,242.302205286937379,,8596,61832.701814796862891,85343223.067351639270782,Unnamed: Central Lowlands 2,36,202.727267903181428,2105.318361002922302,
-1,1,4323,Marsh,1.794699000000000,Hist,Hist salmon,8691,327.003806570606059,,8691,33178.258786570047960,19447172.728330697864294,Unnamed: Olympic Mountains 1,41,666.532973503384596,17935.603360564600735,
-1,1,4324,Marsh,0.804005000000000,Curr,Curr degrade,8693,399.607789811137366,,8693,33178.258786570047960,19447172.728330697864294,Unnamed: Olympic Mountains 1,41,449.607067192475540,8034.938277453469709,
-1,1,4325,Marsh,0.068015000000000,Curr,Hist salmon,8897,481.963511335515705,,8897,246250.590740413172171,507221006.855407536029816,Wynoochee River,42,105.429443860817017,679.730550467822582,
-1,1,4326,Marsh,0.072137000000000,Curr,Hist salmon,18302,0.000000000000000,,18302,138406.144823040289339,318898089.190657675266266,Skookumchuck River,18,109.676790178807792,720.904502273147159,
-1,1,4327,Marsh,0.813315000000000,Curr,Hist salmon,6715,743.948522042089280,,6715,52529.756095652686781,68590327.366781875491142,Rock Creek (Lower Chehalis),28,691.509491847467189,8127.913046297897381,
-1,1,4328,Pond,0.386676000000000,Curr,Hist no salmon,5368,1135.437254346376221,,5368,106638.473340230484609,103623513.334606394171715,Scatter Creek,22,235.520915878249184,3864.267749601006017,
-1,1,4329,Marsh,0.317273000000000,Curr,Hist no salmon,13497,735.857261839333546,,13497,222380.125267685507424,776523555.048679113388062,Satsop River,40,218.433366645467856,3170.391613561854228,
-1,1,4330,Marsh,1.444820000000000,Curr,Hist no salmon,13455,292.716278435266645,,13455,222380.125267685507424,776523555.048679113388062,Satsop River,40,463.543392913402556,14437.952871676623545,
-1,1,4331,Marsh,0.988821000000000,Curr,Hist no salmon,13454,441.375131320003675,,13454,222380.125267685507424,776523555.048679113388062,Satsop River,40,362.757476828320875,9881.208357604971752,
-1,1,4332,Marsh,2.556679000000000,Curr,Hist no salmon,15587,551.067855102266890,,15587,222380.125267685507424,776523555.048679113388062,Satsop River,40,687.791479020442921,25547.711281657411746,
-1,1,4333,Marsh,1.651037000000000,Curr,Hist salmon,15637,396.632387791553583,,15637,222380.125267685507424,776523555.048679113388062,Satsop River,40,542.503880045011897,16498.001569493426359,
-1,1,4334,Marsh,1.445261000000000,Curr,Hist no salmon,15612,537.479121558555448,,15612,222380.125267685507424,776523555.048679113388062,Satsop River,40,476.500548424540000,14441.682309409081427,
-1,1,4335,Marsh,0.781510000000000,Curr,Hist no salmon,15611,389.485221374812625,,15611,222380.125267685507424,776523555.048679113388062,Satsop River,40,376.230313000115871,7809.184977091865221,
-1,1,4336,Marsh,3.815100000000000,Curr,Hist salmon,15638,803.676271413250333,,15638,222380.125267685507424,776523555.048679113388062,Satsop River,40,1162.848429240090809,38122.241746904539468,
-1,1,4337,Marsh,0.428670000000000,Hist,Hist no salmon,15353,963.858623843536066,,15353,222380.125267685507424,776523555.048679113388062,Satsop River,40,248.452196003256148,4283.532900320554290,
-1,1,4338,Marsh,1.088922000000000,Curr,Hist no salmon,15354,696.604305262546063,,15354,222380.125267685507424,776523555.048679113388062,Satsop River,40,443.768027824787907,10881.167710189927675,
-1,1,4339,Pond,2.756259000000000,Curr,Hist no salmon,15575,668.523735675845160,,15575,222380.125267685507424,776523555.048679113388062,Satsop River,40,750.943118125011324,27541.328391101480520,
-1,1,4340,Pond,1.832396000000000,Curr,Hist no salmon,15575,1163.246702111607874,,15575,222380.125267685507424,776523555.048679113388062,Satsop River,40,545.848911756670873,18309.785050654852967,
-1,1,4341,Pond,0.179823000000000,Curr,Hist salmon,20517,0.000000000000000,,20517,118289.321295402623946,126156469.879530921578407,Upper Chehalis: Proposed Dam to Elk Creek,2,156.209062775259866,1797.142548281234667,
-1,1,4342,Marsh,0.308764000000000,Curr,Hist salmon,20516,0.000000000000000,,20516,118289.321295402623946,126156469.879530921578407,Upper Chehalis: Proposed Dam to Elk Creek,2,287.367291594076846,3085.760070107709907,
-1,1,4343,Marsh,0.292756000000000,Curr,Hist salmon,1087,171.020883585538741,,1087,118289.321295402623946,126156469.879530921578407,Upper Chehalis: Proposed Dam to Elk Creek,2,208.774842443911382,2925.789296132591517,
-1,1,4344,Marsh,0.230636000000000,Curr,Hist salmon,1087,82.809018682618458,,1087,118289.321295402623946,126156469.879530921578407,Upper Chehalis: Proposed Dam to Elk Creek,2,201.974851189176661,2304.966253950522059,
-1,1,4345,Marsh,0.313067000000000,Curr,Hist salmon,1094,0.000000000000000,,1094,118289.321295402623946,126156469.879530921578407,Upper Chehalis: Proposed Dam to Elk Creek,2,236.685180722602610,3128.779088388949276,
-1,1,4346,Pond,0.527822000000000,Curr,Hist no salmon,22940,300.943963744202392,,22940,118289.321295402623946,126156469.879530921578407,Upper Chehalis: Proposed Dam to Elk Creek,2,341.652494328421085,5274.991997034890119,
-1,1,4347,Pond,0.039467000000000,Curr,Hist no salmon,2438,869.629328041715780,,2438,118289.321295402623946,126156469.879530921578407,Upper Chehalis: Proposed Dam to Elk Creek,2,74.701830618522479,394.423610987907864,
-1,1,4348,Pond,0.136994000000000,Hist,Hist no salmon,22938,591.831029905684431,,22938,118289.321295402623946,126156469.879530921578407,Upper Chehalis: Proposed Dam to Elk Creek,2,143.729581860236664,1369.105379147954409,
-1,1,4349,Marsh,0.080037000000000,Curr,Hist no salmon,1140,1591.238637992817303,,1140,118289.321295402623946,126156469.879530921578407,Upper Chehalis: Proposed Dam to Elk Creek,2,115.564786161224646,799.883813154466111,
-1,1,4350,Marsh,0.143764000000000,Curr,Hist no salmon,1665,456.314908977320044,,1665,118289.321295402623946,126156469.879530921578407,Upper Chehalis: Proposed Dam to Elk Creek,2,163.221599186870151,1436.756077371414449,
-1,1,4351,Marsh,0.416514000000000,Curr,Hist no salmon,1665,461.562294334124601,,1665,118289.321295402623946,126156469.879530921578407,Upper Chehalis: Proposed Dam to Elk Creek,2,333.672958022584453,4162.567267391488713,
-1,1,4352,Marsh,0.876633000000000,Curr,Hist salmon,1721,263.444599118913402,,1721,118289.321295402623946,126156469.879530921578407,Upper Chehalis: Proposed Dam to Elk Creek,2,452.204934744644333,8760.922189518616506,
-1,1,4353,Marsh,0.489730000000000,Curr,Hist salmon,20534,0.000000000000000,,20534,118289.321295402623946,126156469.879530921578407,Upper Chehalis: Proposed Dam to Elk Creek,2,342.924131623551432,4894.268991705311237,
-1,1,4354,Pond,1.006705000000000,Curr,Hist salmon,1535,297.659758225234953,,1535,35513.610385592714010,5228343.456361263990402,Mainstem: Upper Chehalis 1,52,506.642617767350430,10060.828182880704844,
-1,1,4355,Pond,0.108336000000000,Curr,Hist salmon,2624,44.889028769752265,,2624,35513.610385592714010,5228343.456361263990402,Mainstem: Upper Chehalis 1,52,168.280938306733361,1082.688079418385314,
-1,1,4356,Marsh,0.157922000000000,Curr,Hist no salmon,2619,1036.975433648854732,,2619,48209.614123100487632,34704709.802221670746803,Unnamed: Willapa Hills 3,4,154.025258152758056,1578.237142066745264,
-1,1,4357,Pond,0.947594000000000,Curr,Hist no salmon,2619,971.680466837882818,,2619,48209.614123100487632,34704709.802221670746803,Unnamed: Willapa Hills 3,4,487.205942651851558,9470.049955469356064,
-1,1,4358,Marsh,2.047775000000000,Curr,Hist salmon,3230,128.360951651586163,,3230,48209.614123100487632,34704709.802221670746803,Unnamed: Willapa Hills 3,4,669.040068526474329,20464.989149017594173,
-1,1,4359,Marsh,0.250338000000000,Curr,Hist no salmon,2619,1006.436162496167071,,2619,48209.614123100487632,34704709.802221670746803,Unnamed: Willapa Hills 3,4,195.931628927912925,2501.826686256789344,
-1,1,4360,Marsh,0.530640000000000,Curr,Hist salmon,2011,87.277162061138768,,2011,128713.250162538577570,324568132.476597189903259,South Fork Chehalis,5,395.133232443066049,5303.078653581685103,
-1,1,4361,Pond,0.076566000000000,Curr,Hist salmon,3637,280.132921242988687,,3637,10364.909862460346631,1661189.451981667429209,Unnamed: Willapa Hills 1,7,105.776639055219448,765.178807630799497,
-1,1,4362,Pond,0.486485000000000,Curr,Hist salmon,2019,54.907413706844991,,2019,128713.250162538577570,324568132.476597189903259,South Fork Chehalis,5,649.164668738922956,4861.795774162769703,
-1,1,4363,Marsh,0.062315000000000,Curr,Hist salmon,1684,118.266352886775095,,1684,128713.250162538577570,324568132.476597189903259,South Fork Chehalis,5,97.126911251069558,622.763073312202891,
-1,1,4364,Pond,0.235530000000000,Hist,Hist salmon,1690,45.729501514367520,,1690,128713.250162538577570,324568132.476597189903259,South Fork Chehalis,5,210.308786801505306,2353.819512347828550,
-1,1,4365,Pond,0.235530000000000,Curr,Hist salmon,1690,45.729501514367520,,1690,128713.250162538577570,324568132.476597189903259,South Fork Chehalis,5,210.308786801505306,2353.819512347828550,
-1,1,4366,Marsh,0.027694000000000,Curr,Hist no salmon,334,124.700673467849484,,334,128713.250162538577570,324568132.476597189903259,South Fork Chehalis,5,67.557837268565024,276.763474242774578,
-1,1,4367,Pond,0.071071000000000,Curr,Hist no salmon,22783,94.028480986340782,,22783,59313.456616296323773,20382099.438309937715530,Mainstem: Middle Chehalis 2,55,168.197569076178979,710.266422407474465,
-1,1,4368,Marsh,1.281312000000000,Curr,Hist salmon,19469,0.000000000000000,,19469,72962.203844451025361,93771104.135443136096001,Bunker Creek,10,469.699938881695687,12805.048247048614940,
-1,1,4369,Marsh,1.112773000000000,Curr,Hist salmon,19475,0.000000000000000,,19475,72962.203844451025361,93771104.135443136096001,Bunker Creek,10,545.251305155215391,11120.703503629278202,
-1,1,4370,Marsh,0.895587000000000,Curr,Hist salmon,19477,114.860140731058792,,19477,72962.203844451025361,93771104.135443136096001,Bunker Creek,10,415.354024115347556,8950.220209858638555,
-1,1,4371,Marsh,0.138800000000000,Curr,Hist salmon,4000,1167.272223545887300,,4000,72962.203844451025361,93771104.135443136096001,Bunker Creek,10,135.547538130934470,1387.123822480363060,
-1,1,4372,Marsh,0.263958000000000,Curr,Hist salmon,4000,954.124294711657853,,4000,72962.203844451025361,93771104.135443136096001,Bunker Creek,10,205.250333336691199,2637.927638696304257,
-1,1,4373,Marsh,0.092477000000000,Curr,Hist salmon,19482,0.000000000000000,,19482,72962.203844451025361,93771104.135443136096001,Bunker Creek,10,113.124790602057544,924.186778693326119,
-1,1,4374,Marsh,0.266840000000000,Curr,Hist salmon,19485,0.000000000000000,,19485,72962.203844451025361,93771104.135443136096001,Bunker Creek,10,229.806948955910570,2666.727940818850584,
-1,1,4375,Marsh,0.481386000000000,Curr,Hist salmon,19482,0.000000000000000,,19482,72962.203844451025361,93771104.135443136096001,Bunker Creek,10,278.242955297236733,4810.843104828458308,
-1,1,4376,Marsh,0.720859000000000,Curr,Hist salmon,19480,0.000000000000000,,19480,72962.203844451025361,93771104.135443136096001,Bunker Creek,10,491.824913808791393,7204.071541734018865,
-1,1,4377,Marsh,0.161720000000000,Curr,Hist salmon,19483,0.000000000000000,,19483,72962.203844451025361,93771104.135443136096001,Bunker Creek,10,159.110713569459989,1616.187671702022271,
-1,1,4378,Marsh,4.887744000000000,Curr,Hist salmon,4236,0.000000000000000,,4236,72962.203844451025361,93771104.135443136096001,Bunker Creek,10,1311.402984450108534,48846.848392589192372,
-1,1,4379,Marsh,2.329593000000000,Curr,Hist salmon,3748,31.475447935384391,,3748,72962.203844451025361,93771104.135443136096001,Bunker Creek,10,778.695626781761121,23281.280479143319099,
-1,1,4380,Marsh,0.051725000000000,Curr,Hist salmon,20642,1378.574212480772303,,20642,72962.203844451025361,93771104.135443136096001,Bunker Creek,10,92.434504412244422,516.922723592723969,
-1,1,4381,Marsh,0.104713000000000,Curr,Hist salmon,4260,0.000000000000000,,4260,72962.203844451025361,93771104.135443136096001,Bunker Creek,10,143.402817782901451,1046.465237756565784,
-1,1,4382,Pond,0.325579000000000,Curr,Hist no salmon,22781,807.620688025135337,,22781,59313.456616296323773,20382099.438309937715530,Mainstem: Middle Chehalis 2,55,238.964298693394909,3253.744482567382420,
-1,1,4383,Pond,0.104398000000000,Curr,Hist no salmon,3089,802.994593308214235,,3089,41351.329529655922670,29855620.203990574926138,Unnamed: Central Lowlands 9,11,125.214326048608655,1043.319780541897671,
-1,1,4384,Pond,0.181117000000000,Hist,Hist salmon,3088,143.657779519495705,,3088,59313.456616296323773,20382099.438309937715530,Mainstem: Middle Chehalis 2,55,315.960586429980367,1810.032217729829426,
-1,1,4385,Pond,0.693378000000000,Hist,Hist salmon,3088,186.720109090107201,,3088,59313.456616296323773,20382099.438309937715530,Mainstem: Middle Chehalis 2,55,662.198621789027698,6929.412806623043252,
-1,1,4386,Pond,0.230354000000000,Curr,Hist salmon,3087,50.741200640570383,,3087,59313.456616296323773,20382099.438309937715530,Mainstem: Middle Chehalis 2,55,374.785878859814716,2302.085690285153305,
-1,1,4387,Pond,0.118564000000000,Curr,Hist salmon,3088,104.582775852785048,,3088,59313.456616296323773,20382099.438309937715530,Mainstem: Middle Chehalis 2,55,327.252466275172026,1184.889789903210158,
-1,1,4388,Pond,0.181117000000000,Curr,Hist salmon,3088,143.657779519495705,,3088,59313.456616296323773,20382099.438309937715530,Mainstem: Middle Chehalis 2,55,315.960586429980367,1810.032217729829426,
-1,1,4389,Pond,0.693378000000000,Curr,Hist salmon,3088,186.720109090107201,,3088,59313.456616296323773,20382099.438309937715530,Mainstem: Middle Chehalis 2,55,662.198621789027698,6929.412806623043252,
-1,1,4390,Pond,0.122075000000000,Curr,Hist salmon,2904,23.884072707449917,,2904,59313.456616296323773,20382099.438309937715530,Mainstem: Middle Chehalis 2,55,296.173962584005551,1219.984514170284911,
-1,1,4391,Pond,0.064737000000000,Hist,Hist no salmon,3396,263.154846257646170,,3396,41351.329529655922670,29855620.203990574926138,Unnamed: Central Lowlands 9,11,111.551198111577904,646.961109911787162,
-1,1,4392,Marsh,0.093995000000000,Curr,Hist no salmon,3395,248.195121534776064,,3395,41351.329529655922670,29855620.203990574926138,Unnamed: Central Lowlands 9,11,114.497962660252412,939.359468964420898,
-1,1,4393,Pond,0.317309000000000,Curr,Hist salmon,3394,155.420954920583540,,3394,41351.329529655922670,29855620.203990574926138,Unnamed: Central Lowlands 9,11,211.282250905619492,3171.092648893346450,
-1,1,4394,Pond,0.159321000000000,Curr,Hist no salmon,3393,187.786870687669079,,3393,41351.329529655922670,29855620.203990574926138,Unnamed: Central Lowlands 9,11,155.890144615840569,1592.202173132165626,
-1,1,4395,Pond,0.064737000000000,Curr,Hist no salmon,3396,263.154846257646170,,3396,41351.329529655922670,29855620.203990574926138,Unnamed: Central Lowlands 9,11,111.551198111577904,646.961109911787162,
-1,1,4396,Pond,0.550888000000000,Curr,Hist no salmon,2769,0.000000000000000,,2769,59791.565918335734750,95616163.941657066345215,Stearns Creek,9,366.865152973913951,5505.420029188884655,
-1,1,4397,Pond,0.235732000000000,Curr,Hist no salmon,17956,1013.208910645104538,,17956,59791.565918335734750,95616163.941657066345215,Stearns Creek,9,207.881966106337558,2355.833858239442179,Yes
-1,1,4398,Marsh,3.351560000000000,Curr,Hist salmon,2659,0.000000000000000,,2659,59791.565918335734750,95616163.941657066345215,Stearns Creek,9,763.397654816003183,33494.509197052197123,
-1,1,4399,Marsh,3.505160000000000,Curr,Hist salmon,1852,0.000000000000000,,1852,59791.565918335734750,95616163.941657066345215,Stearns Creek,9,940.454176491693829,35029.544224439763639,
-1,1,4400,Marsh,0.457438000000000,Curr,Hist salmon,1849,0.000000000000000,,1849,59791.565918335734750,95616163.941657066345215,Stearns Creek,9,270.172687437806019,4571.499471404037649,
-1,1,4401,Marsh,0.484026000000000,Curr,Hist no salmon,20441,228.898820090000129,,20441,59791.565918335734750,95616163.941657066345215,Stearns Creek,9,329.179997936270013,4837.214990389894410,
-1,1,4402,Marsh,0.424661000000000,Curr,Hist salmon,20449,0.000000000000000,,20449,59791.565918335734750,95616163.941657066345215,Stearns Creek,9,257.971167749890981,4243.937705212642868,
-1,1,4403,Pond,1.987912000000000,Curr,Hist no salmon,1163,1336.122319874683853,,1163,59791.565918335734750,95616163.941657066345215,Stearns Creek,9,1232.385338824766677,19866.604146721205325,
-1,1,4404,Pond,0.214995000000000,Curr,Hist no salmon,1163,1643.454105763842108,,1163,59791.565918335734750,95616163.941657066345215,Stearns Creek,9,189.244288101552428,2148.596088428117127,
-1,1,4405,Pond,0.142955000000000,Curr,Hist no salmon,4024,898.433260699559014,,4024,33658.170172136567999,13036252.537259833887219,Unnamed: Central Lowlands 8,14,149.167468391670269,1428.646643401919619,
-1,1,4406,Pond,0.560375000000000,Curr,Hist salmon,4336,156.487975118084563,,4336,33120.890699998715718,13469576.136961460113525,Mainstem: Lower Chehalis 1,57,444.259241484063296,5600.195857558931493,
-1,1,4407,Pond,0.039357000000000,Curr,Hist salmon,4337,74.659305215986848,,4337,33120.890699998715718,13469576.136961460113525,Mainstem: Lower Chehalis 1,57,75.397184556966820,393.324139352768270,
-1,1,4408,Pond,0.099036000000000,Curr,Hist no salmon,4342,411.920866326100565,,4342,30557.096101777366130,15401248.625216420739889,Unnamed: Central Lowlands 7,17,126.062366106838311,989.727945044149010,
-1,1,4409,Pond,0.105339000000000,Curr,Hist no salmon,4342,349.441106756920362,,4342,30557.096101777366130,15401248.625216420739889,Unnamed: Central Lowlands 7,17,145.760902983380390,1052.717303780773591,
-1,1,4410,Pond,0.713706000000000,Curr,Hist salmon,4765,236.675446833411172,,4765,33120.890699998715718,13469576.136961460113525,Mainstem: Lower Chehalis 1,57,1749.627288272449277,7132.531328305017269,
-1,1,4411,Marsh,0.120179000000000,Curr,Hist no salmon,4753,652.840424954039122,,4753,33120.890699998715718,13469576.136961460113525,Mainstem: Lower Chehalis 1,57,139.136583296179907,1201.026957327264427,
-1,2,4412,Pond,0.102593000000000,Curr,Hist salmon,4933,144.407611297759246,,4933,98751.225704972457606,77067740.308363378047943,Unnamed: Central Lowlands 6,20,191.962404878220099,1025.276891178864389,
-1,1,4413,Pond,0.267729000000000,Curr,Hist salmon,4933,81.282722524925148,,4933,40239.034924584579130,15952808.948135545477271,Mainstem: Lower Chehalis 2,58,358.331460194016756,2675.580124482932661,
-1,1,4414,Pond,1.152272000000000,Hist,Hist salmon,5228,0.000000000000000,,5228,46318.348114841333881,11516952.686538651585579,Mainstem: Lower Chehalis 3,59,1383.958006759620275,11515.345391693543206,Yes
-1,1,4415,Pond,0.080920000000000,Hist,Hist salmon,5228,110.495201263316901,,5228,46318.348114841333881,11516952.686538651585579,Mainstem: Lower Chehalis 3,59,120.140150160824319,808.687559289395722,Yes
-1,1,4416,Pond,0.253586000000000,Hist,Hist salmon,5228,79.728489499058966,,5228,46318.348114841333881,11516952.686538651585579,Mainstem: Lower Chehalis 3,59,246.068450080139826,2534.237745598866695,Yes
-1,1,4417,Pond,0.054379000000000,Hist,Hist salmon,5228,39.131729814766828,,5228,46318.348114841333881,11516952.686538651585579,Mainstem: Lower Chehalis 3,59,113.944241921952397,543.441297244072871,Yes
-1,1,4418,Marsh,0.192319000000000,Curr,Hist salmon,20560,0.000000000000000,,20560,98751.225704972457606,77067740.308363378047943,Unnamed: Central Lowlands 6,20,189.962871666425116,1921.967996706470785,
-1,1,4419,Marsh,0.170680000000000,Curr,Hist salmon,20562,0.000000000000000,,20562,98751.225704972457606,77067740.308363378047943,Unnamed: Central Lowlands 6,20,211.641935922989859,1705.712899647051017,
-1,1,4420,Marsh,0.362372000000000,Curr,Hist salmon,20553,0.000000000000000,,20553,98751.225704972457606,77067740.308363378047943,Unnamed: Central Lowlands 6,20,320.828307041879725,3621.405620863417880,
-1,1,4421,Marsh,0.283559000000000,Curr,Hist salmon,20554,0.000000000000000,,20554,98751.225704972457606,77067740.308363378047943,Unnamed: Central Lowlands 6,20,222.802106249642151,2833.778112378459355,
-1,1,4422,Marsh,0.050375000000000,Curr,Hist salmon,20556,0.000000000000000,,20556,98751.225704972457606,77067740.308363378047943,Unnamed: Central Lowlands 6,20,108.679205402342419,503.430542358368029,
-1,1,4423,Marsh,0.502386000000000,Curr,Hist salmon,20560,0.000000000000000,,20560,98751.225704972457606,77067740.308363378047943,Unnamed: Central Lowlands 6,20,508.519021315591431,5020.661380949199156,
-1,1,4424,Pond,0.194282000000000,Curr,Hist salmon,4990,207.536095596910002,,4990,98751.225704972457606,77067740.308363378047943,Unnamed: Central Lowlands 6,20,185.361910479648628,1941.590690349089073,
-1,1,4425,Pond,0.430704000000000,Curr,Hist salmon,23233,0.000000000000000,,23233,98751.225704972457606,77067740.308363378047943,Unnamed: Central Lowlands 6,20,419.694918017567943,4304.318154387859067,
-1,1,4426,Pond,0.116578000000000,Curr,Hist salmon,20587,0.002497767374956,,20587,98751.225704972457606,77067740.308363378047943,Unnamed: Central Lowlands 6,20,142.618902635988917,1165.044477385580421,
-1,1,4427,Marsh,2.144992000000000,Curr,Hist salmon,20583,62.880612662263268,,20583,98751.225704972457606,77067740.308363378047943,Unnamed: Central Lowlands 6,20,661.384592892404839,21436.396232875245914,
-1,1,4428,Pond,0.082972000000000,Curr,Hist salmon,20581,1161.822333645341587,,20581,98751.225704972457606,77067740.308363378047943,Unnamed: Central Lowlands 6,20,106.410206321857189,829.201870175380691,
-1,1,4429,Pond,0.134745000000000,Curr,Hist salmon,20579,922.220994965765385,,20579,98751.225704972457606,77067740.308363378047943,Unnamed: Central Lowlands 6,20,158.014264125904958,1346.606034382315784,
-1,1,4430,Pond,0.083177000000000,Curr,Hist salmon,20579,1100.038817455998924,,20579,98751.225704972457606,77067740.308363378047943,Unnamed: Central Lowlands 6,20,106.673375294649702,831.243625985565586,
-1,1,4431,Pond,0.098921000000000,Curr,Hist salmon,20576,0.000000000000000,,20576,98751.225704972457606,77067740.308363378047943,Unnamed: Central Lowlands 6,20,118.642130269687698,988.589152612218186,
-1,1,4432,Marsh,0.126705000000000,Curr,Hist salmon,20597,0.000000000000000,,20597,55554.058267856235034,72106875.751249000430107,Garrard Creek,25,146.032504034417485,1266.250458259247580,
-1,1,4433,Marsh,0.089492000000000,Curr,Hist salmon,20595,0.000000000000000,,20595,55554.058267856235034,72106875.751249000430107,Garrard Creek,25,122.747273226019374,894.357169192473634,
-1,1,4434,Marsh,0.564372000000000,Curr,Hist salmon,20595,0.000000000000000,,20595,55554.058267856235034,72106875.751249000430107,Garrard Creek,25,391.888403971363573,5640.161402008112418,
-1,1,4435,Marsh,0.262704000000000,Curr,Hist salmon,5816,1372.834255346881037,,5816,34889.509330777720606,17144842.197271723300219,Unnamed: Central Lowlands 4,27,211.512368460625567,2625.367529350657605,
-1,1,4436,Pond,0.333816000000000,Curr,Hist salmon,5816,1266.169060718752235,,5816,34889.509330777720606,17144842.197271723300219,Unnamed: Central Lowlands 4,27,338.342254873617776,3336.031738049857267,
-1,1,4437,Marsh,0.819070000000000,Curr,Hist salmon,5837,1197.152142019267330,,5837,34889.509330777720606,17144842.197271723300219,Unnamed: Central Lowlands 4,27,337.406206227462917,8185.471850648030340,
-1,1,4438,Marsh,15.523910000000001,Curr,Hist salmon,6348,1135.202900482451469,,6348,34889.509330777720606,17144842.197271723300219,Unnamed: Central Lowlands 4,27,2175.826552099747460,155140.027172446512850,
-1,1,4439,Marsh,6.789175000000000,Curr,Hist salmon,6347,734.710540685572596,,6347,52529.756095652686781,68590327.366781875491142,Rock Creek (Lower Chehalis),28,1413.570674014112228,67848.397728278199793,
-1,1,4440,Marsh,0.065855000000000,Curr,Hist no salmon,6347,661.468229318178260,,6347,52529.756095652686781,68590327.366781875491142,Rock Creek (Lower Chehalis),28,103.829811218177582,658.131815573078825,
-1,1,4441,Marsh,0.227242000000000,Curr,Hist salmon,6644,186.896724743970765,,6644,38521.396498919821170,15187066.736874151974916,Mainstem: Lower Chehalis 4,60,346.589527898739561,2270.957829627449428,
-1,1,4442,Marsh,0.801776000000000,Curr,Hist salmon,6175,0.000000000000000,,6175,52529.756095652686781,68590327.366781875491142,Rock Creek (Lower Chehalis),28,405.859502186927330,8012.702054755335666,
-1,1,4443,Marsh,1.477648000000000,Curr,Hist salmon,6225,0.000000000000000,,6225,52529.756095652686781,68590327.366781875491142,Rock Creek (Lower Chehalis),28,640.169789199719162,14767.162303684424842,
-1,1,4444,Marsh,2.198603000000000,Curr,Hist salmon,6169,0.000000000000000,,6169,52529.756095652686781,68590327.366781875491142,Rock Creek (Lower Chehalis),28,925.364641544243227,21972.142844074289314,
-1,1,4445,Marsh,1.306215000000000,Curr,Hist salmon,6167,0.000000000000000,,6167,52529.756095652686781,68590327.366781875491142,Rock Creek (Lower Chehalis),28,755.452978040215385,13053.884268004096157,
-1,1,4446,Marsh,0.449865000000000,Curr,Hist salmon,6166,0.000000000000000,,6166,52529.756095652686781,68590327.366781875491142,Rock Creek (Lower Chehalis),28,322.395787659024563,4495.794571578246178,
-1,1,4447,Marsh,0.280005000000000,Curr,Hist salmon,6224,0.000000000000000,,6224,52529.756095652686781,68590327.366781875491142,Rock Creek (Lower Chehalis),28,222.831981928451597,2798.286729784412273,
-1,1,4448,Marsh,0.428614000000000,Curr,Hist salmon,6224,6.401912258199039,,6224,52529.756095652686781,68590327.366781875491142,Rock Creek (Lower Chehalis),28,255.475335999399675,4283.434611347683131,
-1,1,4449,Marsh,2.487503000000000,Curr,Hist salmon,19996,0.000000000000000,,19996,52529.756095652686781,68590327.366781875491142,Rock Creek (Lower Chehalis),28,921.712658206509104,24859.246933612448629,
-1,1,4450,Pond,0.294401000000000,Curr,Hist salmon,19973,0.000000000000000,,19973,52529.756095652686781,68590327.366781875491142,Rock Creek (Lower Chehalis),28,288.801203839948130,2942.123940115289315,
-1,1,4451,Marsh,1.783428000000000,Curr,Hist salmon,19973,272.770049715049879,,19973,52529.756095652686781,68590327.366781875491142,Rock Creek (Lower Chehalis),28,944.016850682544487,17822.850252362681204,
-1,1,4452,Marsh,1.922111000000000,Curr,Hist salmon,6461,760.750839109832214,,6461,52529.756095652686781,68590327.366781875491142,Rock Creek (Lower Chehalis),28,1276.395563538739907,19208.870286594443314,
-1,1,4453,Marsh,0.256976000000000,Curr,Hist salmon,6475,609.413683678239522,,6475,52529.756095652686781,68590327.366781875491142,Rock Creek (Lower Chehalis),28,221.521957931348936,2568.131652304502495,
-1,1,4454,Marsh,0.177483000000000,Curr,Hist salmon,6491,0.000000000000000,,6491,52529.756095652686781,68590327.366781875491142,Rock Creek (Lower Chehalis),28,160.064202559098561,1773.717952758752745,
-1,1,4455,Marsh,0.208302000000000,Curr,Hist salmon,6492,0.000000000000000,,6492,52529.756095652686781,68590327.366781875491142,Rock Creek (Lower Chehalis),28,181.801671490274515,2081.711383665105586,
-1,1,4456,Marsh,0.135522000000000,Curr,Hist no salmon,6877,1273.578334922507338,,6877,25489.615299052060436,11565107.814306572079659,Mainstem: Lower Chehalis 5,61,166.680341553848649,1354.348453808686827,
-1,1,4457,Marsh,0.991134000000000,Curr,Hist no salmon,7368,1173.720090510727459,,7368,25489.615299052060436,11565107.814306572079659,Mainstem: Lower Chehalis 5,61,603.888791654137549,9904.951879540134541,
-1,1,4458,Marsh,1.767464000000000,Curr,Hist salmon,7363,97.852018187248063,,7363,25489.615299052060436,11565107.814306572079659,Mainstem: Lower Chehalis 5,61,1360.330733688291275,17663.178711450862465,Yes
-1,1,4459,Marsh,1.678991000000000,Curr,Hist salmon,7361,172.528656028411206,,7361,25489.615299052060436,11565107.814306572079659,Mainstem: Lower Chehalis 5,61,1250.191587681724741,16779.011891919944901,
-1,1,4460,Marsh,1.372987000000000,Curr,Hist salmon,6877,1261.473066557814263,,6877,25489.615299052060436,11565107.814306572079659,Mainstem: Lower Chehalis 5,61,672.563836314745231,13721.027342367728124,
-1,2,4461,Marsh,3.226539000000000,Curr,Hist salmon,7368,1589.200614708389139,,7368,28374.023442190664355,12235680.236594472080469,Unnamed: Central Lowlands 3,31,1528.192891344856207,32244.616491545617464,
-1,1,4462,Marsh,5.959970000000000,Curr,Hist salmon,6877,1468.648291101885889,,6877,25489.615299052060436,11565107.814306572079659,Mainstem: Lower Chehalis 5,61,2262.902819587774047,59561.325209192153125,
-1,1,4463,Marsh,14.290341000000000,Curr,Hist salmon,7367,1082.975905832601711,,7367,25489.615299052060436,11565107.814306572079659,Mainstem: Lower Chehalis 5,61,2507.504982737108548,142811.159212607075460,Yes
-1,1,4464,Marsh,0.746423000000000,Curr,Hist salmon,7367,1175.402809288889785,,7367,25489.615299052060436,11565107.814306572079659,Mainstem: Lower Chehalis 5,61,525.969651906626154,7459.412500250761695,Yes
-1,1,4465,Marsh,0.577808000000000,Curr,Hist salmon,7367,1107.733397772907892,,7367,25489.615299052060436,11565107.814306572079659,Mainstem: Lower Chehalis 5,61,443.307089654154652,5774.346612549568817,Yes
-1,1,4466,Pond,0.743417000000000,Curr,Hist no salmon,7425,363.759080307067165,,7425,25489.615299052060436,11565107.814306572079659,Mainstem: Lower Chehalis 5,61,394.994839848718698,7429.342328365803041,
-1,1,4467,Pond,0.509546000000000,Curr,Hist no salmon,7652,522.447283897120883,,7652,72380.641822059013066,39697893.786662034690380,Mainstem: Lower Chehalis 6,62,285.269718207521180,5092.145103732220377,
-1,1,4468,Marsh,2.422024000000000,Curr,Hist salmon,7681,104.527773290092014,,7681,72380.641822059013066,39697893.786662034690380,Mainstem: Lower Chehalis 6,62,972.163062571554065,24204.426180089481932,
-1,1,4469,Marsh,0.211747000000000,Curr,Hist salmon,7673,72.021758135329904,,7673,72380.641822059013066,39697893.786662034690380,Mainstem: Lower Chehalis 6,62,213.742697756237703,2116.084711070594494,Yes
-1,1,4470,Marsh,1.017214000000000,Curr,Hist salmon,7674,167.785275924905392,,7674,72380.641822059013066,39697893.786662034690380,Mainstem: Lower Chehalis 6,62,508.914276570574771,10165.497055786063356,Yes
-1,1,4471,Marsh,0.444346000000000,Curr,Hist salmon,7675,316.766008124669895,,7675,72380.641822059013066,39697893.786662034690380,Mainstem: Lower Chehalis 6,62,281.347054988643265,4440.555446034219131,Yes
-1,1,4472,Marsh,0.029345000000000,Curr,Hist salmon,7671,187.063500592832384,,7671,72380.641822059013066,39697893.786662034690380,Mainstem: Lower Chehalis 6,62,68.391001731118578,293.261206680098951,
-1,1,4473,Pond,0.030000000000000,Curr,Hist no salmon,9067,607.171146114750513,,9067,61832.701814796862891,85343223.067351639270782,Unnamed: Central Lowlands 2,36,64.892561098786018,299.801581448815227,
-1,1,4474,Side channel,0.233329000000000,Both,Hist salmon,8837,3.575875421276347,73,8837,72380.641822059013066,39697893.786662034690380,Mainstem: Lower Chehalis 6,62,404.440142736438645,2331.760098758041750,Yes
-1,1,4475,Side channel,0.347448000000000,Both,Hist salmon,8836,10.651165877894348,69,8836,72380.641822059013066,39697893.786662034690380,Mainstem: Lower Chehalis 6,62,478.246651083295035,3472.221521394494175,Yes
-1,1,4476,Marsh,0.142334000000000,Curr,Hist salmon,7475,189.079686528366807,,7475,72380.641822059013066,39697893.786662034690380,Mainstem: Lower Chehalis 6,62,153.808194498068843,1422.412783382187172,
-1,1,4477,Marsh,1.109161000000000,Curr,Hist salmon,8547,215.450401360683799,,8547,72380.641822059013066,39697893.786662034690380,Mainstem: Lower Chehalis 6,62,596.703156589936953,11084.421811592459562,
-1,1,4478,Marsh,0.370534000000000,Curr,Hist salmon,7475,89.904192694767588,,7475,72380.641822059013066,39697893.786662034690380,Mainstem: Lower Chehalis 6,62,434.889326048470195,3702.934675426086869,
-1,1,4479,Side channel,0.823221000000000,Both,Hist salmon,8540,0.000000000000000,,8540,72380.641822059013066,39697893.786662034690380,Mainstem: Lower Chehalis 6,62,797.639745354154911,8226.892441469948608,Yes
-1,1,4480,Pond,0.083165000000000,Curr,Hist no salmon,8147,463.981085919747557,,8147,45069.293017475247325,21179643.557440347969532,Unnamed: Central Lowlands 1,39,112.331295863403867,831.115463358709690,
-1,1,4481,Side channel,0.114865000000000,Both,Hist salmon,8124,25.199137160589146,36,8124,48290.055449476276408,24797583.336042989045382,Mainstem: Lower Chehalis 7,63,346.272126655256500,1147.924646136222009,Yes
-1,1,4482,Slough,3.246402000000000,Curr,Hist salmon,8124,67.642820364262789,,8124,48290.055449476276408,24797583.336042989045382,Mainstem: Lower Chehalis 7,63,1966.905778024441361,32443.493804276800802,Yes
-1,1,4483,FP channel,0.513494000000000,Both,Hist salmon,8293,14.498742467455397,,8293,48290.055449476276408,24797583.336042989045382,Mainstem: Lower Chehalis 7,63,1014.295443798269616,5131.693835418347589,Yes
-1,1,4484,Marsh,0.412402000000000,Curr,Hist salmon,8250,0.000000000000000,,8250,48290.055449476276408,24797583.336042989045382,Mainstem: Lower Chehalis 7,63,374.357097733685407,4121.422123370071859,Yes
-1,1,4485,Marsh,0.235675000000000,Curr,Hist salmon,8253,13.568053930077747,,8253,48290.055449476276408,24797583.336042989045382,Mainstem: Lower Chehalis 7,63,310.569594339552850,2355.262351657004729,
-1,1,4486,Pond,1.684071000000000,Curr,Hist salmon,8355,152.980536703811140,,8355,48290.055449476276408,24797583.336042989045382,Mainstem: Lower Chehalis 7,63,503.909935365214153,16830.169580211528228,
-1,1,4487,Pond,7.279876000000000,Curr,Hist salmon,8345,0.000000000000000,,8345,48290.055449476276408,24797583.336042989045382,Mainstem: Lower Chehalis 7,63,1383.101738801447254,72753.258248323923908,
-1,1,4488,Marsh,2.355347000000000,Curr,Hist salmon,8342,0.000000000000000,,8342,48290.055449476276408,24797583.336042989045382,Mainstem: Lower Chehalis 7,63,1138.260639584232194,23538.758736443131056,Yes
-1,1,4489,Slough,0.198630000000000,Both,Hist salmon,8342,0.000000000000000,,8342,48290.055449476276408,24797583.336042989045382,Mainstem: Lower Chehalis 7,63,455.596658723150938,1985.060630929384388,Yes
-1,1,4490,Pond,0.063828000000000,Curr,Hist no salmon,8247,786.281511207831159,,8247,378317.145195854303893,263575921.850556135177612,Lower Chehalis Estuary,50,107.142647745927434,637.908774672529717,
-1,1,4491,Pond,0.076617000000000,Curr,Hist no salmon,8247,1474.382258436848360,,8247,378317.145195854303893,263575921.850556135177612,Lower Chehalis Estuary,50,105.075743380200720,765.729011906054097,
-1,1,4492,Pond,0.094989000000000,Curr,Hist no salmon,7926,3606.031848429136517,,7926,378317.145195854303893,263575921.850556135177612,Lower Chehalis Estuary,50,133.334370537733378,949.334444298313770,
-1,1,4493,Pond,0.787017000000000,Curr,Hist salmon,8245,26.410444168859105,,8245,378317.145195854303893,263575921.850556135177612,Lower Chehalis Estuary,50,477.187105712385403,7865.636413389307563,
-1,1,4494,Marsh,1.392384000000000,Curr,Hist salmon,8238,50.654326043127789,,8238,378317.145195854303893,263575921.850556135177612,Lower Chehalis Estuary,50,457.863497152870536,13915.867894387403794,
-1,1,4495,Marsh,0.142067000000000,Curr,Hist no salmon,8246,471.121614026636678,,8246,378317.145195854303893,263575921.850556135177612,Lower Chehalis Estuary,50,143.531624164317606,1419.855698951884960,
-1,1,4496,Pond,0.149012000000000,Curr,Hist no salmon,7101,2877.826099689383227,,7101,378317.145195854303893,263575921.850556135177612,Lower Chehalis Estuary,50,171.905295530535142,1489.259801421421344,
-1,1,4497,Marsh,0.151598000000000,Curr,Hist salmon,8238,222.617764506699672,,8238,378317.145195854303893,263575921.850556135177612,Lower Chehalis Estuary,50,179.935939366570210,1515.108378365126555,
-1,1,4498,Marsh,0.135775000000000,Curr,Hist no salmon,8246,581.274631248615606,,8246,378317.145195854303893,263575921.850556135177612,Lower Chehalis Estuary,50,143.891918814603343,1356.966120721108382,
-1,1,4499,Marsh,2.470096000000000,Hist,Hist salmon,7239,815.601391458093531,,7239,378317.145195854303893,263575921.850556135177612,Lower Chehalis Estuary,50,1214.817824590225428,24688.002304156078026,
-1,1,4500,Pond,2.470096000000000,Curr,Hist salmon,7239,815.601391458093531,,7239,378317.145195854303893,263575921.850556135177612,Lower Chehalis Estuary,50,1214.817824590225428,24688.002304156078026,
-1,1,4501,Marsh,1.158252000000000,Curr,Hist salmon,7107,0.000000000000000,,7107,378317.145195854303893,263575921.850556135177612,Lower Chehalis Estuary,50,541.396715195496313,11576.610673134198805,
-1,1,4502,Marsh,0.173836000000000,Hist,Hist salmon,7109,961.094653281235082,,7109,378317.145195854303893,263575921.850556135177612,Lower Chehalis Estuary,50,171.703828011336952,1737.470862890059152,
-1,1,4503,Marsh,0.099335000000000,Curr,Hist salmon,7109,1091.654891961137537,,7109,378317.145195854303893,263575921.850556135177612,Lower Chehalis Estuary,50,119.399219990020185,992.848323324654530,
-1,1,4504,Marsh,0.640565000000000,Curr,Hist salmon,7110,925.399990883532610,,7110,378317.145195854303893,263575921.850556135177612,Lower Chehalis Estuary,50,329.760354688914219,6402.364678857940817,
-1,1,4505,Marsh,0.173836000000000,Curr,Hist salmon,7109,961.094653281235082,,7109,378317.145195854303893,263575921.850556135177612,Lower Chehalis Estuary,50,171.703828011336952,1737.470862890059152,
-1,1,4506,Pond,1.305245000000000,Curr,Curr degrade,17990,168.255301897356844,,17990,151813.484517717675772,406226339.697148263454437,Newaukum River,12,440.828228566629321,13044.249381293237093,Yes
-1,1,4507,Pond,0.155933000000000,Curr,Hist no salmon,1910,161.795052904418327,,1910,151813.484517717675772,406226339.697148263454437,Newaukum River,12,161.279381189672790,1558.349941214731416,
-1,1,4508,Pond,0.713163000000000,Curr,Curr degrade,2630,22.285747080210719,,2630,151813.484517717675772,406226339.697148263454437,Newaukum River,12,410.922727198095913,7127.143227614470561,Yes
-1,1,4509,Pond,0.172938000000000,Curr,Hist salmon,2630,114.519725229004067,,2630,151813.484517717675772,406226339.697148263454437,Newaukum River,12,172.382669962368681,1728.297752221811152,Yes
-1,1,4510,Pond,0.124556000000000,Curr,Hist salmon,2631,108.340766815430428,,2631,151813.484517717675772,406226339.697148263454437,Newaukum River,12,133.521307486663119,1244.782761458544883,
-1,1,4511,Pond,1.028403000000000,Curr,Curr degrade,2631,45.472174975018682,,2631,151813.484517717675772,406226339.697148263454437,Newaukum River,12,429.998791768458091,10277.567609000314405,
-1,1,4512,Pond,0.152704000000000,Curr,Hist no salmon,3003,129.934605967412864,,3003,50132.307652337098261,42180804.244348973035812,Unnamed: Cascade Mountains 2,13,172.102935071180127,1526.084604490424681,
-1,1,4513,Pond,0.161344000000000,Hist,Hist salmon,2384,340.984611802078518,,2384,151813.484517717675772,406226339.697148263454437,Newaukum River,12,224.091041409197317,1612.426112310524331,Yes
-1,1,4514,Pond,0.161344000000000,Curr,Hist salmon,2384,340.984611802078518,,2384,151813.484517717675772,406226339.697148263454437,Newaukum River,12,224.091041409197317,1612.426112310524331,Yes
-1,1,4515,Pond,0.378344000000000,Hist,Curr degradeH,2384,201.206688139486005,,2384,151813.484517717675772,406226339.697148263454437,Newaukum River,12,488.660519193697382,3781.063385910509623,Yes
-1,1,4516,Pond,0.046893000000000,Hist,Hist salmon,2384,220.839146755869336,,2384,151813.484517717675772,406226339.697148263454437,Newaukum River,12,103.938692022493584,468.634904850442695,Yes
-1,1,4517,Pond,0.093512000000000,Hist,Hist salmon,2384,305.325870773716588,,2384,151813.484517717675772,406226339.697148263454437,Newaukum River,12,152.250277459925627,934.538632950887404,Yes
-1,1,4518,Pond,0.045634000000000,Hist,Hist no salmon,2387,337.452065925113175,,2387,151813.484517717675772,406226339.697148263454437,Newaukum River,12,101.044651435083097,456.049893162679723,
-1,1,4519,Pond,0.117819000000000,Hist,Curr degradeH,2393,694.062331083010463,,2393,151813.484517717675772,406226339.697148263454437,Newaukum River,12,222.658765528481752,1177.444396963360759,
-1,1,4520,Pond,0.197007000000000,Hist,Hist salmon,2393,718.034620782031425,,2393,151813.484517717675772,406226339.697148263454437,Newaukum River,12,239.065783900872646,1968.835463211739807,
-1,1,4521,Pond,0.044274000000000,Hist,Curr degradeH,2384,719.685388094303562,,2384,151813.484517717675772,406226339.697148263454437,Newaukum River,12,106.971787469860914,442.459904491000600,Yes
-1,1,4522,Pond,0.182203000000000,Hist,Curr degradeH,2384,697.935528316986165,,2384,151813.484517717675772,406226339.697148263454437,Newaukum River,12,199.180776717554295,1820.886088824147691,Yes
-1,1,4523,Pond,0.031915000000000,Hist,Hist no salmon,2379,503.766237687077876,,2379,151813.484517717675772,406226339.697148263454437,Newaukum River,12,88.519316024539648,318.944702015764562,Yes
-1,1,4524,Pond,0.031915000000000,Curr,Hist no salmon,2379,503.766237687077876,,2379,151813.484517717675772,406226339.697148263454437,Newaukum River,12,88.519316024539648,318.944702015764562,Yes
-1,1,4525,Pond,0.117819000000000,Curr,Curr degrade,2393,694.062331083010463,,2393,151813.484517717675772,406226339.697148263454437,Newaukum River,12,222.658765528481752,1177.444396963360759,
-1,1,4526,Pond,0.197007000000000,Curr,Hist salmon,2393,718.034620782031425,,2393,151813.484517717675772,406226339.697148263454437,Newaukum River,12,239.065783900872646,1968.835463211739807,
-1,1,4527,Pond,0.044274000000000,Curr,Curr degrade,2384,719.685388094303562,,2384,151813.484517717675772,406226339.697148263454437,Newaukum River,12,106.971787469860914,442.459904491000600,Yes
-1,1,4528,Pond,0.182203000000000,Curr,Curr degrade,2384,697.935528316986165,,2384,151813.484517717675772,406226339.697148263454437,Newaukum River,12,199.180776717554295,1820.886088824147691,Yes
-1,1,4529,Pond,0.378344000000000,Curr,Curr degrade,2384,201.206688139486005,,2384,151813.484517717675772,406226339.697148263454437,Newaukum River,12,488.660519193697382,3781.063385910509623,Yes
-1,1,4530,Pond,0.046893000000000,Curr,Hist salmon,2384,220.839146755869336,,2384,151813.484517717675772,406226339.697148263454437,Newaukum River,12,103.938692022493584,468.634904850442695,Yes
-1,1,4531,Pond,0.093512000000000,Curr,Hist salmon,2384,305.325870773716588,,2384,151813.484517717675772,406226339.697148263454437,Newaukum River,12,152.250277459925627,934.538632950887404,Yes
-1,1,4532,Pond,0.045634000000000,Curr,Hist no salmon,2387,337.452065925113175,,2387,151813.484517717675772,406226339.697148263454437,Newaukum River,12,101.044651435083097,456.049893162679723,
-1,1,4533,Pond,0.011544000000000,Hist,Curr degradeH,2384,422.001250520958706,,2384,151813.484517717675772,406226339.697148263454437,Newaukum River,12,41.077736142600827,115.369206755595428,Yes
-1,1,4534,Pond,0.011544000000000,Curr,Curr degrade,2384,422.001250520958706,,2384,151813.484517717675772,406226339.697148263454437,Newaukum River,12,41.077736142600827,115.369206755595428,Yes
-1,1,4535,Pond,0.759130000000000,Curr,Hist no salmon,2379,28.373135080025609,,2379,151813.484517717675772,406226339.697148263454437,Newaukum River,12,353.159442933815114,7586.540295213606441,Yes
-1,1,4536,Pond,1.525730000000000,Curr,Hist no salmon,18572,114.105916756950748,,18572,138406.144823040289339,318898089.190657675266266,Skookumchuck River,18,528.327491925182017,15247.674554289616935,
-1,1,4537,Pond,4.316379000000000,Curr,Hist no salmon,18575,82.183434796386180,,18575,138406.144823040289339,318898089.190657675266266,Skookumchuck River,18,810.448498089664668,43136.553753288164444,
-1,1,4538,Pond,4.128107000000000,Curr,Hist no salmon,18577,84.696290552757716,,18577,138406.144823040289339,318898089.190657675266266,Skookumchuck River,18,929.241902209743444,41255.031485649422393,
-1,1,4539,Pond,4.609355000000000,Curr,Hist no salmon,18574,70.566045781112095,,18574,138406.144823040289339,318898089.190657675266266,Skookumchuck River,18,951.878172106574198,46064.444260094838683,
-1,1,4540,Pond,7.945131000000000,Curr,Hist no salmon,18353,1241.966926860133526,,18353,138406.144823040289339,318898089.190657675266266,Skookumchuck River,18,1213.682450570627225,79400.805844943446573,
-1,1,4541,Pond,1.812410000000000,Curr,Hist salmon,18357,1309.560065686588359,,18357,138406.144823040289339,318898089.190657675266266,Skookumchuck River,18,704.906821599907630,18112.588453238280636,
-1,1,4542,Pond,0.053843000000000,Curr,Hist no salmon,18104,462.172997945065561,,18104,138406.144823040289339,318898089.190657675266266,Skookumchuck River,18,134.941078450678475,538.087148218534594,
-1,1,4543,Pond,1.707736000000000,Curr,Hist no salmon,18104,473.047506729058910,,18104,138406.144823040289339,318898089.190657675266266,Skookumchuck River,18,1047.770817813935992,17066.442429892755172,
-1,1,4544,Marsh,0.082472000000000,Curr,Hist no salmon,18110,762.561782798838976,,18110,138406.144823040289339,318898089.190657675266266,Skookumchuck River,18,108.989776088392844,824.194210849371643,
-1,1,4545,Marsh,0.142616000000000,Curr,Hist no salmon,18032,1212.139275386905183,,18032,138406.144823040289339,318898089.190657675266266,Skookumchuck River,18,171.075688696899846,1425.247620470296397,
-1,1,4546,Marsh,0.090701000000000,Curr,Hist no salmon,18112,1147.189359928683189,,18112,138406.144823040289339,318898089.190657675266266,Skookumchuck River,18,115.911282668667809,906.432153060352448,
-1,1,4547,Marsh,0.075358000000000,Curr,Hist no salmon,18110,1137.714401539491746,,18110,138406.144823040289339,318898089.190657675266266,Skookumchuck River,18,114.017727490812192,753.100830394240006,
-1,1,4548,Marsh,0.507937000000000,Curr,Hist salmon,18072,2.208185021533291,8542,18072,138406.144823040289339,318898089.190657675266266,Skookumchuck River,18,581.321561586293569,5076.119006419970901,
-1,1,4549,Marsh,3.922959000000000,Curr,Hist salmon,5102,0.000000000000000,,5102,76009.236526847191271,159121473.122915714979172,Upper Skookumchuck,51,927.572796634967062,39205.148599419218954,
-1,1,4550,Marsh,0.124443000000000,Curr,Hist salmon,5015,0.000000000000000,,5015,76009.236526847191271,159121473.122915714979172,Upper Skookumchuck,51,134.035574526490336,1243.651859509751375,
-1,1,4551,Marsh,3.400441000000000,Curr,Hist no salmon,4969,557.149691206935472,,4969,76009.236526847191271,159121473.122915714979172,Upper Skookumchuck,51,946.744316997544502,33983.421354275313206,
-1,1,4552,Marsh,0.070807000000000,Curr,Hist no salmon,5079,1248.449748610462620,,5079,76009.236526847191271,159121473.122915714979172,Upper Skookumchuck,51,101.888202736072486,707.629989036803750,
-1,1,4553,Marsh,0.081064000000000,Curr,Hist no salmon,5079,1133.327739278992567,,5079,76009.236526847191271,159121473.122915714979172,Upper Skookumchuck,51,110.820806344116235,810.134997065028188,
-1,1,4554,Marsh,1.700229000000000,Curr,Hist no salmon,4890,1310.700811966397850,,4890,76009.236526847191271,159121473.122915714979172,Upper Skookumchuck,51,603.711045305279413,16991.831522773380129,
-1,1,4555,Marsh,0.275339000000000,Curr,Hist no salmon,5079,801.058024825240182,,5079,76009.236526847191271,159121473.122915714979172,Upper Skookumchuck,51,229.008253462040244,2751.679922597560108,
-1,1,4556,Marsh,0.569637000000000,Curr,Hist no salmon,4969,462.237965853330422,,4969,76009.236526847191271,159121473.122915714979172,Upper Skookumchuck,51,313.151187543585081,5692.853061335728853,
-1,1,4557,Marsh,0.188986000000000,Curr,Hist no salmon,4476,977.151212199992415,,4476,76009.236526847191271,159121473.122915714979172,Upper Skookumchuck,51,160.534725455445965,1888.700225482437872,
-1,1,4558,Marsh,0.375682000000000,Curr,Hist no salmon,4847,2148.152557218811580,,4847,76009.236526847191271,159121473.122915714979172,Upper Skookumchuck,51,220.800834518740999,3754.538097076424947,
-1,1,4559,Pond,0.558392000000000,Curr,Hist no salmon,4426,1333.039699768019091,,4426,76009.236526847191271,159121473.122915714979172,Upper Skookumchuck,51,316.102053399482827,5580.540575460822765,
-1,1,4560,Marsh,0.277727000000000,Curr,Hist no salmon,4433,546.597688527032574,,4433,76009.236526847191271,159121473.122915714979172,Upper Skookumchuck,51,208.103848752710803,2775.598751948694371,
-1,1,4561,Marsh,0.171660000000000,Curr,Hist no salmon,4427,964.983080768646687,,4427,76009.236526847191271,159121473.122915714979172,Upper Skookumchuck,51,155.911021090307401,1715.558641471797728,
-1,1,4562,Marsh,0.511673000000000,Curr,Hist no salmon,4433,401.031367494472136,,4433,76009.236526847191271,159121473.122915714979172,Upper Skookumchuck,51,296.748584514731419,5113.646907485715019,
-1,1,4563,Marsh,0.670529000000000,Curr,Hist no salmon,4181,1021.202429679297893,,4181,76009.236526847191271,159121473.122915714979172,Upper Skookumchuck,51,294.834848799714962,6701.171284679287055,
-1,1,4564,Marsh,0.111958000000000,Curr,Hist no salmon,4199,1022.461069420519948,,4199,76009.236526847191271,159121473.122915714979172,Upper Skookumchuck,51,138.115831800761839,1118.898113234124139,
-1,1,4565,Pond,0.518901000000000,Curr,Hist no salmon,4468,1909.561659716647455,,4468,76009.236526847191271,159121473.122915714979172,Upper Skookumchuck,51,282.583686770340819,5185.958919992160190,
-1,1,4566,Pond,0.766877000000000,Curr,Hist no salmon,2872,1320.105716731852681,,2872,76009.236526847191271,159121473.122915714979172,Upper Skookumchuck,51,389.106302097418734,7664.239615732056336,
-1,1,4567,Pond,1.289471000000000,Curr,Hist no salmon,4468,1546.494483232358334,,4468,76009.236526847191271,159121473.122915714979172,Upper Skookumchuck,51,486.532446759947504,12887.112498983246041,
-1,1,4568,Marsh,0.668558000000000,Curr,Hist no salmon,4269,398.691284270640381,,4269,76009.236526847191271,159121473.122915714979172,Upper Skookumchuck,51,314.696133175702812,6681.548303522280548,
-1,1,4569,Marsh,2.235405000000000,Curr,Hist salmon,12814,0.000000000000000,,12814,222380.125267685507424,776523555.048679113388062,Satsop River,40,678.709935839921513,22338.342112521499075,
-1,1,4570,Marsh,4.195691000000000,Curr,Hist salmon,12815,15.016821210653077,,12815,222380.125267685507424,776523555.048679113388062,Satsop River,40,940.086269605920620,41927.400971140530601,
-1,1,4571,Pond,0.026179000000000,Curr,Hist no salmon,12921,413.881057260683690,,12921,222380.125267685507424,776523555.048679113388062,Satsop River,40,66.333084007564935,261.602402966626869,
-1,1,4572,Marsh,23.465002999999999,Curr,Hist salmon,11889,0.000000000000000,,11889,222380.125267685507424,776523555.048679113388062,Satsop River,40,4121.205768712685312,234487.304166689893464,
-1,1,4573,Marsh,6.768407000000000,Curr,Hist salmon,11895,0.000000000000000,,11895,222380.125267685507424,776523555.048679113388062,Satsop River,40,1582.526767030722567,67637.068727893303731,
-1,1,4574,Marsh,4.405638000000000,Curr,Hist no salmon,12377,21.767476056981057,,12377,222380.125267685507424,776523555.048679113388062,Satsop River,40,825.513167389857813,44025.315611228288617,
-1,1,4575,Marsh,1.055876000000000,Curr,Hist no salmon,17632,0.000000000000000,,17632,246250.590740413172171,507221006.855407536029816,Wynoochee River,42,426.328596019819713,10550.306962967759318,
-1,1,4576,Marsh,0.541194000000000,Curr,Hist no salmon,17632,0.000000000000000,,17632,246250.590740413172171,507221006.855407536029816,Wynoochee River,42,332.034492831185105,5407.611397093305641,
-1,1,4577,Marsh,0.910092000000000,Curr,Hist no salmon,17631,84.364326850839845,,17631,246250.590740413172171,507221006.855407536029816,Wynoochee River,42,385.545758947907359,9093.640751501441628,
-1,1,4578,Pond,1.169166000000000,Curr,Hist no salmon,17572,423.646322659461362,,17572,246250.590740413172171,507221006.855407536029816,Wynoochee River,42,813.388247871130261,11682.408353076163621,
-1,1,4579,Marsh,0.991175000000000,Curr,Hist no salmon,17630,0.000000000000000,,17630,246250.590740413172171,507221006.855407536029816,Wynoochee River,42,370.266828452858931,9903.817759947605737,
-1,1,4580,Marsh,0.433260000000000,Curr,Hist no salmon,17633,0.000000000000000,,17633,246250.590740413172171,507221006.855407536029816,Wynoochee River,42,246.815898766734904,4329.124779691510412,
-1,1,4581,Pond,0.180611000000000,Curr,Hist salmon,17639,140.182435887562406,,17639,246250.590740413172171,507221006.855407536029816,Wynoochee River,42,158.958463030992874,1804.652860778249760,
-1,1,4582,Pond,0.154127000000000,Curr,Hist no salmon,17745,918.229187795023449,,17745,246250.590740413172171,507221006.855407536029816,Wynoochee River,42,162.544261530556923,1540.021587014000261,
-1,1,4583,Pond,0.046155000000000,Hist,Hist no salmon,17664,1064.081296307698949,,17664,246250.590740413172171,507221006.855407536029816,Wynoochee River,42,79.551814554727017,461.174874066792029,
-1,1,4584,Pond,0.381068000000000,Curr,Hist no salmon,17732,1849.265705329875345,,17732,246250.590740413172171,507221006.855407536029816,Wynoochee River,42,268.556983841884630,3807.512935514101173,
-1,1,4585,Pond,0.141063000000000,Curr,Hist no salmon,17735,1697.473369482209364,,17735,246250.590740413172171,507221006.855407536029816,Wynoochee River,42,137.294411503552141,1409.465121661219882,
-1,1,4586,Pond,0.475831000000000,Curr,Hist no salmon,17737,3327.702513571769941,,17737,246250.590740413172171,507221006.855407536029816,Wynoochee River,42,252.433267484416348,4754.333956115130604,
-1,1,4587,Pond,0.165194000000000,Curr,Hist no salmon,17732,2381.093239378504222,,17732,246250.590740413172171,507221006.855407536029816,Wynoochee River,42,171.583172719064493,1650.560339775428019,
-1,1,4588,Pond,1.355136000000000,Curr,Hist no salmon,17732,2042.008102838333571,,17732,246250.590740413172171,507221006.855407536029816,Wynoochee River,42,433.376310692481127,13540.086649712457074,
-1,1,4589,Pond,0.089791000000000,Curr,Hist no salmon,17732,1954.599069891817180,,17732,246250.590740413172171,507221006.855407536029816,Wynoochee River,42,112.919364938263072,897.167905425186291,
-1,1,4590,Pond,0.046155000000000,Curr,Hist no salmon,17664,1064.081296307698949,,17664,246250.590740413172171,507221006.855407536029816,Wynoochee River,42,79.551814554727017,461.174874066792029,
-1,1,4591,Pond,0.323054000000000,Curr,Hist no salmon,17775,1288.675015074933526,,17775,246250.590740413172171,507221006.855407536029816,Wynoochee River,42,282.717759069683666,3227.857624113443308,
-1,1,4592,Pond,0.233312000000000,Curr,Hist no salmon,17724,1885.530808478798008,,17724,246250.590740413172171,507221006.855407536029816,Wynoochee River,42,191.114682793489663,2331.180976453590119,
-1,1,4593,Pond,3.148843000000000,Curr,Hist no salmon,17771,1126.086831656047025,,17771,246250.590740413172171,507221006.855407536029816,Wynoochee River,42,677.541745993918425,31462.358008146326029,
-1,1,4594,Pond,1.805731000000000,Curr,Hist no salmon,17775,1122.224479815491577,,17775,246250.590740413172171,507221006.855407536029816,Wynoochee River,42,661.957479756726002,18042.320375994644564,
-1,1,4595,Marsh,0.780017000000000,Curr,Hist no salmon,17732,2478.466578970081628,,17732,246250.590740413172171,507221006.855407536029816,Wynoochee River,42,329.727907842691650,7793.662328111745410,
-1,1,4596,Pond,0.076865000000000,Curr,Hist no salmon,17782,4353.642031834043337,,17782,246250.590740413172171,507221006.855407536029816,Wynoochee River,42,103.140678204065537,767.998629962276823,
-1,1,4597,Pond,0.566652000000000,Curr,Hist no salmon,17782,4410.813911125166669,,17782,246250.590740413172171,507221006.855407536029816,Wynoochee River,42,319.320481836355100,5661.715110239555543,
-1,1,4598,Pond,0.037661000000000,Curr,Hist no salmon,17782,4486.236315499979355,,17782,246250.590740413172171,507221006.855407536029816,Wynoochee River,42,73.941320454811390,376.289340986833452,
-1,1,4599,Pond,0.143323000000000,Curr,Hist no salmon,17782,6115.683096598614611,,17782,246250.590740413172171,507221006.855407536029816,Wynoochee River,42,161.204141719295734,1431.989070552479461,
-1,1,4600,Pond,0.039160000000000,Curr,Hist no salmon,17782,6127.902984125211333,,17782,246250.590740413172171,507221006.855407536029816,Wynoochee River,42,73.638226695435321,391.261291259681741,
-1,1,4601,Pond,0.055401000000000,Curr,Hist no salmon,17782,5357.151169553948421,,17782,246250.590740413172171,507221006.855407536029816,Wynoochee River,42,90.702182060748001,553.531590547517112,
-1,1,4602,Pond,0.150956000000000,Curr,Hist no salmon,17782,6026.312400805612015,,17782,246250.590740413172171,507221006.855407536029816,Wynoochee River,42,153.136337348066377,1508.258429218413085,
-1,1,4603,Pond,0.033004000000000,Curr,Hist no salmon,17782,4645.883264483249150,,17782,246250.590740413172171,507221006.855407536029816,Wynoochee River,42,73.262343554044037,329.756744637691042,
-1,1,4604,Pond,0.030207000000000,Curr,Hist no salmon,17782,5864.004502401709033,,17782,246250.590740413172171,507221006.855407536029816,Wynoochee River,42,64.082991093860471,301.812305386909429,
-1,1,4605,Pond,0.040791000000000,Curr,Hist no salmon,17782,6180.298452457021995,,17782,246250.590740413172171,507221006.855407536029816,Wynoochee River,42,76.984741495959327,407.555947108469582,
-1,1,4606,Pond,0.040125000000000,Curr,Hist no salmon,17782,4704.757115024781342,,17782,246250.590740413172171,507221006.855407536029816,Wynoochee River,42,82.960963099438615,400.908769954919933,
-1,1,4607,Pond,0.398441000000000,Curr,Hist salmon,18964,180.786160592726105,,18964,138406.144823040289339,318898089.190657675266266,Skookumchuck River,18,307.952858617444008,3981.861481557220031,
-1,1,4608,Marsh,0.344375000000000,Curr,Hist salmon,8760,215.409257752152200,,8760,64500.793559666235524,70730227.349633023142815,Mox Chehalis Creek,34,236.017537463707328,3441.455422127869042,
-1,1,4609,Marsh,0.835305000000000,Curr,Hist salmon,8765,32.303833207416176,,8765,64500.793559666235524,70730227.349633023142815,Mox Chehalis Creek,34,356.875136791062459,8347.478120541167300,
-1,1,4610,Marsh,1.014169000000000,Curr,Hist salmon,8758,0.000000000000000,,8758,64500.793559666235524,70730227.349633023142815,Mox Chehalis Creek,34,461.969407320647463,10134.940942018727583,
-1,1,4611,Marsh,0.510107000000000,Curr,Hist salmon,8756,106.227339487877671,,8756,64500.793559666235524,70730227.349633023142815,Mox Chehalis Creek,34,318.156251089923899,5097.683175063756607,
-1,1,4612,Marsh,6.422519000000000,Curr,Hist salmon,8804,0.000000000000000,,8804,64500.793559666235524,70730227.349633023142815,Mox Chehalis Creek,34,1281.789469590802810,64181.312006564097828,
-1,1,4613,Marsh,0.018196000000000,Curr,Hist no salmon,12090,112.385197107276369,,12090,111846.634780773121747,175346973.513960331678391,Cloquallum Creek,37,51.840521716268604,181.826476568030330,
-1,1,4614,Marsh,9.965449000000000,Curr,Hist salmon,12116,0.000000000000000,,12116,111846.634780773121747,175346973.513960331678391,Cloquallum Creek,37,2465.716810596759387,99584.235942295039422,
-1,1,4615,Marsh,0.206289000000000,Curr,Hist salmon,12115,0.000000000000000,,12115,111846.634780773121747,175346973.513960331678391,Cloquallum Creek,37,180.764623027465717,2061.429029181794249,
-1,1,4616,Marsh,6.588384000000000,Curr,Hist salmon,12106,0.000000000000000,,12106,111846.634780773121747,175346973.513960331678391,Cloquallum Creek,37,3473.544029809538642,65837.415944705091533,
-1,1,4617,Marsh,0.200215000000000,Curr,Hist salmon,12113,63.747686259557334,,12113,111846.634780773121747,175346973.513960331678391,Cloquallum Creek,37,179.070493824135667,2000.735613538615780,
-1,1,4618,Pond,0.401462000000000,Curr,Hist salmon,12491,0.000000000000000,,12491,111846.634780773121747,175346973.513960331678391,Cloquallum Creek,37,490.937042040895847,4011.761010865506250,
-1,1,4619,Marsh,0.033888000000000,Curr,Hist salmon,12499,0.000000000000000,,12499,111846.634780773121747,175346973.513960331678391,Cloquallum Creek,37,77.198507438837993,338.640604976032705,
-1,1,4620,Marsh,0.088432000000000,Curr,Hist salmon,12498,213.751959532685589,,12498,111846.634780773121747,175346973.513960331678391,Cloquallum Creek,37,178.013004641376739,883.691957454970520,
-1,1,4621,Marsh,0.163772000000000,Curr,Hist salmon,12500,0.000000000000000,,12500,111846.634780773121747,175346973.513960331678391,Cloquallum Creek,37,224.095455301321010,1636.550659437873037,
-1,1,4622,Pond,0.128447000000000,Curr,Hist salmon,12501,0.000000000000000,,12501,111846.634780773121747,175346973.513960331678391,Cloquallum Creek,37,210.488927566854500,1283.552368316421735,
-1,1,4623,Marsh,8.752115000000000,Curr,Hist salmon,12502,0.000000000000000,,12502,111846.634780773121747,175346973.513960331678391,Cloquallum Creek,37,3132.100434162824058,87458.686808563244995,
-1,1,4624,Pond,0.766308000000000,Curr,Hist salmon,12495,0.000000000000000,,12495,111846.634780773121747,175346973.513960331678391,Cloquallum Creek,37,574.473011127625568,7657.625105075792817,
-1,1,4625,Marsh,0.092270000000000,Curr,Hist salmon,12499,0.000000000000000,,12499,111846.634780773121747,175346973.513960331678391,Cloquallum Creek,37,129.197258236976722,922.037010723722233,
-1,1,4626,Marsh,0.231432000000000,Curr,Hist salmon,12496,118.516010005342636,,12496,111846.634780773121747,175346973.513960331678391,Cloquallum Creek,37,257.427398476926612,2312.674716386812634,
-1,1,4627,Marsh,0.086855000000000,Curr,Hist salmon,12498,0.000000000000000,,12498,111846.634780773121747,175346973.513960331678391,Cloquallum Creek,37,163.553681356864047,867.928034480266888,
-1,1,4628,Pond,0.062248000000000,Curr,Hist salmon,12501,0.000000000000000,,12501,111846.634780773121747,175346973.513960331678391,Cloquallum Creek,37,118.453377101225271,622.030596382350041,
-1,1,4629,Marsh,0.180303000000000,Curr,Hist salmon,12498,0.000000000000000,,12498,111846.634780773121747,175346973.513960331678391,Cloquallum Creek,37,230.812477733679373,1801.742854646258365,
-1,1,4630,Marsh,0.105487000000000,Curr,Hist no salmon,8201,3206.992019122028978,,8201,39771.791102286122623,24612682.804720312356949,Unnamed: Black Hills 4,30,140.187926522791685,1054.175843643576627,
-1,1,4631,Marsh,0.103267000000000,Curr,Hist no salmon,8201,3226.688793434167110,,8201,39771.791102286122623,24612682.804720312356949,Unnamed: Black Hills 4,30,125.420973073396766,1031.984451989538456,
-1,1,4632,Marsh,0.594120000000000,Curr,Hist no salmon,6560,2892.812885524547710,,6560,39771.791102286122623,24612682.804720312356949,Unnamed: Black Hills 4,30,443.371889780225786,5937.282627269803015,
-1,1,4633,Marsh,0.209234000000000,Curr,Hist no salmon,6560,2674.385855447027097,,6560,39771.791102286122623,24612682.804720312356949,Unnamed: Black Hills 4,30,181.286962889443714,2090.965850112477256,
-1,1,4634,Marsh,0.151001000000000,Curr,Hist no salmon,6560,3208.493655032448714,,6560,39771.791102286122623,24612682.804720312356949,Unnamed: Black Hills 4,30,172.405716013474745,1509.007480027064048,
-1,1,4635,Pond,0.410736000000000,Curr,Hist no salmon,6968,2497.806703338351326,,6968,39771.791102286122623,24612682.804720312356949,Unnamed: Black Hills 4,30,285.832347424051534,4104.657870919896595,
-1,1,4636,Marsh,6.235880000000000,Curr,Hist no salmon,8365,1531.744885795199025,,8365,39771.791102286122623,24612682.804720312356949,Unnamed: Black Hills 4,30,2293.668817967957693,62317.616500744377845,
-1,1,4637,Marsh,2.439770000000000,Curr,Hist no salmon,6968,2402.177220004779429,,6968,39771.791102286122623,24612682.804720312356949,Unnamed: Black Hills 4,30,1455.507259481834581,24381.634791594602575,
-1,1,4638,Pond,0.058021000000000,Curr,Hist no salmon,6968,2521.896434256676912,,6968,39771.791102286122623,24612682.804720312356949,Unnamed: Black Hills 4,30,90.783131725369145,579.823199677737080,
-1,1,4639,Marsh,2.332628000000000,Curr,Hist no salmon,6968,2060.369069904738808,,6968,39771.791102286122623,24612682.804720312356949,Unnamed: Black Hills 4,30,773.242126299317988,23310.950844184688322,
-1,1,4640,Pond,0.667518000000000,Curr,Hist salmon,20082,316.702296365339180,,20082,72380.641822059013066,39697893.786662034690380,Mainstem: Lower Chehalis 6,62,459.291483884399838,6670.801866802605218,Yes
-1,1,4641,Pond,3.303938000000000,Curr,Hist no salmon,8955,71.857649365954614,,8955,111846.634780773121747,175346973.513960331678391,Cloquallum Creek,37,795.758762924721168,33017.567859226139262,
-1,1,4642,Marsh,4.644937000000000,Curr,Hist salmon,8965,0.000000000000000,7593,8965,111846.634780773121747,175346973.513960331678391,Cloquallum Creek,37,964.225109385983501,46418.576341211875842,
-1,1,4643,Marsh,3.448131000000000,Curr,Hist salmon,8964,0.000000000000000,7591,8964,111846.634780773121747,175346973.513960331678391,Cloquallum Creek,37,775.209957373881934,34458.465080777263211,
-1,1,4644,Marsh,2.877102000000000,Curr,Hist salmon,10080,34.436841880107437,,10080,111846.634780773121747,175346973.513960331678391,Cloquallum Creek,37,938.833221472434275,28751.729036052463925,
-1,1,4645,Marsh,1.769107000000000,Curr,Hist salmon,6905,133.334769811579378,,6905,159862.665859964530682,364384257.434201776981354,Black River,23,495.924596442644827,17679.345238657868322,
-1,1,4646,Marsh,1.162372000000000,Curr,Hist no salmon,6898,669.120259528581983,,6898,159862.665859964530682,364384257.434201776981354,Black River,23,533.484624060898227,11616.041632812673924,
-1,1,4647,Pond,0.103924000000000,Hist,Hist salmon,8208,8.038898075003805,,8208,67420.654691214382183,87038278.247085735201836,Upper Chehalis Estuary,49,169.351985941668318,1038.617652351685820,
-1,1,4648,Pond,0.103924000000000,Curr,Hist salmon,8208,8.038898075003805,,8208,67420.654691214382183,87038278.247085735201836,Upper Chehalis Estuary,49,169.351985941668318,1038.617652351685820,
-1,1,4649,Marsh,0.346728000000000,Curr,Hist no salmon,9100,341.209138037064463,,9100,67420.654691214382183,87038278.247085735201836,Upper Chehalis Estuary,49,277.262783607583572,3465.213086743167878,Yes
-1,1,4650,Pond,0.531041000000000,Curr,Hist salmon,9087,44.938815124803334,,9087,67420.654691214382183,87038278.247085735201836,Upper Chehalis Estuary,49,490.620694447859591,5307.267358267803502,
-1,1,4651,Marsh,1.084412000000000,Curr,Hist salmon,9367,0.000000000000000,,9367,151947.647425919829402,266325666.708538889884949,Wishkah River,43,481.694075683018582,10837.767763453392035,
-1,1,4652,Pond,0.046628000000000,Curr,Hist salmon,10626,97.909676294495455,,10626,151947.647425919829402,266325666.708538889884949,Wishkah River,43,96.589013708895521,465.995371692957065,
-1,1,4653,Pond,0.064719000000000,Curr,Hist salmon,10626,120.849822373538714,,10626,151947.647425919829402,266325666.708538889884949,Wishkah River,43,122.485890987059236,646.800227360543659,
-1,1,4654,Pond,0.100800000000000,Curr,Hist salmon,10626,90.003998442701658,,10626,151947.647425919829402,266325666.708538889884949,Wishkah River,43,150.389324146392738,1007.389881249571999,
-1,1,4655,Marsh,6.669859000000000,Curr,Hist salmon,11717,56.019503088628170,,11717,151947.647425919829402,266325666.708538889884949,Wishkah River,43,1308.255493108312976,66656.807075760516454,
-1,1,4656,Marsh,0.583552000000000,Curr,Hist salmon,11706,38.813577718263929,,11706,151947.647425919829402,266325666.708538889884949,Wishkah River,43,299.024738166070392,5831.865765913801624,
-1,1,4657,Marsh,1.880313000000000,Curr,Hist salmon,10040,0.000000000000000,,10040,128409.154010552825639,234704536.754735738039017,Hoquiam River,44,757.973811766638050,18792.399723250622628,
-1,1,4658,Marsh,0.685251000000000,Curr,Hist salmon,10031,127.035011463309246,,10031,128409.154010552825639,234704536.754735738039017,Hoquiam River,44,778.868242753800587,6848.607990450202124,
-1,1,4659,Marsh,1.286199000000000,Curr,Hist salmon,10033,134.559893765317668,,10033,128409.154010552825639,234704536.754735738039017,Hoquiam River,44,526.806222562266157,12854.648347366486632,
-1,1,4660,Marsh,24.686111000000000,Curr,Hist salmon,10031,155.394619466272104,,10031,128409.154010552825639,234704536.754735738039017,Hoquiam River,44,3551.857959192841008,246720.240891785622807,
-1,1,4661,Marsh,0.451952000000000,Curr,Hist salmon,10028,259.106462841059567,,10028,128409.154010552825639,234704536.754735738039017,Hoquiam River,44,336.580550940440673,4516.956868580185983,
-1,1,4662,Lake,0.966265000000000,Curr,Hist no salmon,11564,0.000000000000000,,11564,128409.154010552825639,234704536.754735738039017,Hoquiam River,44,1121.255697646331328,9657.065312334339978,
-1,1,4663,Pond,0.086555000000000,Curr,Hist no salmon,8510,655.159935354598247,,8510,67420.654691214382183,87038278.247085735201836,Upper Chehalis Estuary,49,109.236136076533256,865.017762597087199,
-1,1,4664,Marsh,0.566332000000000,Curr,Hist no salmon,7915,183.182617377856474,,7915,67420.654691214382183,87038278.247085735201836,Upper Chehalis Estuary,49,421.410076699373121,5659.907893547818276,
-1,1,4665,Pond,0.322707000000000,Curr,Hist no salmon,7914,445.437785246121393,,7914,67420.654691214382183,87038278.247085735201836,Upper Chehalis Estuary,49,245.050155948005681,3225.123387543500030,
-1,1,4666,Pond,0.026066000000000,Curr,Hist no salmon,15054,286.840030843239390,,15054,222380.125267685507424,776523555.048679113388062,Satsop River,40,73.309974795566362,260.465706761957108,
-1,1,4667,Pond,0.085248000000000,Curr,Hist salmon,5193,0.000000000000000,,5193,40239.034924584579130,15952808.948135545477271,Mainstem: Lower Chehalis 2,58,238.210329164204751,851.937399214736615,Yes
-1,1,4668,FP channel,0.432206000000000,Both,Hist salmon,9848,115.398589455363592,3688,9848,246250.590740413172171,507221006.855407536029816,Wynoochee River,42,638.129375707529789,4319.374304858390133,Yes
-1,1,4669,Marsh,0.419945000000000,Both,Hist salmon,10106,0.000000000000000,,10106,246250.590740413172171,507221006.855407536029816,Wynoochee River,42,378.177265799311613,4196.843664492866992,Yes
-1,1,4670,Slough,1.147219000000000,Both,Hist salmon,9857,44.851514989793380,,9857,246250.590740413172171,507221006.855407536029816,Wynoochee River,42,896.930950838129661,11465.052513102817102,
-1,1,4671,Marsh,0.219968000000000,Curr,Hist salmon,10434,0.000000000000000,,10434,246250.590740413172171,507221006.855407536029816,Wynoochee River,42,293.825995280796121,2198.307121354467199,
-1,1,4672,Marsh,0.085270000000000,Curr,Hist salmon,10433,0.000000000000000,,10433,246250.590740413172171,507221006.855407536029816,Wynoochee River,42,116.924686638220635,852.171831590537749,
-1,1,4673,Marsh,0.676904000000000,Curr,Hist salmon,20823,0.000000000000000,,20823,246250.590740413172171,507221006.855407536029816,Wynoochee River,42,351.288794491917315,6764.810611219213570,
-1,1,4674,Marsh,1.028522000000000,Curr,Hist salmon,20832,19.198105981968489,,20832,246250.590740413172171,507221006.855407536029816,Wynoochee River,42,532.140451568232493,10278.746072321946485,
-1,1,4675,Slough,0.822410000000000,Both,Hist salmon,11741,19.130975888325761,,11741,246250.590740413172171,507221006.855407536029816,Wynoochee River,42,1067.211996888890098,8218.840185778308296,
-1,1,4676,Marsh,0.035500000000000,Curr,Hist salmon,12185,0.000000000000000,,12185,246250.590740413172171,507221006.855407536029816,Wynoochee River,42,78.719948124835582,354.764083755446109,
-1,1,4677,Side channel,0.342856000000000,Both,Hist salmon,14536,0.000000000000000,4070,14536,246250.590740413172171,507221006.855407536029816,Wynoochee River,42,583.889371356902757,3426.183983942653867,
-1,1,4678,Slough,0.410005000000000,Both,Hist salmon,14538,0.000000000000000,4063,14538,246250.590740413172171,507221006.855407536029816,Wynoochee River,42,1121.043378090309034,4097.200079597128934,
-1,1,4679,Side channel,0.472193000000000,Both,Hist salmon,14543,3.943368896815910,4065,14543,246250.590740413172171,507221006.855407536029816,Wynoochee River,42,1251.115660934735615,4718.668926375461524,
-1,1,4680,FP channel,0.196803000000000,Both,Hist salmon,14543,35.723181355641273,,14543,246250.590740413172171,507221006.855407536029816,Wynoochee River,42,642.411350790171696,1966.662220309297936,
-1,1,4681,FP channel,0.599536000000000,Both,Hist salmon,14547,21.950734479470057,4087,14547,246250.590740413172171,507221006.855407536029816,Wynoochee River,42,1364.173393297369557,5991.176190598543144,
-1,1,4682,Side channel,0.631891000000000,Both,Hist salmon,14552,0.000000000000000,4093,14552,246250.590740413172171,507221006.855407536029816,Wynoochee River,42,1030.181725302429413,6314.480278555611221,
-1,1,4683,FP channel,0.879038000000000,Both,Hist salmon,14551,40.585168306378407,4096,14551,246250.590740413172171,507221006.855407536029816,Wynoochee River,42,2244.196903213576206,8784.225888697874325,
-1,1,4684,FP channel,3.925255000000000,Both,Hist salmon,14561,19.360984326074817,4119,14561,246250.590740413172171,507221006.855407536029816,Wynoochee River,42,3052.193307954236388,39225.012783473634045,
-1,1,4685,Marsh,0.269563000000000,Curr,Hist no salmon,16824,29.436997249804620,,16824,246250.590740413172171,507221006.855407536029816,Wynoochee River,42,243.198630314371655,2693.638364552359235,
-1,1,4686,Marsh,0.219405000000000,Curr,Hist salmon,16760,297.125932881453537,,16760,246250.590740413172171,507221006.855407536029816,Wynoochee River,42,199.720600768105072,2192.426516189939321,
-1,1,4687,Marsh,0.350017000000000,Curr,Hist no salmon,16903,477.044491893612815,,16903,246250.590740413172171,507221006.855407536029816,Wynoochee River,42,245.208185897698883,3497.584833209124099,
-1,1,4688,Marsh,2.038415000000000,Curr,Hist salmon,16903,0.000000000000000,,16903,246250.590740413172171,507221006.855407536029816,Wynoochee River,42,840.550125752112081,20369.057634690369014,
-1,1,4689,Pond,0.043759000000000,Curr,Hist no salmon,2808,404.539343220333365,,2808,151813.484517717675772,406226339.697148263454437,Newaukum River,12,87.403945335402668,437.317826798169619,
-1,1,4690,Pond,0.031259000000000,Hist,Hist salmon,18657,607.655164878889877,,18657,138406.144823040289339,318898089.190657675266266,Skookumchuck River,18,74.723845434098408,312.389859583344787,
-1,1,4691,Pond,0.396076000000000,Curr,Hist no salmon,23106,439.328831422349936,,23106,72380.641822059013066,39697893.786662034690380,Mainstem: Lower Chehalis 6,62,266.271393368040265,3958.169176731503285,
-1,1,4692,Pond,0.281534000000000,Curr,Hist salmon,23105,297.368448235610174,,23105,72380.641822059013066,39697893.786662034690380,Mainstem: Lower Chehalis 6,62,235.665618416761561,2813.507023605664472,
-1,1,4693,Pond,0.105213000000000,Curr,Hist salmon,23106,374.801877970047769,,23106,72380.641822059013066,39697893.786662034690380,Mainstem: Lower Chehalis 6,62,162.625965392139989,1051.444744826296301,
-1,1,4694,Pond,0.042067000000000,Curr,Hist salmon,8062,0.000000000000000,,8062,67420.654691214382183,87038278.247085735201836,Upper Chehalis Estuary,49,112.241780421337978,420.408128897174379,
-1,1,4695,Marsh,0.203304000000000,Curr,Hist no salmon,13425,1669.952620381494626,,13425,222380.125267685507424,776523555.048679113388062,Satsop River,40,181.973973106097219,2031.542661708631613,
-1,1,4696,Marsh,0.306442000000000,Curr,Hist no salmon,16307,141.770188376069143,,16307,230932.463257765833987,638216095.057497859001160,Humptulips River,45,202.020406270054565,3062.371982029533683,
-1,1,4697,Marsh,0.108302000000000,Curr,Hist salmon,9778,684.529082955345302,,9778,246250.590740413172171,507221006.855407536029816,Wynoochee River,42,140.308855347802677,1082.340384634702559,
-1,1,4698,Marsh,0.884582000000000,Hist,Hist salmon,9778,471.524061932276538,,9778,246250.590740413172171,507221006.855407536029816,Wynoochee River,42,631.732723829024508,8840.275102815201535,
-1,1,4699,Pond,0.190026000000000,Curr,Hist salmon,8416,93.525080313172779,,8416,246250.590740413172171,507221006.855407536029816,Wynoochee River,42,321.042984341017814,1899.085641660745296,Yes
-1,1,4700,Marsh,0.844936000000000,Curr,Hist salmon,14808,0.000000000000000,,14808,222380.125267685507424,776523555.048679113388062,Satsop River,40,412.958200884296957,8443.406374544756545,
-1,1,4701,Marsh,1.866556000000000,Curr,Hist no salmon,14818,238.814140036934617,,14818,222380.125267685507424,776523555.048679113388062,Satsop River,40,703.032691243279032,18652.322320357605349,
-1,1,4702,Marsh,0.100633000000000,Curr,Hist no salmon,13256,391.063981937789038,,13256,222380.125267685507424,776523555.048679113388062,Satsop River,40,115.694056002630575,1005.616220209091125,
-1,1,4703,Marsh,0.031328000000000,Curr,Hist salmon,3115,408.304681247212784,,3115,151813.484517717675772,406226339.697148263454437,Newaukum River,12,68.859685203655431,313.086929177927686,
-1,1,4704,Marsh,0.021207000000000,Curr,Hist no salmon,2780,654.983397219516064,,2780,151813.484517717675772,406226339.697148263454437,Newaukum River,12,55.004475428120422,211.934329956610782,
-1,1,4705,Marsh,0.039479000000000,Curr,Hist no salmon,2780,611.088108732764226,,2780,151813.484517717675772,406226339.697148263454437,Newaukum River,12,76.007633758831659,394.542358450644315,
-1,1,4706,Marsh,0.095645000000000,Curr,Hist salmon,3115,582.624463963861217,,3115,151813.484517717675772,406226339.697148263454437,Newaukum River,12,119.556878638838029,955.851146918899985,
-1,1,4707,Marsh,0.679004000000000,Curr,Hist salmon,3161,0.000000000000000,,3161,151813.484517717675772,406226339.697148263454437,Newaukum River,12,413.752230700014991,6785.858354511388825,
-1,1,4708,Marsh,0.469301000000000,Curr,Hist salmon,3153,481.164604043545694,,3153,151813.484517717675772,406226339.697148263454437,Newaukum River,12,339.859605308624282,4690.116887013057749,
-1,1,4709,Marsh,0.264371000000000,Curr,Hist salmon,3148,94.050329004072594,,3148,151813.484517717675772,406226339.697148263454437,Newaukum River,12,213.321535165679904,2642.076969606911462,
-1,1,4710,Marsh,0.230394000000000,Curr,Hist no salmon,3148,474.979006087316066,,3148,151813.484517717675772,406226339.697148263454437,Newaukum River,12,196.451029836005119,2302.513888402478642,
-1,1,4711,Pond,0.592333000000000,Curr,Hist salmon,15439,198.099511238084972,,15439,230932.463257765833987,638216095.057497859001160,Humptulips River,45,290.005054384884659,5919.534666848780034,
-1,1,4712,Marsh,1.401382000000000,Curr,Hist salmon,15439,111.894299113423656,,15439,230932.463257765833987,638216095.057497859001160,Humptulips River,45,921.752055120636783,14004.854854751114544,
-1,1,4713,Marsh,0.381359000000000,Curr,Hist no salmon,5111,324.494132889877790,,5111,40239.034924584579130,15952808.948135545477271,Mainstem: Lower Chehalis 2,58,418.661559252766665,3811.148603940102021,
-1,1,4714,Marsh,0.344319000000000,Curr,Hist no salmon,5111,492.164688596553560,,5111,40239.034924584579130,15952808.948135545477271,Mainstem: Lower Chehalis 2,58,387.581953009591984,3440.987666154695489,
-1,1,4715,Marsh,0.947671000000000,Curr,Hist no salmon,5111,250.106185276793781,,5111,40239.034924584579130,15952808.948135545477271,Mainstem: Lower Chehalis 2,58,850.121909217906477,9470.638855105309631,
-1,1,4716,Marsh,0.058947000000000,Curr,Hist no salmon,5109,256.504747643291921,,5109,40239.034924584579130,15952808.948135545477271,Mainstem: Lower Chehalis 2,58,162.711325028611924,589.096103923554324,Yes
-1,1,4717,Marsh,0.302261000000000,Curr,Hist no salmon,5109,210.065317208776150,,5109,40239.034924584579130,15952808.948135545477271,Mainstem: Lower Chehalis 2,58,676.437915037401808,3020.678797681239757,Yes
-1,1,4718,Marsh,0.098496000000000,Curr,Hist no salmon,5044,346.115475679645044,,5044,40239.034924584579130,15952808.948135545477271,Mainstem: Lower Chehalis 2,58,230.355376043735475,984.330631102400048,
-1,1,4719,Marsh,1.310396000000000,Curr,Hist salmon,5738,593.197699515481986,,5738,159862.665859964530682,364384257.434201776981354,Black River,23,1210.075769624333134,13095.508084161883744,
-1,1,4720,Pond,0.147018000000000,Curr,Hist no salmon,20795,198.988542427756869,,20795,246250.590740413172171,507221006.855407536029816,Wynoochee River,42,158.125596315705252,1469.255468656799621,
-1,1,4721,Pond,0.596055000000000,Curr,Hist no salmon,4096,501.805018358570464,,4096,151813.484517717675772,406226339.697148263454437,Newaukum River,12,380.731559108273302,5956.832588072431463,
-1,1,4722,Marsh,0.321068000000000,Curr,Hist salmon,18965,1157.429455481574905,,18965,138406.144823040289339,318898089.190657675266266,Skookumchuck River,18,242.025076831959268,3208.623090565954953,
-1,1,4723,Marsh,6.469023000000000,Curr,Hist salmon,18956,0.000000000000000,,18956,138406.144823040289339,318898089.190657675266266,Skookumchuck River,18,1590.561767855852850,64649.001722811975924,
-1,1,4724,Marsh,3.215693000000000,Curr,Hist salmon,18965,89.525381007566338,,18965,138406.144823040289339,318898089.190657675266266,Skookumchuck River,18,816.071139482824151,32136.374914540636382,
-1,1,4725,Marsh,2.918371000000000,Curr,Hist salmon,18965,601.830808831892227,,18965,138406.144823040289339,318898089.190657675266266,Skookumchuck River,18,1133.521148039035552,29165.034662656311411,
-1,1,4726,Marsh,18.478525000000001,Curr,Hist salmon,18927,0.000000000000000,,18927,138406.144823040289339,318898089.190657675266266,Skookumchuck River,18,2055.843793018947963,184668.009990116610425,
-1,1,4727,Marsh,0.110910000000000,Curr,Hist salmon,18931,410.164528771248172,,18931,138406.144823040289339,318898089.190657675266266,Skookumchuck River,18,123.490189934296509,1108.400031029189449,
-1,1,4728,Marsh,0.209628000000000,Curr,Hist salmon,2185,0.000000000000000,,2185,151813.484517717675772,406226339.697148263454437,Newaukum River,12,170.010740121083700,2094.978441710894003,
-1,1,4729,Marsh,0.228688000000000,Curr,Hist salmon,2187,220.475023757967392,,2187,151813.484517717675772,406226339.697148263454437,Newaukum River,12,185.344854651424555,2285.462096604679573,
-1,1,4730,Marsh,0.142331000000000,Curr,Hist salmon,2185,0.000000000000000,,2185,151813.484517717675772,406226339.697148263454437,Newaukum River,12,142.457629328876038,1422.427759963363769,
-1,1,4731,Marsh,0.425613000000000,Curr,Hist salmon,15116,247.329808722136221,,15116,230932.463257765833987,638216095.057497859001160,Humptulips River,45,276.364702303820707,4253.353063429288341,
-1,1,4732,Marsh,0.605855000000000,Curr,Hist salmon,15117,355.673314854427360,,15117,230932.463257765833987,638216095.057497859001160,Humptulips River,45,358.101679587665217,6054.599980549407519,
-1,1,4733,Marsh,0.500569000000000,Curr,Hist salmon,15431,321.221697130961672,,15431,230932.463257765833987,638216095.057497859001160,Humptulips River,45,374.361312437140839,5002.414171885332507,
-1,1,4734,Marsh,0.326415000000000,Curr,Hist salmon,15433,438.532935880404182,,15433,230932.463257765833987,638216095.057497859001160,Humptulips River,45,259.748173630057522,3262.003194856520167,
-1,1,4735,Marsh,2.203782000000000,Curr,Hist salmon,1367,0.000000000000000,,1367,151813.484517717675772,406226339.697148263454437,Newaukum River,12,592.068089213180087,22024.295045042883430,
-1,1,4736,Pond,0.143662000000000,Curr,Hist no salmon,12405,699.283906026350451,,12405,230932.463257765833987,638216095.057497859001160,Humptulips River,45,216.249861171914290,1435.808502221843810,
-1,1,4737,Pond,0.211108000000000,Curr,Hist no salmon,8428,97.448133942028150,,8428,246250.590740413172171,507221006.855407536029816,Wynoochee River,42,218.514986811383892,2109.775562047045241,Yes
-1,1,4738,Marsh,0.496279000000000,Curr,Hist salmon,9471,0.000000000000000,,9471,64500.793559666235524,70730227.349633023142815,Mox Chehalis Creek,34,310.346634759023459,4959.422602844651919,
-1,1,4739,Marsh,0.119614000000000,Curr,Hist salmon,10368,49.175831072391645,,10368,64500.793559666235524,70730227.349633023142815,Mox Chehalis Creek,34,127.508859834915327,1195.326625672148111,
-1,1,4740,Pond,1.081386000000000,Curr,Hist salmon,20089,159.868612797317724,,20089,64500.793559666235524,70730227.349633023142815,Mox Chehalis Creek,34,404.182081918257950,10806.568294116324978,
-1,1,4741,Marsh,0.151669000000000,Curr,Hist salmon,20350,107.414845491617868,,20350,138406.144823040289339,318898089.190657675266266,Skookumchuck River,18,201.007247528353872,1515.721569742593147,
-1,1,4742,Marsh,0.222379000000000,Hist,Hist salmon,1578,111.700511145144077,,1578,151813.484517717675772,406226339.697148263454437,Newaukum River,12,328.488568418722195,2222.406838729793435,
-1,1,4743,Marsh,0.222379000000000,Curr,Hist salmon,1578,111.700511145144077,,1578,151813.484517717675772,406226339.697148263454437,Newaukum River,12,328.488568418722195,2222.406838729793435,
-1,1,4744,Marsh,0.181836000000000,Curr,Hist no salmon,1578,350.980769101126725,,1578,151813.484517717675772,406226339.697148263454437,Newaukum River,12,166.543317742908272,1817.229345335930930,
-1,1,4745,Pond,0.069992000000000,Curr,Hist no salmon,2519,735.176463324939391,,2519,151813.484517717675772,406226339.697148263454437,Newaukum River,12,96.426075433751635,699.479822065209532,
-1,1,4746,Marsh,0.295171000000000,Curr,Hist salmon,17913,0.000000000000000,,17913,151813.484517717675772,406226339.697148263454437,Newaukum River,12,223.241462916209315,2949.889891458579314,
-1,1,4747,Marsh,0.112074000000000,Curr,Hist salmon,3929,27.966225376239933,,3929,151813.484517717675772,406226339.697148263454437,Newaukum River,12,126.161359288970829,1120.057260525393758,
-1,1,4748,Pond,0.219979000000000,Curr,Hist no salmon,10713,0.000000000000000,,10713,378317.145195854303893,263575921.850556135177612,Lower Chehalis Estuary,50,252.271237798058195,2198.576451291544799,
-1,1,4749,Pond,0.139614000000000,Hist,Hist no salmon,10713,213.109840118173935,,10713,378317.145195854303893,263575921.850556135177612,Lower Chehalis Estuary,50,164.763164825279546,1395.363278627830823,
-1,1,4750,Pond,0.139614000000000,Curr,Hist no salmon,10713,213.109840118173935,,10713,378317.145195854303893,263575921.850556135177612,Lower Chehalis Estuary,50,164.763164825279546,1395.363278627830823,
-1,1,4751,Marsh,1.018395000000000,Curr,Hist no salmon,12011,172.877350257744865,,12011,151947.647425919829402,266325666.708538889884949,Wishkah River,43,432.858013992135568,10177.409795671590473,
-1,1,4752,Pond,0.110222000000000,Curr,Hist salmon,10779,85.757375257273040,,10779,246250.590740413172171,507221006.855407536029816,Wynoochee River,42,150.866334738116024,1101.515287851520952,
-1,1,4753,Pond,0.106247000000000,Curr,Hist salmon,10402,38.964611680605579,,10402,246250.590740413172171,507221006.855407536029816,Wynoochee River,42,170.194414949929126,1061.796452336137918,
-1,1,4754,Marsh,2.670870000000000,Curr,Hist salmon,15163,0.000000000000000,,15163,246250.590740413172171,507221006.855407536029816,Wynoochee River,42,758.475957830172206,26689.641550863692828,
-1,1,4755,Marsh,0.402792000000000,Curr,Hist salmon,2557,0.000000000000000,,2557,151813.484517717675772,406226339.697148263454437,Newaukum River,12,253.075233241405186,4025.427318483884392,
-1,1,4756,Marsh,0.305098000000000,Curr,Hist salmon,3659,100.550092455636488,,3659,151813.484517717675772,406226339.697148263454437,Newaukum River,12,270.561862453554340,3049.087733093899715,
-1,1,4757,Marsh,0.437087000000000,Curr,Hist no salmon,5296,644.248757879023742,,5296,46318.348114841333881,11516952.686538651585579,Mainstem: Lower Chehalis 3,59,1026.237130227768148,4368.061153719047070,Yes
-1,1,4758,Marsh,0.010619000000000,Curr,Hist no salmon,5293,703.545265048132251,,5293,159862.665859964530682,364384257.434201776981354,Black River,23,54.846034925747389,106.119971941646966,Yes
-1,2,4759,Marsh,0.559425000000000,Curr,Hist no salmon,5294,819.449042928443077,,5294,159862.665859964530682,364384257.434201776981354,Black River,23,641.756341058260546,5590.648305597165745,Yes
-1,1,4760,Pond,5.541981000000000,Curr,Hist salmon,7350,110.609565631078155,,7350,25489.615299052060436,11565107.814306572079659,Mainstem: Lower Chehalis 5,61,3041.697847936237395,55383.725232700046035,Yes
-1,1,4761,Marsh,3.085601000000000,Curr,Hist no salmon,16928,563.312323470427827,,16928,230932.463257765833987,638216095.057497859001160,Humptulips River,45,801.339883167803237,30833.945910985919909,
-1,1,4762,Marsh,0.354260000000000,Curr,Hist salmon,15769,123.360224515450071,,15769,230932.463257765833987,638216095.057497859001160,Humptulips River,45,233.946918877457676,3540.253881015928982,
-1,1,4763,Marsh,1.512536000000000,Curr,Hist no salmon,10464,8.822703279433455,,10464,378317.145195854303893,263575921.850556135177612,Lower Chehalis Estuary,50,459.110270527872331,15116.997475126821882,
-1,1,4764,Marsh,0.451073000000000,Curr,Hist no salmon,9662,807.038279329533680,,9662,378317.145195854303893,263575921.850556135177612,Lower Chehalis Estuary,50,343.120469447316339,4508.308559559458445,
-1,1,4765,Marsh,0.799009000000000,Curr,Hist no salmon,9662,738.501020429539381,,9662,378317.145195854303893,263575921.850556135177612,Lower Chehalis Estuary,50,371.369279814938693,7985.800671256948590,
-1,1,4766,Side channel,1.770469000000000,Both,Hist salmon,8353,4.759875385501685,15,8353,48290.055449476276408,24797583.336042989045382,Mainstem: Lower Chehalis 7,63,1636.998614813680888,17693.622651455669256,Yes
-1,1,4767,Pond,0.218068000000000,Hist,Hist salmon,7281,74.687452523305495,,7281,159862.665859964530682,364384257.434201776981354,Black River,23,262.396309441069093,2179.222561746658812,
-1,1,4768,Pond,0.567614000000000,Hist,Hist salmon,7282,131.971752387156442,,7282,159862.665859964530682,364384257.434201776981354,Black River,23,493.168788813046092,5672.360234203400069,
-1,2,4769,Pond,0.448943000000000,Curr,Hist salmon,3461,197.258198044784137,,3461,65306.643175367535150,54983150.600972734391689,Unnamed: Willapa Hills 2,6,406.705126220357613,4486.646195568349867,
-1,1,4770,Pond,0.302078000000000,Hist,Hist salmon,8333,1174.747073358099897,,8333,159862.665859964530682,364384257.434201776981354,Black River,23,224.289974670019319,3018.726499179831080,
-1,1,4771,Pond,0.234380000000000,Hist,Hist salmon,8331,581.287739906065553,,8331,159862.665859964530682,364384257.434201776981354,Black River,23,233.229074027274692,2342.216204768784792,
-1,1,4772,Pond,0.278520000000000,Hist,Hist salmon,8331,679.584774072415826,,8331,159862.665859964530682,364384257.434201776981354,Black River,23,209.133822177205815,2783.318684914293499,
-1,1,4773,Marsh,25.062539999999998,Curr,Hist salmon,6688,0.000000000000000,,6688,159862.665859964530682,364384257.434201776981354,Black River,23,3734.566053902597559,250461.171547461417504,
-1,1,4774,Marsh,14.794772999999999,Curr,Hist salmon,6791,0.000000000000000,,6791,159862.665859964530682,364384257.434201776981354,Black River,23,3585.627928756665824,147850.629235415661242,
-1,1,4775,Pond,0.101963000000000,Hist,Hist salmon,8333,736.674167266452855,,8333,159862.665859964530682,364384257.434201776981354,Black River,23,155.693098256564355,1018.933964998110923,
-1,1,4776,Pond,0.302078000000000,Curr,Hist salmon,8333,1174.747073358099897,,8333,159862.665859964530682,364384257.434201776981354,Black River,23,224.289974670019319,3018.726499179831080,
-1,1,4777,Pond,0.101963000000000,Curr,Hist salmon,8333,736.674167266452855,,8333,159862.665859964530682,364384257.434201776981354,Black River,23,155.693098256564355,1018.933964998110923,
-1,1,4778,Pond,0.278520000000000,Curr,Hist salmon,8331,679.584774072415826,,8331,159862.665859964530682,364384257.434201776981354,Black River,23,209.133822177205815,2783.318684914293499,
-1,1,4779,Pond,0.234380000000000,Curr,Hist salmon,8331,581.287739906065553,,8331,159862.665859964530682,364384257.434201776981354,Black River,23,233.229074027274692,2342.216204768784792,
-1,1,4780,Pond,0.567614000000000,Curr,Hist salmon,7282,131.971752387156442,,7282,159862.665859964530682,364384257.434201776981354,Black River,23,493.168788813046092,5672.360234203400069,
-1,1,4781,Pond,0.218068000000000,Curr,Hist salmon,7281,74.687452523305495,,7281,159862.665859964530682,364384257.434201776981354,Black River,23,262.396309441069093,2179.222561746658812,
-1,1,4782,Pond,0.066536000000000,Curr,Hist salmon,7281,141.959707536928448,,7281,159862.665859964530682,364384257.434201776981354,Black River,23,121.636817307856504,664.916422457815656,
-1,1,4783,Pond,0.057202000000000,Curr,Hist no salmon,7253,283.016448064675444,,7253,159862.665859964530682,364384257.434201776981354,Black River,23,99.020874452250553,571.632480069177745,
-1,1,4784,Pond,0.186600000000000,Curr,Hist salmon,7264,941.494292584472646,,7264,159862.665859964530682,364384257.434201776981354,Black River,23,209.374722611028801,1864.746206414358994,
-1,1,4785,Pond,0.129541000000000,Curr,Hist salmon,7265,675.682718964432297,,7265,159862.665859964530682,364384257.434201776981354,Black River,23,162.625835148632575,1294.538102942734668,
-1,1,4786,Pond,0.044197000000000,Hist,Hist salmon,7265,674.932300960043449,,7265,159862.665859964530682,364384257.434201776981354,Black River,23,76.565637743475264,441.669064308334328,
-1,1,4787,Pond,0.640940000000000,Curr,Hist no salmon,7170,602.017030910990343,,7170,159862.665859964530682,364384257.434201776981354,Black River,23,294.224022457132776,6405.149253942570795,
-1,1,4788,Lake,26.980460000000001,Curr,Hist salmon,6770,0.000000000000000,,6770,159862.665859964530682,364384257.434201776981354,Black River,23,2088.270884280389510,269625.876804829924367,
-1,1,4789,Pond,2.384263000000000,Curr,Hist salmon,6787,710.164932012589020,,6787,159862.665859964530682,364384257.434201776981354,Black River,23,1225.849401306639038,23826.929607641588518,
-1,1,4790,Pond,1.834524000000000,Curr,Hist salmon,6788,631.123843835822981,,6788,159862.665859964530682,364384257.434201776981354,Black River,23,701.678752343055294,18333.163147592269524,
-1,1,4791,Pond,11.376322999999999,Curr,Hist salmon,7196,0.000000000000000,,7196,159862.665859964530682,364384257.434201776981354,Black River,23,1233.009087245331102,113688.032640855715727,
-1,1,4792,Pond,4.814230000000000,Curr,Hist salmon,6820,182.011351754270663,,6820,159862.665859964530682,364384257.434201776981354,Black River,23,1470.551150090125020,48110.590493790681649,
-1,1,4793,Pond,5.379800000000000,Curr,Hist no salmon,22731,1395.357224012557026,,22731,222380.125267685507424,776523555.048679113388062,Satsop River,40,1142.563257303913133,53758.186096431039914,
-1,1,4794,Pond,0.707479000000000,Hist,Hist no salmon,7127,5021.697722941245956,,7127,378317.145195854303893,263575921.850556135177612,Lower Chehalis Estuary,50,433.092318426656163,7071.399431826202999,
-1,1,4795,Lake,8.132726999999999,Curr,Hist no salmon,10603,4787.463906212163238,,10603,378317.145195854303893,263575921.850556135177612,Lower Chehalis Estuary,50,1701.685893086418218,81287.074679102021037,
-1,1,4796,Lake,6.250697000000000,Curr,Hist no salmon,10603,4200.633967092357125,,10603,378317.145195854303893,263575921.850556135177612,Lower Chehalis Estuary,50,1477.903129402185186,62476.000710558728315,
-1,1,4797,Lake,16.528863000000001,Curr,Hist salmon,23262,0.000000000000000,,23262,111846.634780773121747,175346973.513960331678391,Cloquallum Creek,37,3311.767418124261440,165170.987811952858465,
-1,1,4798,Pond,0.551452000000000,Hist,Hist salmon,12682,0.000000000000000,,12682,111846.634780773121747,175346973.513960331678391,Cloquallum Creek,37,447.467675582442894,5510.604849677312814,
-1,1,4799,Pond,1.152272000000000,Curr,Hist salmon,5228,0.000000000000000,,5228,46318.348114841333881,11516952.686538651585579,Mainstem: Lower Chehalis 3,59,1383.958006759620275,11515.345391693543206,Yes
-1,1,4800,Pond,0.054379000000000,Curr,Hist salmon,5228,39.131729814766828,,5228,46318.348114841333881,11516952.686538651585579,Mainstem: Lower Chehalis 3,59,113.944241921952397,543.441297244072871,Yes
-1,1,4801,Pond,0.253586000000000,Curr,Hist salmon,5228,79.728489499058966,,5228,46318.348114841333881,11516952.686538651585579,Mainstem: Lower Chehalis 3,59,246.068450080139826,2534.237745598866695,Yes
-1,1,4802,Pond,0.080920000000000,Curr,Hist salmon,5228,110.495201263316901,,5228,46318.348114841333881,11516952.686538651585579,Mainstem: Lower Chehalis 3,59,120.140150160824319,808.687559289395722,Yes
-1,1,4803,Pond,3.505679000000000,Curr,Hist no salmon,5048,1515.531578232754782,,5048,33120.890699998715718,13469576.136961460113525,Mainstem: Lower Chehalis 1,57,959.378195771056767,35034.407556716585532,
-1,1,4804,Pond,0.060016000000000,Curr,Curr degrade,18247,1204.006520183244675,,18247,33120.890699998715718,13469576.136961460113525,Mainstem: Lower Chehalis 1,57,108.661479130651898,599.783533533722334,
-1,1,4805,Pond,1.163369000000000,Hist,Hist salmon,18551,779.537393590473812,,18551,138406.144823040289339,318898089.190657675266266,Skookumchuck River,18,410.545717822849724,11626.246368724623608,
-1,1,4806,Pond,0.641935000000000,Curr,Hist salmon,18444,0.000000000000000,,18444,138406.144823040289339,318898089.190657675266266,Skookumchuck River,18,318.761056991271630,6415.298455977498634,
-1,1,4807,Marsh,0.109539000000000,Curr,Hist salmon,5328,905.330398006911537,,5328,159862.665859964530682,364384257.434201776981354,Black River,23,133.782127762710786,1094.689150027701999,Yes
-1,1,4808,Marsh,0.224637000000000,Curr,Hist salmon,5328,969.909992053794781,,5328,159862.665859964530682,364384257.434201776981354,Black River,23,221.720735837789306,2244.926856154125289,Yes
-1,1,4809,Pond,0.148664000000000,Curr,Hist no salmon,5328,708.133316225059616,,5328,159862.665859964530682,364384257.434201776981354,Black River,23,241.324737320821100,1485.684435897420599,Yes
-1,1,4810,Marsh,2.890428000000000,Curr,Hist salmon,6435,0.000000000000000,,6435,70790.401097194917384,102524081.591505512595177,Cedar Creek,29,925.206355721343584,28885.666873384459905,
-1,1,4811,Marsh,10.881392000000000,Curr,Hist salmon,3856,0.000000000000000,,3856,49339.273498255643062,17306234.431499805301428,Mainstem: Middle Chehalis 3,56,2584.224855006818416,108745.300790073888493,Yes
-1,1,4812,Marsh,20.936976999999999,Curr,Hist salmon,3860,0.000000000000000,,3860,49339.273498255643062,17306234.431499805301428,Mainstem: Middle Chehalis 3,56,3003.916639976881925,209237.780822787492070,Yes
-1,1,4813,Marsh,1.758645000000000,Curr,Hist salmon,3855,70.699050338335297,,3855,49339.273498255643062,17306234.431499805301428,Mainstem: Middle Chehalis 3,56,609.608459380037630,17575.366078557479341,
-1,2,4814,Marsh,1.234527000000000,Curr,Hist salmon,3868,0.000000000000000,,3868,50132.307652337098261,42180804.244348973035812,Unnamed: Cascade Mountains 2,13,666.287993435637532,12337.495398232402295,Yes
-1,2,4815,Pond,0.323338000000000,Curr,Curr degrade,3867,140.591188281324008,,3867,50132.307652337098261,42180804.244348973035812,Unnamed: Cascade Mountains 2,13,235.788167903561430,3231.343732261691002,
-1,1,4816,Marsh,0.486222000000000,Curr,Hist salmon,1309,95.472255485823155,,1309,151813.484517717675772,406226339.697148263454437,Newaukum River,12,420.857490015638746,4859.189757996810840,
-1,1,4817,Pond,0.204568000000000,Curr,Hist no salmon,20475,650.745441645706137,,20475,128713.250162538577570,324568132.476597189903259,South Fork Chehalis,5,174.530587303356697,2044.393628361928450,
-1,1,4818,Pond,0.061034000000000,Curr,Hist salmon,6375,1428.601296876082870,,6375,159862.665859964530682,364384257.434201776981354,Black River,23,151.640098769398833,609.948524361978343,
-1,1,4819,Pond,17.602397000000000,Hist,Hist salmon,8429,222.775435631116437,,8429,246250.590740413172171,507221006.855407536029816,Wynoochee River,42,2285.280315185104428,175915.053714298293926,Yes
-1,1,4820,Slough,1.883498000000000,Hist,Hist salmon,8420,137.806592125377335,,8420,246250.590740413172171,507221006.855407536029816,Wynoochee River,42,1947.785546569225517,18823.330408883259224,Yes
-1,1,4821,Pond,11.301368999999999,Hist,Hist salmon,9159,0.000000000000000,,9159,246250.590740413172171,507221006.855407536029816,Wynoochee River,42,1868.936906799353892,112943.757035820846795,Yes
-1,1,4822,Slough,0.416844000000000,Hist,Hist salmon,8425,0.000000000000000,,8425,246250.590740413172171,507221006.855407536029816,Wynoochee River,42,779.828168411528736,4165.860199432424452,Yes
-1,1,4823,Slough,0.761532000000000,Hist,Hist salmon,8187,222.919502974112277,,8187,48290.055449476276408,24797583.336042989045382,Mainstem: Lower Chehalis 7,63,824.220433189435767,7610.575009707395111,
-1,1,4824,Marsh,6.858967000000000,Hist,Hist salmon,9772,75.655038160615803,,9772,246250.590740413172171,507221006.855407536029816,Wynoochee River,42,1018.609344368735947,68546.864532971914741,
-1,1,4825,Marsh,5.026621000000000,Hist,Hist salmon,8858,0.000000000000000,,8858,48290.055449476276408,24797583.336042989045382,Mainstem: Lower Chehalis 7,63,1115.663811242676957,50234.383265194766864,Yes
-1,1,4826,Slough,0.409499000000000,Hist,Hist salmon,8466,0.000000000000000,,8466,48290.055449476276408,24797583.336042989045382,Mainstem: Lower Chehalis 7,63,772.274262327664360,4092.358976455486300,Yes
-1,1,4827,Marsh,5.428912000000000,Hist,Hist salmon,9335,182.473659453882078,,9335,222380.125267685507424,776523555.048679113388062,Satsop River,40,857.373430094059358,54253.813584358846128,
-1,1,4828,Marsh,7.664065000000000,Hist,Hist salmon,14789,37.869577954846235,,14789,222380.125267685507424,776523555.048679113388062,Satsop River,40,1065.569707165580439,76586.019567681243643,
-1,1,4829,Marsh,23.154171999999999,Hist,Hist salmon,12935,26.684269088891483,7999,12935,222380.125267685507424,776523555.048679113388062,Satsop River,40,2087.747826577528940,231381.259997077286243,
-1,1,4830,Marsh,8.015176000000000,Hist,Hist salmon,12128,0.000000000000000,,12128,222380.125267685507424,776523555.048679113388062,Satsop River,40,1724.904355003170622,80096.514069296550588,
-1,1,4831,Pond,6.374162000000000,Hist,Hist salmon,15050,0.000000000000000,,15050,222380.125267685507424,776523555.048679113388062,Satsop River,40,1095.706470238475731,63695.581959290473606,
-1,1,4832,Marsh,3.350626000000000,Hist,Hist salmon,15060,0.000000000000000,,15060,222380.125267685507424,776523555.048679113388062,Satsop River,40,988.194268409853976,33482.065855324712174,
-1,1,4833,Pond,20.730627999999999,Hist,Hist salmon,13519,0.000000000000000,,13519,222380.125267685507424,776523555.048679113388062,Satsop River,40,2484.340030877842310,207159.275010951736476,
-1,1,4834,Marsh,6.238340000000000,Hist,Hist salmon,9033,0.000000000000000,,9033,72380.641822059013066,39697893.786662034690380,Mainstem: Lower Chehalis 6,62,1025.448040742166995,62342.785988778894534,
-1,1,4835,Marsh,11.863035000000000,Hist,Hist salmon,7801,60.449494800218453,,7801,64500.793559666235524,70730227.349633023142815,Mox Chehalis Creek,34,1584.714350579535449,118552.114556990913115,
-1,1,4836,Marsh,1.717832000000000,Hist,Hist salmon,12677,0.000000000000000,,12677,111846.634780773121747,175346973.513960331678391,Cloquallum Creek,37,672.931626579375120,17166.149047411709034,
-1,1,4837,Pond,0.163698000000000,Hist,Hist salmon,6461,0.000000000000000,,6461,52529.756095652686781,68590327.366781875491142,Rock Creek (Lower Chehalis),28,191.045357711040793,1635.940579159048866,
-1,1,4838,Marsh,3.390164000000000,Hist,Hist salmon,5512,43.645543955867453,,5512,55554.058267856235034,72106875.751249000430107,Garrard Creek,25,994.069656890379974,33880.280503544934618,
-1,1,4839,Marsh,2.645783000000000,Hist,Hist salmon,5156,61.321333341173528,,5156,98751.225704972457606,77067740.308363378047943,Unnamed: Central Lowlands 6,20,763.872448685977588,26441.010743868675490,
-1,2,4840,Marsh,11.440359000000001,Hist,Hist salmon,4338,0.000000000000000,,4338,30557.096101777366130,15401248.625216420739889,Unnamed: Central Lowlands 7,17,2829.336766473517855,114331.041037299437448,Yes
-1,1,4841,Marsh,21.488675000000001,Hist,Hist salmon,4817,0.000000000000000,,4817,90912.708609555149451,112473867.070502221584320,Lincoln Creek,19,1940.696581791579320,214750.066798994404962,
-1,1,4842,Slough,0.507253000000000,Hist,Hist salmon,8454,0.000000000000000,,8454,48290.055449476276408,24797583.336042989045382,Mainstem: Lower Chehalis 7,63,2233.640781805900588,5069.307725177874090,Yes
-1,1,4843,Marsh,4.452540000000000,Hist,Hist salmon,8447,89.566727178235311,,8447,48290.055449476276408,24797583.336042989045382,Mainstem: Lower Chehalis 7,63,983.515328881529172,44497.184907901537372,Yes
-1,1,4844,Marsh,1.893454000000000,Hist,Hist salmon,8446,71.503883659265313,,8446,48290.055449476276408,24797583.336042989045382,Mainstem: Lower Chehalis 7,63,644.598077860789545,18922.573874246070773,Yes
-1,1,4845,Pond,2.573338000000000,Hist,Hist salmon,8446,217.210982029880569,,8446,48290.055449476276408,24797583.336042989045382,Mainstem: Lower Chehalis 7,63,1461.169824248473560,25717.074079020996578,Yes
-1,1,4846,Marsh,19.752596000000000,Hist,Hist salmon,8451,0.000000000000000,,8451,48290.055449476276408,24797583.336042989045382,Mainstem: Lower Chehalis 7,63,2932.544539787685608,197400.565358082239982,Yes
-1,1,4847,Marsh,1.305673000000000,Hist,Hist salmon,8452,105.741334616593974,,8452,48290.055449476276408,24797583.336042989045382,Mainstem: Lower Chehalis 7,63,583.101054208401933,13048.447981241275556,Yes
-1,1,4848,Marsh,1.328971000000000,Hist,Hist salmon,8455,473.982022635767066,,8455,48290.055449476276408,24797583.336042989045382,Mainstem: Lower Chehalis 7,63,671.550283178731775,13281.270588326415236,Yes
-1,1,4849,Marsh,63.092486999999998,Hist,Hist salmon,8453,0.000000000000000,,8453,48290.055449476276408,24797583.336042989045382,Mainstem: Lower Chehalis 7,63,3194.072332818946052,630523.488647642312571,Yes
-1,1,4850,Marsh,16.300568999999999,Hist,Hist salmon,8477,0.000000000000000,,8477,48290.055449476276408,24797583.336042989045382,Mainstem: Lower Chehalis 7,63,1555.327907046883183,162903.784982916346053,Yes
-1,1,4851,Marsh,136.187980000000010,Hist,Hist salmon,13537,23.494228907703867,,13537,222380.125267685507424,776523555.048679113388062,Satsop River,40,5591.417389075271785,1360905.356079665478319,
-1,1,4852,Marsh,20.613341999999999,Hist,Hist salmon,15039,0.000000000000000,,15039,222380.125267685507424,776523555.048679113388062,Satsop River,40,3335.053109655567368,205985.493950814037817,
-1,2,4853,Marsh,37.266139000000003,Hist,Hist salmon,23264,234.716305789671424,,23264,111846.634780773121747,175346973.513960331678391,Cloquallum Creek,37,3564.241686755325645,372394.803012084332295,
-1,2,4854,Marsh,51.906021000000003,Hist,Hist salmon,12682,0.000000000000000,,12682,111846.634780773121747,175346973.513960331678391,Cloquallum Creek,37,5518.008219910922890,518690.620680588006508,
-1,1,4855,Marsh,5.166550000000000,Hist,Hist salmon,12583,0.000000000000000,,12583,111846.634780773121747,175346973.513960331678391,Cloquallum Creek,37,1952.242927334532169,51629.034465990895114,
-1,1,4856,Marsh,1.601826000000000,Hist,Hist no salmon,12781,336.791692008235486,,12781,111846.634780773121747,175346973.513960331678391,Cloquallum Creek,37,762.828300399856516,16006.873505017285424,
-1,1,4857,Pond,3.865531000000000,Hist,Hist salmon,5224,0.000000000000000,,5224,46318.348114841333881,11516952.686538651585579,Mainstem: Lower Chehalis 3,59,1069.421932790331539,38630.627504290554498,Yes
-1,1,4858,Marsh,35.945771999999998,Hist,Hist salmon,4591,0.000000000000000,,4591,90912.708609555149451,112473867.070502221584320,Lincoln Creek,19,2591.322330540397161,359228.976079578220379,Yes
-1,1,4859,Pond,1.420988000000000,Hist,Hist salmon,23089,233.249549860668168,,23089,40239.034924584579130,15952808.948135545477271,Mainstem: Lower Chehalis 2,58,970.761443881075252,14200.760018574332207,Yes
-1,1,4860,Slough,0.165684000000000,Hist,Hist salmon,5335,0.005027285487158,,5335,106638.473340230484609,103623513.334606394171715,Scatter Creek,22,446.300935988316951,1655.775330352820447,Yes
-1,1,4861,Marsh,9.722348000000000,Hist,Hist salmon,23086,114.125039110597669,,23086,40239.034924584579130,15952808.948135545477271,Mainstem: Lower Chehalis 2,58,2756.660191334002775,97161.095291788005852,Yes
-1,2,4862,Slough,0.692677000000000,Hist,Hist salmon,5335,207.565395648500470,,5335,106638.473340230484609,103623513.334606394171715,Scatter Creek,22,1422.025053135780809,6922.323901394311179,Yes
-1,1,4863,Slough,0.991282000000000,Hist,Hist salmon,23079,99.346555495036512,,23079,40239.034924584579130,15952808.948135545477271,Mainstem: Lower Chehalis 2,58,1044.352815193922879,9906.452427935857486,
-1,1,4864,Slough,1.316239000000000,Hist,Hist salmon,23080,98.840239154229749,,23080,40239.034924584579130,15952808.948135545477271,Mainstem: Lower Chehalis 2,58,1648.632428220662177,13153.936387437253870,Yes
-1,3,4865,Marsh,33.670479000000000,Hist,Hist salmon,5326,0.000000000000000,493,5326,106638.473340230484609,103623513.334606394171715,Scatter Creek,22,3595.144192526180632,336488.535121653985698,Yes
-1,1,4866,Pond,52.846848000000001,Hist,Hist salmon,9200,0.000000000000000,,9200,72380.641822059013066,39697893.786662034690380,Mainstem: Lower Chehalis 6,62,2990.434434369718019,528125.074374076095410,
-1,1,4867,Slough,4.693896000000000,Hist,Hist salmon,9023,0.000000000000000,,9023,72380.641822059013066,39697893.786662034690380,Mainstem: Lower Chehalis 6,62,2739.736372035716158,46908.190796839728137,Yes
-1,1,4868,Slough,0.904239000000000,Hist,Hist salmon,9019,0.000000000000000,,9019,72380.641822059013066,39697893.786662034690380,Mainstem: Lower Chehalis 6,62,1724.062566041476884,9036.486671309930898,
-1,1,4869,Slough,2.034581000000000,Hist,Hist salmon,9019,0.000000000000000,,9019,72380.641822059013066,39697893.786662034690380,Mainstem: Lower Chehalis 6,62,2393.852719679327947,20332.560715021256328,
-1,1,4870,Pond,142.263666999999998,Hist,Hist salmon,9195,0.000000000000000,,9195,72380.641822059013066,39697893.786662034690380,Mainstem: Lower Chehalis 6,62,4887.624508144277570,1421714.024473269935697,
-1,1,4871,Pond,6.978217000000000,Hist,Hist salmon,9235,0.000000000000000,,9235,72380.641822059013066,39697893.786662034690380,Mainstem: Lower Chehalis 6,62,1007.309788591969664,69736.432523468291038,
-1,1,4872,Pond,3.619399000000000,Hist,Hist salmon,8940,0.000000000000000,,8940,72380.641822059013066,39697893.786662034690380,Mainstem: Lower Chehalis 6,62,987.529964378261184,36170.194276790985896,Yes
-1,1,4873,Marsh,4.268746000000000,Hist,Hist salmon,10566,115.419408192669721,,10566,111846.634780773121747,175346973.513960331678391,Cloquallum Creek,37,1175.619269223418314,42658.134986895973270,
-1,1,4874,Marsh,6.249629000000000,Hist,Hist salmon,10199,0.000000000000000,,10199,111846.634780773121747,175346973.513960331678391,Cloquallum Creek,37,1029.906824419471832,62453.268747293514025,
-1,1,4875,Pond,2.854355000000000,Hist,Hist no salmon,15546,406.801077846106409,,15546,222380.125267685507424,776523555.048679113388062,Satsop River,40,684.322630579267184,28522.251417893770849,
-1,1,4876,Pond,4.081366000000000,Hist,Hist salmon,16078,629.440725236538810,,16078,222380.125267685507424,776523555.048679113388062,Satsop River,40,1112.589105721845954,40783.229748014302459,
-1,1,4877,Pond,2.034479000000000,Hist,Hist salmon,5512,53.364544909954446,,5512,55554.058267856235034,72106875.751249000430107,Garrard Creek,25,538.351949210344628,20331.981530362263584,
-1,1,4878,Slough,0.436938000000000,Hist,Hist salmon,23087,54.396127283401817,526,23087,40239.034924584579130,15952808.948135545477271,Mainstem: Lower Chehalis 2,58,610.885489181451021,4366.576113936270303,Yes
-1,1,4879,Pond,0.749326000000000,Hist,Hist no salmon,6115,159.617615487430129,,6115,159862.665859964530682,364384257.434201776981354,Black River,23,339.608965119301047,7488.380171113631150,
-1,1,4880,Pond,1.515749000000000,Hist,Hist salmon,5372,498.646440515779261,,5372,106638.473340230484609,103623513.334606394171715,Scatter Creek,22,611.355506953634972,15147.661674097089417,
-1,2,4881,Pond,1.403622000000000,Hist,Hist salmon,5370,534.274279606079858,,5370,106638.473340230484609,103623513.334606394171715,Scatter Creek,22,452.251716726040229,14027.113637768479748,
-1,1,4882,Marsh,2.041542000000000,Hist,Hist no salmon,6597,1223.477212658575127,,6597,159862.665859964530682,364384257.434201776981354,Black River,23,571.031329926783542,20402.039161690947367,
-1,1,4883,Marsh,8.488560000000000,Hist,Hist salmon,6378,542.663554839623316,,6378,159862.665859964530682,364384257.434201776981354,Black River,23,1638.801142675180472,84829.997849917985150,
-1,1,4884,Marsh,0.762425000000000,Hist,Hist salmon,6384,782.900689581483221,,6384,159862.665859964530682,364384257.434201776981354,Black River,23,401.300698529553586,7619.274470159740304,
-1,1,4885,Marsh,2.947100000000000,Hist,Hist salmon,6380,447.152796716955152,,6380,159862.665859964530682,364384257.434201776981354,Black River,23,954.541375831908795,29451.742021673435374,
-1,1,4886,Marsh,5.121710000000000,Hist,Hist no salmon,23012,1132.957560340106738,,23012,159862.665859964530682,364384257.434201776981354,Black River,23,1539.967111160342256,51183.681819180950697,
-1,1,4887,Marsh,3.156281000000000,Hist,Hist no salmon,23013,1510.166913898320900,,23013,159862.665859964530682,364384257.434201776981354,Black River,23,873.255720264950696,31542.264686378541228,
-1,1,4888,Marsh,5.857340000000000,Hist,Hist salmon,6696,0.000000000000000,,6696,159862.665859964530682,364384257.434201776981354,Black River,23,1752.591134366551842,58535.046135122087435,
-1,1,4889,Marsh,28.238447000000001,Hist,Hist salmon,6710,0.000000000000000,,6710,159862.665859964530682,364384257.434201776981354,Black River,23,2984.783726780183770,282199.607500457961578,
-1,1,4890,Marsh,25.781448000000001,Hist,Hist salmon,6364,0.000000000000000,,6364,159862.665859964530682,364384257.434201776981354,Black River,23,5928.099226279620780,257645.185282550286502,
-1,1,4891,Marsh,24.741736000000000,Hist,Hist salmon,6789,0.000000000000000,,6789,159862.665859964530682,364384257.434201776981354,Black River,23,5908.040010948400777,247254.899197213700972,
-1,1,4892,Marsh,134.905000999999999,Hist,Hist salmon,7192,0.000000000000000,,7192,159862.665859964530682,364384257.434201776981354,Black River,23,10027.805883652737975,1348158.702715936582536,
-1,1,4893,Marsh,157.354486000000009,Hist,Hist salmon,6773,0.000000000000000,,6773,159862.665859964530682,364384257.434201776981354,Black River,23,8225.525158880998788,1572504.071398208150640,
-1,1,4894,Marsh,68.034993999999998,Hist,Hist salmon,7623,0.000000000000000,,7623,159862.665859964530682,364384257.434201776981354,Black River,23,4866.816376092370774,679893.516841859323904,
-1,1,4895,Marsh,16.418026999999999,Hist,Hist salmon,7642,0.000000000000000,,7642,159862.665859964530682,364384257.434201776981354,Black River,23,3568.817858990880723,164070.283496944553917,
-1,1,4896,Marsh,44.066961999999997,Hist,Hist no salmon,6804,426.677637578887413,,6804,159862.665859964530682,364384257.434201776981354,Black River,23,3531.198251944223557,440378.136378830997273,
-1,1,4897,Marsh,13.506621000000001,Hist,Hist salmon,6749,0.000000000000000,,6749,159862.665859964530682,364384257.434201776981354,Black River,23,2179.523631122027837,134977.033719701779773,
-1,1,4898,Marsh,209.165172000000013,Hist,Hist salmon,6933,0.000000000000000,4767,6933,159862.665859964530682,364384257.434201776981354,Black River,23,10674.252758058872132,2090259.876377635402605,
-1,1,4899,Marsh,2.043336000000000,Hist,Hist salmon,6610,362.678993994892664,,6610,159862.665859964530682,364384257.434201776981354,Black River,23,632.280042743872400,20419.920688514928770,
-1,1,4900,Marsh,25.509609000000001,Hist,Hist salmon,4943,0.000000000000000,,4943,40239.034924584579130,15952808.948135545477271,Mainstem: Lower Chehalis 2,58,2920.226754110634829,254932.925651810219279,Yes
-1,1,4901,Slough,0.733541000000000,Hist,Hist salmon,5130,182.972878569537158,,5130,40239.034924584579130,15952808.948135545477271,Mainstem: Lower Chehalis 2,58,934.248609671070653,7330.717245362605354,Yes
-1,2,4902,Slough,6.930175000000000,Hist,Hist salmon,4743,362.870889704088711,,4743,40239.034924584579130,15952808.948135545477271,Mainstem: Lower Chehalis 2,58,3906.008679932986524,69257.538471513267723,
-1,1,4903,Pond,4.024908000000000,Hist,Hist salmon,5048,926.740479250519911,,5048,64116.909780659618264,34581500.544033728539944,Unnamed: Black River 1,21,1001.836674316827384,40223.332085904599808,
-1,2,4904,Marsh,44.446734999999997,Hist,Curr degradeH,4748,1021.816902109471471,,4748,64116.909780659618264,34581500.544033728539944,Unnamed: Black River 1,21,2485.025289727488143,444183.884832698560786,
-1,2,4905,Marsh,3.432803000000000,Hist,Curr degradeH,4748,888.922674556745619,,4748,64116.909780659618264,34581500.544033728539944,Unnamed: Black River 1,21,809.762787419215556,34306.186592989281053,
-1,2,4906,Pond,25.288433000000001,Hist,Hist salmon,4314,0.000000000000000,,4314,29197.538453411489172,11587509.456123769283295,Unnamed: Cascade Mountains 1,16,2099.711137457648420,252723.795509513030993,
-1,1,4907,Pond,18.608267999999999,Hist,Hist salmon,4309,0.000000000000000,,4309,49339.273498255643062,17306234.431499805301428,Mainstem: Middle Chehalis 3,56,1850.081505118916766,185964.585549959039781,Yes
-1,1,4908,Marsh,508.280972000000020,Hist,Hist salmon,18637,0.000000000000000,,18637,138406.144823040289339,318898089.190657675266266,Skookumchuck River,18,50917.743574605316098,5079599.191690863110125,
-1,1,4909,Marsh,865.383617999999956,Hist,Hist salmon,18154,0.000000000000000,,18154,138406.144823040289339,318898089.190657675266266,Skookumchuck River,18,31626.211721382605901,8648340.028003634884953,
-1,1,4910,Marsh,6.066129000000000,Hist,Hist salmon,18670,41.931945017044335,,18670,138406.144823040289339,318898089.190657675266266,Skookumchuck River,18,2050.900040442083991,60623.016169992239156,
-1,1,4911,Marsh,51.808793999999999,Hist,Hist salmon,18448,0.000000000000000,,18448,138406.144823040289339,318898089.190657675266266,Skookumchuck River,18,3131.437684413068837,517760.991383799351752,
-1,1,4912,Marsh,384.216049999999996,Hist,Hist salmon,18385,0.000000000000000,,18385,138406.144823040289339,318898089.190657675266266,Skookumchuck River,18,20283.647380216098099,3839712.489088566973805,
-1,1,4913,Marsh,33.009498999999998,Hist,Hist salmon,18859,0.000000000000000,,18859,138406.144823040289339,318898089.190657675266266,Skookumchuck River,18,2839.101412363911095,329886.740347003506031,
-1,1,4914,Marsh,6.272062000000000,Hist,Hist salmon,18769,0.000000000000000,,18769,138406.144823040289339,318898089.190657675266266,Skookumchuck River,18,1886.291447136975648,62681.227101220509212,
-1,1,4915,Marsh,53.412951000000000,Hist,Hist salmon,5901,0.000000000000000,,5901,106638.473340230484609,103623513.334606394171715,Scatter Creek,22,7617.200211635991764,533783.983967627747916,
-1,1,4916,Marsh,4.719659000000000,Hist,Hist salmon,6261,491.939317697736158,,6261,106638.473340230484609,103623513.334606394171715,Scatter Creek,22,1152.266201996769041,47166.030386303398700,
-1,1,4917,Pond,26.384715000000000,Hist,Hist salmon,6058,39.578234342007839,,6058,106638.473340230484609,103623513.334606394171715,Scatter Creek,22,2984.835088719099076,263674.747964602836873,
-1,1,4918,Marsh,1.258523000000000,Hist,Hist no salmon,6058,529.273926857722813,,6058,106638.473340230484609,103623513.334606394171715,Scatter Creek,22,596.283076640968602,12577.022151533781653,
-1,1,4919,Marsh,9.122679000000000,Hist,Hist salmon,6064,289.213458899030627,,6064,106638.473340230484609,103623513.334606394171715,Scatter Creek,22,1325.602280701737527,91167.173396132697235,
-1,1,4920,Marsh,5.588505000000000,Hist,Hist salmon,6059,598.999362101603879,,6059,106638.473340230484609,103623513.334606394171715,Scatter Creek,22,1153.427046169663299,55848.482773612478923,
-1,1,4921,Pond,26.736740000000001,Hist,Hist salmon,5919,0.000000000000000,,5919,106638.473340230484609,103623513.334606394171715,Scatter Creek,22,3651.461584779706754,267195.205515960871708,
-1,1,4922,Pond,47.338352000000000,Hist,Hist salmon,18426,0.000000000000000,,18426,138406.144823040289339,318898089.190657675266266,Skookumchuck River,18,6710.197403029424095,473078.866801812662743,
-1,1,4923,Marsh,77.105154999999996,Hist,Hist salmon,23153,0.000000000000000,,23153,138406.144823040289339,318898089.190657675266266,Skookumchuck River,18,9532.858404031641840,770560.539279029122554,
-1,1,4924,Marsh,78.198243000000005,Hist,Hist salmon,18525,0.000000000000000,,18525,138406.144823040289339,318898089.190657675266266,Skookumchuck River,18,9053.374169568634898,781480.836255537695251,
-1,1,4925,Marsh,198.796121999999997,Hist,Hist salmon,18261,0.000000000000000,,18261,138406.144823040289339,318898089.190657675266266,Skookumchuck River,18,21684.103205880091991,1986690.123960450990126,
-1,1,4926,Lake,34.144269000000001,Hist,Hist salmon,11049,0.000000000000000,,11049,111846.634780773121747,175346973.513960331678391,Cloquallum Creek,37,4854.810320833519654,341205.051042412873358,
-1,1,4927,Marsh,0.383798000000000,Hist,Hist salmon,12132,78.391275899614158,,12132,222380.125267685507424,776523555.048679113388062,Satsop River,40,247.878400152331608,3835.321940304910186,
-1,1,4928,Marsh,3.824439000000000,Hist,Hist salmon,12972,242.198946596360685,,12972,222380.125267685507424,776523555.048679113388062,Satsop River,40,844.365935900246882,38217.794198665149452,
-1,1,4929,Marsh,2.459313000000000,Hist,Hist salmon,12604,0.000000000000000,,12604,222380.125267685507424,776523555.048679113388062,Satsop River,40,742.436909885764635,24576.000065201613324,
-1,1,4930,Marsh,6.050078000000000,Hist,Hist salmon,13116,311.892789412083857,,13116,222380.125267685507424,776523555.048679113388062,Satsop River,40,1112.950320753093365,60457.916732708727068,
-1,1,4931,Marsh,2.855872000000000,Hist,Hist no salmon,13401,345.945546548468883,,13401,222380.125267685507424,776523555.048679113388062,Satsop River,40,1109.282509285155356,28538.185629146912106,
-1,1,4932,Marsh,6.695606000000000,Hist,Hist salmon,13412,475.465602014616763,,13412,222380.125267685507424,776523555.048679113388062,Satsop River,40,986.143191292153006,66907.765708115359303,
-1,1,4933,Marsh,83.711065000000005,Hist,Hist salmon,13655,0.000000000000000,,13655,222380.125267685507424,776523555.048679113388062,Satsop River,40,12430.722945772051389,836495.567031732178293,
-1,1,4934,Marsh,15.755992000000001,Hist,Hist salmon,13421,0.000000000000000,,13421,222380.125267685507424,776523555.048679113388062,Satsop River,40,3621.937615426333650,157445.361112389888149,
-1,1,4935,Marsh,5.749640000000000,Hist,Hist no salmon,14096,484.840734458668408,,14096,222380.125267685507424,776523555.048679113388062,Satsop River,40,1196.528862695504813,57454.637988939430215,
-1,1,4936,Marsh,4.764460000000000,Hist,Hist no salmon,13674,1587.084848283687052,,13674,222380.125267685507424,776523555.048679113388062,Satsop River,40,870.331911912229543,47609.370759084689780,
-1,1,4937,Marsh,74.439775999999995,Hist,Hist salmon,14697,0.000000000000000,,14697,222380.125267685507424,776523555.048679113388062,Satsop River,40,11063.097905212491241,743844.114306278643198,
-1,1,4938,Pond,6.187379000000000,Hist,Hist no salmon,14691,232.433894251326336,,14691,222380.125267685507424,776523555.048679113388062,Satsop River,40,1221.285327542170307,61828.042775727153639,
-1,1,4939,Marsh,6.647733000000000,Hist,Hist salmon,13922,486.606625660319935,,13922,222380.125267685507424,776523555.048679113388062,Satsop River,40,1093.225578735873796,66428.618047648356878,
-1,1,4940,Marsh,9.128776000000000,Hist,Hist salmon,13913,0.000000000000000,,13913,222380.125267685507424,776523555.048679113388062,Satsop River,40,2081.008592060933552,91221.464495800435543,
-1,1,4941,Marsh,16.076779999999999,Hist,Hist salmon,15686,0.000000000000000,,15686,222380.125267685507424,776523555.048679113388062,Satsop River,40,1796.795854614980271,160646.160321084287716,
-1,1,4942,Marsh,9.408066000000000,Hist,Hist salmon,16060,469.359496516691650,,16060,222380.125267685507424,776523555.048679113388062,Satsop River,40,2401.432971984790584,94009.015119508345379,
-1,1,4943,Marsh,5.938924000000000,Hist,Hist salmon,14998,590.631687637734785,,14998,222380.125267685507424,776523555.048679113388062,Satsop River,40,965.859853729014390,59344.242600938756368,
-1,1,4944,Marsh,2.490014000000000,Hist,Hist no salmon,12377,314.900653102968135,,12377,222380.125267685507424,776523555.048679113388062,Satsop River,40,663.150770317690672,24882.578163899441279,
-1,1,4945,Marsh,5.138121000000000,Hist,Hist no salmon,14287,757.072917238321224,,14287,222380.125267685507424,776523555.048679113388062,Satsop River,40,997.854771316297274,51343.838849864645454,
-1,1,4946,Marsh,6.324551000000000,Hist,Hist salmon,15037,163.227359620300774,,15037,222380.125267685507424,776523555.048679113388062,Satsop River,40,1138.487138798690012,63200.328778959097690,
-1,1,4947,Pond,5.451255000000000,Hist,Hist salmon,15058,385.143351269642210,,15058,222380.125267685507424,776523555.048679113388062,Satsop River,40,1486.170138346246858,54472.769382878461329,
-1,1,4948,Pond,6.504799000000000,Hist,Hist salmon,15728,14.858871547174726,,15728,222380.125267685507424,776523555.048679113388062,Satsop River,40,1479.957247480164597,64999.603600466260104,
-1,1,4949,Marsh,23.124338000000002,Hist,Hist salmon,15728,192.705633820473196,,15728,222380.125267685507424,776523555.048679113388062,Satsop River,40,3155.522922145652046,231071.209663170680869,
-1,1,4950,Marsh,0.767891000000000,Hist,Hist salmon,14037,679.519640856328579,,14037,222380.125267685507424,776523555.048679113388062,Satsop River,40,366.769586896487226,7673.550459172484807,
-1,1,4951,Marsh,7.040510000000000,Hist,Hist no salmon,12426,397.637812905493377,,12426,246250.590740413172171,507221006.855407536029816,Wynoochee River,42,2115.016165022209861,70359.109047237448976,
-1,1,4952,Pond,7.039873000000000,Hist,Hist salmon,13045,168.727792885969563,,13045,246250.590740413172171,507221006.855407536029816,Wynoochee River,42,2164.707079962360240,70351.368349848009530,
-1,1,4953,Marsh,11.566656999999999,Hist,Hist salmon,13069,297.047317799328368,,13069,246250.590740413172171,507221006.855407536029816,Wynoochee River,42,2164.017115804574132,115587.464041046143393,
-1,1,4954,Marsh,0.592365000000000,Hist,Hist no salmon,15515,0.000000000000000,,15515,246250.590740413172171,507221006.855407536029816,Wynoochee River,42,385.684658103726974,5919.444007543447697,
-1,1,4955,Marsh,4.382911000000000,Hist,Hist salmon,20278,0.000000000000000,,20278,246250.590740413172171,507221006.855407536029816,Wynoochee River,42,1140.288655037245917,43797.707043882313883,
-1,1,4956,Marsh,0.959951000000000,Hist,Hist salmon,14569,94.806596498981932,,14569,246250.590740413172171,507221006.855407536029816,Wynoochee River,42,390.908812493581877,9592.714829465778166,
-1,1,4957,Pond,7.031624000000000,Hist,Hist salmon,16396,0.000000000000000,,16396,246250.590740413172171,507221006.855407536029816,Wynoochee River,42,1250.270380723643029,70265.253178787432262,
-1,1,4958,Marsh,9.125946000000001,Hist,Hist salmon,16502,94.148288449776970,,16502,246250.590740413172171,507221006.855407536029816,Wynoochee River,42,1277.560851828774275,91193.063977740792325,
-1,1,4959,Marsh,4.694779000000000,Hist,Hist salmon,17505,359.473419929256238,,17505,246250.590740413172171,507221006.855407536029816,Wynoochee River,42,1260.424489999872321,46911.088809328677598,
-1,1,4960,Pond,5.615042000000000,Hist,Hist salmon,4289,180.925455653229221,,4289,49339.273498255643062,17306234.431499805301428,Mainstem: Middle Chehalis 3,56,2072.819238011637935,56114.896487506484846,
-1,2,4961,Marsh,18.187709999999999,Hist,Hist salmon,4290,94.152767713208291,,4290,33658.170172136567999,13036252.537259833887219,Unnamed: Central Lowlands 8,14,1703.274813478439228,181762.033561813877895,
-1,3,4962,Marsh,77.904319000000001,Hist,Hist salmon,19005,0.000000000000000,,19005,57551.046467003296129,62244686.940613552927971,Salzer Creek,15,4364.944110910251766,778551.158596261986531,
-1,2,4963,Pond,6.063254000000000,Hist,Hist salmon,19102,0.000000000000000,,19102,57551.046467003296129,62244686.940613552927971,Salzer Creek,15,2569.740308214967627,60594.193332943170390,Yes
-1,2,4964,Marsh,115.048837000000006,Hist,Hist salmon,4022,0.000000000000000,,4022,59313.456616296323773,20382099.438309937715530,Mainstem: Middle Chehalis 2,55,4469.623068162200980,1149762.583891806891188,
-1,1,4965,Marsh,2.298842000000000,Hist,Hist salmon,3785,666.780875217849257,,3785,59313.456616296323773,20382099.438309937715530,Mainstem: Middle Chehalis 2,55,705.219019409760335,22973.938869003817672,
-1,1,4966,Marsh,1.513445000000000,Hist,Hist salmon,3785,289.890638212411545,,3785,59313.456616296323773,20382099.438309937715530,Mainstem: Middle Chehalis 2,55,679.010996571944588,15124.914961289448911,
-1,1,4967,Marsh,7.965616000000000,Hist,Hist salmon,3790,791.298304018302588,,3790,59313.456616296323773,20382099.438309937715530,Mainstem: Middle Chehalis 2,55,1225.978442189309135,79605.965533914757543,
-1,2,4968,Marsh,394.114489999999989,Hist,Hist salmon,2111,0.000000000000000,,2111,59791.565918335734750,95616163.941657066345215,Stearns Creek,9,10567.574708817297505,3938664.438504920341074,Yes
-1,2,4969,Marsh,46.731546000000002,Hist,Hist salmon,2908,0.000000000000000,,2908,34108.605140610685339,18818520.316444125026464,Unnamed: Willapa Hills 4,8,2897.392588442017313,467021.548672130273189,Yes
-1,1,4970,Marsh,3.528792000000000,Hist,Hist salmon,3643,198.375593524363012,,3643,34108.605140610685339,18818520.316444125026464,Unnamed: Willapa Hills 4,8,919.553390875894024,35265.792680899241532,
-1,1,4971,Marsh,10.088267999999999,Hist,Hist salmon,1651,0.000000000000000,,1651,59791.565918335734750,95616163.941657066345215,Stearns Creek,9,2380.343742270835719,100819.351170348498272,
-1,1,4972,Marsh,12.975600999999999,Hist,Hist salmon,1659,0.000000000000000,,1659,59791.565918335734750,95616163.941657066345215,Stearns Creek,9,2310.642890545035698,129674.543197373772273,
-1,1,4973,Pond,23.644566999999999,Hist,Hist salmon,1929,0.000000000000000,,1929,151813.484517717675772,406226339.697148263454437,Newaukum River,12,2415.376246825620456,236297.476750150439329,
-1,1,4974,Pond,35.692706999999999,Hist,Hist salmon,1512,0.000000000000000,,1512,151813.484517717675772,406226339.697148263454437,Newaukum River,12,3236.535464863973175,356702.980563209159300,
-1,1,4975,Marsh,6.804247000000000,Hist,Curr degradeH,2379,132.767400972239102,,2379,151813.484517717675772,406226339.697148263454437,Newaukum River,12,1117.251481602890863,67999.758738254138734,Yes
-1,1,4976,Pond,2.371528000000000,Hist,Hist salmon,2388,215.137003987174978,,2388,151813.484517717675772,406226339.697148263454437,Newaukum River,12,790.919966280572226,23700.398941843712237,
-1,1,4977,Marsh,14.541605000000001,Hist,Hist salmon,17814,115.074982592452827,,17814,151813.484517717675772,406226339.697148263454437,Newaukum River,12,1567.624749115221448,145324.925579076312715,
-1,1,4978,Marsh,5.983098000000000,Hist,Hist salmon,2478,36.178433897142632,,2478,151813.484517717675772,406226339.697148263454437,Newaukum River,12,973.091349574855485,59793.484052935920772,Yes
-1,1,4979,Marsh,5.353059000000000,Hist,Hist salmon,1937,380.296628707936009,,1937,151813.484517717675772,406226339.697148263454437,Newaukum River,12,1025.349818080846262,53497.066012164737913,
-1,1,4980,Marsh,4.262472000000000,Hist,Hist salmon,1286,248.719934889647789,,1286,151813.484517717675772,406226339.697148263454437,Newaukum River,12,857.932991819150175,42598.054349000711227,
-1,1,4981,Marsh,5.940517000000000,Hist,Hist no salmon,1295,456.704272367889246,,1295,151813.484517717675772,406226339.697148263454437,Newaukum River,12,952.740998913837757,59368.055336002660624,
-1,1,4982,Marsh,16.600003999999998,Hist,Hist salmon,1287,186.773366028633774,,1287,151813.484517717675772,406226339.697148263454437,Newaukum River,12,1566.866249697737203,165896.211723580287071,
-1,1,4983,Marsh,2.217535000000000,Hist,Hist salmon,1592,0.000000000000000,,1592,151813.484517717675772,406226339.697148263454437,Newaukum River,12,813.614398005423141,22161.521738701747381,
-1,1,4984,Marsh,7.399426000000000,Hist,Hist no salmon,1320,427.556761399997413,,1320,151813.484517717675772,406226339.697148263454437,Newaukum River,12,1092.681929255496470,73948.208455107873306,
-1,1,4985,Marsh,0.542748000000000,Hist,Hist no salmon,1347,232.185658374975930,,1347,151813.484517717675772,406226339.697148263454437,Newaukum River,12,382.863292477426569,5424.107875159014839,
-1,1,4986,Marsh,6.996492000000000,Hist,Hist salmon,1334,223.390039087697289,,1334,151813.484517717675772,406226339.697148263454437,Newaukum River,12,1435.329333123692095,69921.485894799945527,
-1,1,4987,Marsh,3.629602000000000,Hist,Hist no salmon,1254,70.953055955493184,,1254,151813.484517717675772,406226339.697148263454437,Newaukum River,12,1136.744724319556326,36273.600503931855201,
-1,1,4988,Marsh,25.750858000000001,Hist,Hist salmon,1397,72.586512384452035,,1397,151813.484517717675772,406226339.697148263454437,Newaukum River,12,2418.960502574851034,257350.416324939753395,
-1,1,4989,Pond,1.265099000000000,Hist,Hist salmon,1376,0.000000000000000,,1376,151813.484517717675772,406226339.697148263454437,Newaukum River,12,645.730183465834784,12643.249015411556684,
-1,1,4990,Marsh,4.756806000000000,Hist,Hist no salmon,1377,256.488011485508991,,1377,151813.484517717675772,406226339.697148263454437,Newaukum River,12,865.041972655953941,47538.971768244409759,
-1,1,4991,Marsh,9.437552000000000,Hist,Hist salmon,1410,50.997246785052774,,1410,151813.484517717675772,406226339.697148263454437,Newaukum River,12,1471.299378385528371,94317.679635894921375,
-1,1,4992,Marsh,2.465301000000000,Hist,Hist salmon,2333,207.338150635584157,,2333,151813.484517717675772,406226339.697148263454437,Newaukum River,12,632.151321237498905,24638.081116324192408,
-1,1,4993,Pond,0.658870000000000,Hist,Hist no salmon,2886,555.963822275639359,,2886,151813.484517717675772,406226339.697148263454437,Newaukum River,12,315.784456860150783,6584.704404574236833,
-1,2,4994,Marsh,52.953601999999997,Hist,Hist salmon,22782,0.000000000000000,,22782,59313.456616296323773,20382099.438309937715530,Mainstem: Middle Chehalis 2,55,4324.688363211743308,529202.852937947260216,
-1,1,4995,Pond,1.578521000000000,Hist,Hist salmon,3089,167.034464183987666,,3089,59313.456616296323773,20382099.438309937715530,Mainstem: Middle Chehalis 2,55,600.192322604249739,15775.279775851267914,
-1,1,4996,Marsh,59.943849999999998,Hist,Hist salmon,19126,0.000000000000000,,19126,57551.046467003296129,62244686.940613552927971,Salzer Creek,15,4560.698121908711983,599059.676437453948893,Yes
-1,1,4997,Marsh,1.305712000000000,Hist,Hist no salmon,2232,822.449348014933662,,2232,151813.484517717675772,406226339.697148263454437,Newaukum River,12,600.904424421626572,13048.970475262955006,
-1,1,4998,Marsh,0.614073000000000,Hist,Hist no salmon,2511,900.741787212680265,,2511,151813.484517717675772,406226339.697148263454437,Newaukum River,12,811.646991217477535,6136.897654974469333,
-1,1,4999,Marsh,0.364891000000000,Hist,Hist salmon,2782,81.766683975286369,,2782,151813.484517717675772,406226339.697148263454437,Newaukum River,12,344.184765361799577,3646.640414514246004,
-1,1,5000,Marsh,5.397020000000000,Hist,Hist no salmon,2605,228.360341263469479,,2605,151813.484517717675772,406226339.697148263454437,Newaukum River,12,1165.525439986467063,53936.906775896663021,
-1,1,5001,Pond,0.666235000000000,Hist,Curr degradeH,2368,105.134150266197636,,2368,151813.484517717675772,406226339.697148263454437,Newaukum River,12,521.631157787209759,6658.161691285989946,
-1,1,5002,Pond,1.014210000000000,Hist,Curr degradeH,2367,83.622024516045755,,2367,151813.484517717675772,406226339.697148263454437,Newaukum River,12,636.805687806389415,10135.729812088073231,
-1,1,5003,Marsh,0.823866000000000,Hist,Hist no salmon,1921,134.316076206704309,,1921,151813.484517717675772,406226339.697148263454437,Newaukum River,12,470.896882857226558,8233.635077200091473,
-1,1,5004,Pond,7.274141000000000,Hist,Curr degradeH,17971,470.119024171990304,,17971,151813.484517717675772,406226339.697148263454437,Newaukum River,12,991.677898456448247,72695.645307061116910,
-1,1,5005,Marsh,1.555095000000000,Hist,Hist salmon,2975,0.000000000000000,,2975,50132.307652337098261,42180804.244348973035812,Unnamed: Cascade Mountains 2,13,770.734434592904222,15541.223434964917033,
-1,1,5006,Marsh,5.108042000000000,Hist,Hist salmon,2516,0.000000000000000,,2516,151813.484517717675772,406226339.697148263454437,Newaukum River,12,1639.570339522170116,51048.497667440868099,
-1,1,5007,Pond,1.397445000000000,Hist,Curr degradeH,4115,66.180519528346025,,4115,49339.273498255643062,17306234.431499805301428,Mainstem: Middle Chehalis 3,56,841.916080867793653,13965.628223282623367,
-1,1,5008,Marsh,4.291616000000000,Hist,Curr degradeH,4115,22.758432683079029,,4115,49339.273498255643062,17306234.431499805301428,Mainstem: Middle Chehalis 3,56,1242.774365747609636,42889.049333202936396,
-1,1,5009,Pond,1.423358000000000,Hist,Hist salmon,4123,45.332364373246875,,4123,49339.273498255643062,17306234.431499805301428,Mainstem: Middle Chehalis 3,56,1092.148174328063305,14224.596571529194989,
-1,1,5010,Pond,0.470887000000000,Hist,Hist salmon,4123,33.795560360160856,,4123,49339.273498255643062,17306234.431499805301428,Mainstem: Middle Chehalis 3,56,333.203166188200328,4705.900650297104221,
-1,1,5011,Pond,0.582789000000000,Hist,Hist salmon,3254,42.423946520682989,,3254,59313.456616296323773,20382099.438309937715530,Mainstem: Middle Chehalis 2,55,455.643883396556021,5824.224254439422111,
-1,1,5012,Marsh,1.319871000000000,Hist,Hist no salmon,20451,1087.398035371405740,,20451,59791.565918335734750,95616163.941657066345215,Stearns Creek,9,594.311654654217477,13190.409735022014502,
-1,1,5013,Marsh,4.003378000000000,Hist,Hist no salmon,20453,689.715336674605055,,20453,59791.565918335734750,95616163.941657066345215,Stearns Creek,9,737.444555630213017,40008.612540647591231,
-1,1,5014,Marsh,10.655427000000000,Hist,Hist salmon,1597,0.000000000000000,,1597,59791.565918335734750,95616163.941657066345215,Stearns Creek,9,1652.639604937786999,106487.214171762141632,
-1,1,5015,Marsh,51.055228999999997,Hist,Hist salmon,1758,0.000000000000000,,1758,128713.250162538577570,324568132.476597189903259,South Fork Chehalis,5,4360.615427901773728,510231.852603784878738,
-1,1,5016,Pond,1.437479000000000,Hist,Hist salmon,1204,96.013617471711811,,1204,128713.250162538577570,324568132.476597189903259,South Fork Chehalis,5,499.429757762164570,14365.755366275992856,
-1,1,5017,Marsh,13.989096000000000,Hist,Hist salmon,827,0.000000000000000,,827,128713.250162538577570,324568132.476597189903259,South Fork Chehalis,5,1909.387607545498895,139802.932807686011074,
-1,1,5018,Pond,0.376440000000000,Hist,Hist no salmon,19622,705.024426985727473,,19622,128713.250162538577570,324568132.476597189903259,South Fork Chehalis,5,235.550440706044157,3762.029314154512576,
-1,1,5019,Pond,8.525095000000000,Hist,Hist salmon,19666,0.000000000000000,,19666,128713.250162538577570,324568132.476597189903259,South Fork Chehalis,5,1224.640166109897564,85197.160577060320065,
-1,1,5020,Marsh,12.424238000000001,Hist,Hist salmon,19630,0.000000000000000,,19630,128713.250162538577570,324568132.476597189903259,South Fork Chehalis,5,1717.785502950718637,124163.989406661363319,
-1,1,5021,Pond,2.197075000000000,Hist,Hist salmon,19635,0.000000000000000,,19635,128713.250162538577570,324568132.476597189903259,South Fork Chehalis,5,664.701024623606486,21956.876471578689234,
-1,1,5022,Marsh,9.005026000000001,Hist,Hist salmon,19639,0.000000000000000,,19639,128713.250162538577570,324568132.476597189903259,South Fork Chehalis,5,2099.692537728772095,89993.359618568400037,
-1,1,5023,Pond,1.693473000000000,Hist,Hist no salmon,22881,1054.930899221381424,,22881,128713.250162538577570,324568132.476597189903259,South Fork Chehalis,5,521.764756082306917,16924.049562514850550,
-1,1,5024,Pond,46.941203999999999,Hist,Hist salmon,348,196.520409830193643,,348,128713.250162538577570,324568132.476597189903259,South Fork Chehalis,5,3477.695935563194780,469115.104195972671732,
-1,1,5025,Marsh,3.900152000000000,Hist,Hist salmon,176,5.859984905568759,,176,128713.250162538577570,324568132.476597189903259,South Fork Chehalis,5,1132.712466684080709,38976.729986520083912,
-1,1,5026,Pond,1.235858000000000,Hist,Hist salmon,3910,1248.871639017361531,,3910,76524.840528758461005,151273081.305056989192963,Elk Creek,3,449.194145118910512,12351.174585130398555,
-1,1,5027,Marsh,2.142938000000000,Hist,Hist salmon,21083,0.000000000000000,,21083,151947.647425919829402,266325666.708538889884949,Wishkah River,43,937.148451945754800,21415.432665486350743,
-1,1,5028,Marsh,5.480921000000000,Hist,Hist no salmon,11526,0.000000000000000,,11526,246250.590740413172171,507221006.855407536029816,Wynoochee River,42,1401.957980214274357,54773.974490947024606,
-1,1,5029,Marsh,6.762711000000000,Hist,Hist no salmon,13807,411.097962300046163,,13807,128409.154010552825639,234704536.754735738039017,Hoquiam River,44,1274.490123584901767,67584.158824748956249,
-1,1,5030,Marsh,4.114782000000000,Hist,Hist salmon,12280,0.000000000000000,,12280,128409.154010552825639,234704536.754735738039017,Hoquiam River,44,931.058825992262769,41123.020271197303373,
-1,1,5031,Pond,0.196404000000000,Hist,Hist salmon,21054,158.533325933071950,,21054,151947.647425919829402,266325666.708538889884949,Wishkah River,43,183.509876238415103,1962.759301866143915,
-1,1,5032,Marsh,20.332497000000000,Hist,Hist salmon,22678,0.000000000000000,,22678,230932.463257765833987,638216095.057497859001160,Humptulips River,45,3027.925857609389368,203208.632188505813247,
-1,1,5033,Marsh,42.362122999999997,Hist,Hist salmon,12415,72.460439888412978,,12415,230932.463257765833987,638216095.057497859001160,Humptulips River,45,2538.068865722407736,423383.144776600238401,
-1,1,5034,Marsh,8.231626000000000,Hist,Hist salmon,22423,0.000000000000000,,22423,230932.463257765833987,638216095.057497859001160,Humptulips River,45,4012.886209290418719,82271.147860732831759,
-1,1,5035,Marsh,7.314424000000000,Hist,Hist no salmon,14065,309.808854050686136,,14065,230932.463257765833987,638216095.057497859001160,Humptulips River,45,2020.155502109257441,73098.317988311828231,
-1,1,5036,Marsh,13.256812999999999,Hist,Hist no salmon,16138,321.360770673829165,,16138,230932.463257765833987,638216095.057497859001160,Humptulips River,45,3587.350665419387497,132482.361717912688619,
-1,1,5037,Marsh,11.158298000000000,Hist,Hist salmon,16044,86.764676749893852,,16044,230932.463257765833987,638216095.057497859001160,Humptulips River,45,2186.410817077701267,111509.605335874002776,
-1,1,5038,Marsh,31.363083000000000,Hist,Hist salmon,16035,0.000000000000000,,16035,230932.463257765833987,638216095.057497859001160,Humptulips River,45,6636.952715559553326,313423.931816364231054,
-1,1,5039,Marsh,7.432042000000000,Hist,Hist salmon,16149,595.923676278115408,,16149,230932.463257765833987,638216095.057497859001160,Humptulips River,45,1146.361764681628074,74271.039974755389267,
-1,1,5040,Marsh,2.747641000000000,Hist,Hist salmon,21499,394.279298481152921,,21499,230932.463257765833987,638216095.057497859001160,Humptulips River,45,712.617159904492610,27460.488690005524404,
-1,1,5041,Marsh,8.719582000000001,Hist,Hist salmon,22432,6.466418681351271,,22432,230932.463257765833987,638216095.057497859001160,Humptulips River,45,3636.901761940201141,87148.081958433744148,
-1,1,5042,Slough,3.812460000000000,Hist,Hist salmon,8460,0.000000000000000,,8460,48290.055449476276408,24797583.336042989045382,Mainstem: Lower Chehalis 7,63,2835.892448867183248,38100.259278197285312,Yes
-1,1,5043,Pond,4.224889000000000,Hist,Hist salmon,8468,0.000000000000000,,8468,48290.055449476276408,24797583.336042989045382,Mainstem: Lower Chehalis 7,63,1687.773741253672597,42221.917853315295361,Yes
-1,1,5044,Marsh,6.509897000000000,Hist,Hist salmon,9620,221.398855491745536,,9620,246250.590740413172171,507221006.855407536029816,Wynoochee River,42,995.610335175061437,65058.838583708631631,
-1,1,5045,Marsh,27.336949000000001,Hist,Hist salmon,20367,0.000000000000000,,20367,222380.125267685507424,776523555.048679113388062,Satsop River,40,3634.987685842067094,273165.995121938351076,
-1,1,5046,Marsh,9.729538000000000,Hist,Hist no salmon,13673,1272.092252941308061,,13673,222380.125267685507424,776523555.048679113388062,Satsop River,40,2352.833788245694450,97223.695026979112299,
-1,1,5047,Marsh,1.866239000000000,Hist,Hist no salmon,22728,1233.609899776343582,,22728,222380.125267685507424,776523555.048679113388062,Satsop River,40,530.344651733435171,18648.673556272991846,
-1,1,5048,Marsh,6.110277000000000,Hist,Hist salmon,14101,117.535590734712301,,14101,222380.125267685507424,776523555.048679113388062,Satsop River,40,1839.198001792418609,61058.203763634024654,
-1,1,5049,Marsh,9.336148000000000,Hist,Hist salmon,13419,610.983602152886078,,13419,222380.125267685507424,776523555.048679113388062,Satsop River,40,1268.925966618905704,93293.356978648967925,
-1,1,5050,Marsh,3.050675000000000,Hist,Hist salmon,13419,0.000000000000000,,13419,222380.125267685507424,776523555.048679113388062,Satsop River,40,853.977104504242448,30484.552783180446568,
-1,1,5051,Lake,16.843547000000001,Hist,Hist salmon,23262,0.000000000000000,,23262,111846.634780773121747,175346973.513960331678391,Cloquallum Creek,37,1602.879036271137238,168315.571550127380760,
-1,1,5052,Marsh,6.959135000000000,Hist,Hist salmon,11045,0.000000000000000,,11045,111846.634780773121747,175346973.513960331678391,Cloquallum Creek,37,1940.265401347989382,69542.983054646392702,
-1,1,5053,Marsh,745.435554000000025,Hist,Hist salmon,7265,0.000000000000000,4767,7265,159862.665859964530682,364384257.434201776981354,Black River,23,33176.656013269297546,7449332.149233583360910,
-1,1,5054,Marsh,153.249482000000000,Hist,Hist salmon,7168,0.000000000000000,,7168,159862.665859964530682,364384257.434201776981354,Black River,23,6089.384648875013227,1531477.074536627158523,
-1,1,5055,Marsh,217.668994999999995,Hist,Hist salmon,7275,0.000000000000000,,7275,159862.665859964530682,364384257.434201776981354,Black River,23,16516.752566661845776,2175239.514104451052845,
-1,1,5056,Marsh,27.739108000000002,Hist,Hist salmon,6770,0.000000000000000,,6770,159862.665859964530682,364384257.434201776981354,Black River,23,1978.796887991877156,277207.352585260290653,
-1,1,5057,Lake,26.714832000000001,Hist,Hist salmon,6782,0.000000000000000,,6782,159862.665859964530682,364384257.434201776981354,Black River,23,2250.861617819728508,266972.079719629371539,
-1,1,5058,Marsh,6.264027000000000,Hist,Hist salmon,23018,30.650828191232307,,23018,159862.665859964530682,364384257.434201776981354,Black River,23,1181.834676355566216,62599.339166296696931,
-1,1,5059,Marsh,2.004340000000000,Hist,Hist salmon,23018,238.181515446513743,,23018,159862.665859964530682,364384257.434201776981354,Black River,23,821.033842432835058,20030.301610634782264,
-1,1,5060,Marsh,15.761003000000001,Hist,Hist salmon,18442,0.000000000000000,,18442,138406.144823040289339,318898089.190657675266266,Skookumchuck River,18,1962.831896853805802,157510.409619249810930,
-1,1,5061,Marsh,2.731680000000000,Hist,Hist salmon,15037,0.000000000000000,,15037,222380.125267685507424,776523555.048679113388062,Satsop River,40,663.276750747894653,27297.261896059320861,
-1,1,5062,Marsh,12.453291999999999,Hist,Hist no salmon,16140,267.435636154929796,,16140,230932.463257765833987,638216095.057497859001160,Humptulips River,45,1631.943834815693208,124451.718816939828685,
-1,1,5063,Marsh,2.885906000000000,Hist,Hist no salmon,22432,433.593741638953418,,22432,230932.463257765833987,638216095.057497859001160,Humptulips River,45,687.037009691661979,28843.400423269762541,
-1,2,5064,Marsh,0.698569000000000,Hist,Hist no salmon,6122,1184.031728125205291,,6122,106638.473340230484609,103623513.334606394171715,Scatter Creek,22,375.384501387845944,6981.132841705930332,
-1,1,5065,Marsh,0.446613000000000,Hist,Hist no salmon,4915,333.954208091968610,,4915,98751.225704972457606,77067740.308363378047943,Unnamed: Central Lowlands 6,20,250.059801443821300,4463.323075462209090,
-1,1,5066,Marsh,0.178267000000000,Hist,Hist no salmon,20450,1030.840577417773829,,20450,59791.565918335734750,95616163.941657066345215,Stearns Creek,9,158.558119874795494,1781.548715503656013,
-1,1,5067,Slough,1.206013000000000,Hist,Hist salmon,22780,0.000000000000000,,22780,59313.456616296323773,20382099.438309937715530,Mainstem: Middle Chehalis 2,55,590.848569529803967,12052.542290337687518,
-1,1,5068,Slough,1.701095000000000,Hist,Hist salmon,3091,140.734737133100680,,3091,59313.456616296323773,20382099.438309937715530,Mainstem: Middle Chehalis 2,55,1264.846866894247114,17000.242308359935123,
-1,1,5069,Slough,0.508436000000000,Hist,Hist salmon,3780,280.605959283431446,,3780,59313.456616296323773,20382099.438309937715530,Mainstem: Middle Chehalis 2,55,524.060574572044288,5081.155838767832392,
-1,1,5070,Marsh,0.154692000000000,Hist,Hist no salmon,2771,476.431804339658697,,2771,151813.484517717675772,406226339.697148263454437,Newaukum River,12,157.505009866339350,1545.955969909452733,
-1,1,5071,Marsh,0.607821000000000,Hist,Hist no salmon,1347,304.473011457426878,,1347,151813.484517717675772,406226339.697148263454437,Newaukum River,12,392.036119330093413,6074.425872301904747,
-1,1,5072,Marsh,0.405097000000000,Hist,Hist salmon,3148,89.318764261780885,,3148,151813.484517717675772,406226339.697148263454437,Newaukum River,12,264.415308089684629,4048.471809863372528,
-1,1,5073,Marsh,0.230947000000000,Hist,Hist no salmon,20441,273.242095870396724,,20441,59791.565918335734750,95616163.941657066345215,Stearns Creek,9,177.123936268751095,2308.011830187205305,
-1,1,5074,Marsh,1.268491000000000,Hist,Hist no salmon,1197,167.079930277405282,,1197,128713.250162538577570,324568132.476597189903259,South Fork Chehalis,5,908.305514821391625,12676.945476291331943,
-1,1,5075,Marsh,4.447004000000000,Hist,Hist salmon,2273,0.000000000000000,,2273,151813.484517717675772,406226339.697148263454437,Newaukum River,12,1388.584745932444321,44443.216768800746650,
-1,1,5076,Marsh,1.102074000000000,Hist,Hist salmon,8942,592.404085256065173,,8942,72380.641822059013066,39697893.786662034690380,Mainstem: Lower Chehalis 6,62,658.457282631399380,11013.515452561932761,Yes
-1,1,5077,Marsh,1.796773000000000,Hist,Hist salmon,8942,307.255596745754644,,8942,72380.641822059013066,39697893.786662034690380,Mainstem: Lower Chehalis 6,62,619.526575621501024,17955.925940045850439,Yes
-1,1,5078,Marsh,3.599875000000000,Hist,Hist salmon,8448,0.000000000000000,,8448,48290.055449476276408,24797583.336042989045382,Mainstem: Lower Chehalis 7,63,1162.687139520478468,35975.993080639746040,Yes
-1,1,5079,Marsh,15.651809000000000,Hist,Hist salmon,8532,0.000000000000000,,8532,48290.055449476276408,24797583.336042989045382,Mainstem: Lower Chehalis 7,63,1673.888353741267792,156419.595872143399902,Yes
-1,1,5080,Marsh,2.265420000000000,Hist,Hist no salmon,8533,209.167292357052304,,8533,48290.055449476276408,24797583.336042989045382,Mainstem: Lower Chehalis 7,63,624.093284890755513,22639.952897908238810,Yes
-1,1,5081,Marsh,2.929349000000000,Hist,Hist salmon,8529,300.602357594313617,,8529,48290.055449476276408,24797583.336042989045382,Mainstem: Lower Chehalis 7,63,1216.610133684607945,29275.083592143666465,Yes
-1,1,5082,Marsh,6.495684000000000,Hist,Hist salmon,8805,0.000000000000000,,8805,64500.793559666235524,70730227.349633023142815,Mox Chehalis Creek,34,1299.274629167791090,64912.456480042514158,
-1,1,5083,Pond,1.860611000000000,Hist,Hist salmon,10198,0.000000000000000,,10198,111846.634780773121747,175346973.513960331678391,Cloquallum Creek,37,607.227150455912124,18593.307470116284094,
-1,1,5084,Marsh,5.387937000000000,Hist,Hist salmon,9144,222.628279274805237,,9144,64500.793559666235524,70730227.349633023142815,Mox Chehalis Creek,34,1128.638561576716938,53843.296247418991697,
-1,1,5085,Pond,0.352238000000000,Hist,Hist salmon,9707,0.000000000000000,,9707,111846.634780773121747,175346973.513960331678391,Cloquallum Creek,37,249.733764819997845,3520.020483577606228,
-1,1,5086,Marsh,1.198318000000000,Hist,Hist salmon,9706,0.000000000000000,,9706,111846.634780773121747,175346973.513960331678391,Cloquallum Creek,37,482.082513136894818,11975.143213604962511,
-1,1,5087,Marsh,2.157355000000000,Hist,Hist salmon,6491,0.000000000000000,,6491,52529.756095652686781,68590327.366781875491142,Rock Creek (Lower Chehalis),28,961.124575390305608,21560.009602552028809,
-1,1,5088,Pond,1.727698000000000,Hist,Hist salmon,10105,1011.423383794506549,,10105,43165.804896704394196,40547067.944952234625816,Unnamed: Black Hills 1,38,590.602457839942076,17265.405545467496268,
-1,1,5089,Pond,0.751007000000000,Hist,Hist salmon,10080,352.335022039897012,,10080,111846.634780773121747,175346973.513960331678391,Cloquallum Creek,37,457.298159053958955,7505.030433279782301,
-1,1,5090,Marsh,0.436502000000000,Curr,Hist salmon,13679,95.585930770553816,,13679,222380.125267685507424,776523555.048679113388062,Satsop River,40,387.025421255434082,4361.782891259435928,
-1,1,5091,Marsh,2.372180000000000,Curr,Hist salmon,13679,381.477650420696307,,13679,222380.125267685507424,776523555.048679113388062,Satsop River,40,837.441122901655490,23704.217736556081945,
-1,1,5092,Marsh,0.356304000000000,Curr,Hist no salmon,13677,558.811618390127592,,13677,222380.125267685507424,776523555.048679113388062,Satsop River,40,239.230412702224243,3560.402243464580351,
-1,1,5093,Marsh,0.712339000000000,Curr,Hist no salmon,13673,1445.642565922546282,,13673,222380.125267685507424,776523555.048679113388062,Satsop River,40,337.137777276133193,7118.126968655561541,
-1,1,5094,Marsh,1.061324000000000,Curr,Hist no salmon,22729,1722.665199472048016,,22729,222380.125267685507424,776523555.048679113388062,Satsop River,40,591.367695609123416,10605.409842077395297,
-1,1,5095,Marsh,7.251763000000000,Curr,Hist no salmon,22731,1642.571409951606029,,22731,222380.125267685507424,776523555.048679113388062,Satsop River,40,1325.844771579470034,72463.915377775498200,
-1,1,5096,Marsh,0.225231000000000,Curr,Hist no salmon,22731,1669.349107969909255,,22731,222380.125267685507424,776523555.048679113388062,Satsop River,40,189.172293181277212,2250.648483894885430,
-1,1,5097,Marsh,0.679655000000000,Curr,Hist no salmon,22731,1656.266442565688976,,22731,222380.125267685507424,776523555.048679113388062,Satsop River,40,356.348056522772481,6791.530059470396736,
-1,1,5098,Marsh,0.308873000000000,Curr,Hist no salmon,22730,1309.691686059587255,,22730,222380.125267685507424,776523555.048679113388062,Satsop River,40,218.846903377553588,3086.449590827823158,
-1,1,5099,Marsh,6.636719000000000,Curr,Hist salmon,22731,781.916462003253741,,22731,222380.125267685507424,776523555.048679113388062,Satsop River,40,2368.675197569162265,66318.211908718818449,
-1,1,5100,Marsh,0.525949000000000,Curr,Hist no salmon,22729,760.665091059088354,,22729,222380.125267685507424,776523555.048679113388062,Satsop River,40,329.783536531841435,5255.616037523196610,
-1,1,5101,Marsh,0.059169000000000,Curr,Hist salmon,13652,0.000000000000000,,13652,222380.125267685507424,776523555.048679113388062,Satsop River,40,105.660323571478870,591.255522972933136,
-1,1,5102,Marsh,0.489962000000000,Curr,Hist no salmon,13424,162.087084302638885,,13424,222380.125267685507424,776523555.048679113388062,Satsop River,40,283.362749071382382,4896.053567765392472,
-1,1,5103,Marsh,0.600279000000000,Curr,Hist salmon,13425,170.951168893461499,,13425,222380.125267685507424,776523555.048679113388062,Satsop River,40,365.290555642071695,5998.399488275940712,
-1,1,5104,Marsh,1.176872000000000,Curr,Hist salmon,13425,189.346996825366972,,13425,222380.125267685507424,776523555.048679113388062,Satsop River,40,563.269648709915828,11760.108966643048916,
-1,1,5105,Marsh,3.738891000000000,Curr,Hist salmon,13425,0.000000000000000,,13425,222380.125267685507424,776523555.048679113388062,Satsop River,40,993.955390134133609,37361.579256108496338,
-1,1,5106,Marsh,0.201325000000000,Curr,Hist salmon,13425,346.835415006749031,,13425,222380.125267685507424,776523555.048679113388062,Satsop River,40,179.877723993890129,2011.774541656355041,
-1,1,5107,Marsh,0.714634000000000,Curr,Hist salmon,14101,254.031567826521979,,14101,222380.125267685507424,776523555.048679113388062,Satsop River,40,380.454888322731279,7141.109928080779355,
-1,1,5108,Marsh,9.249904000000001,Curr,Hist salmon,14173,278.016551717450284,,14173,222380.125267685507424,776523555.048679113388062,Satsop River,40,2321.132923038227091,92431.236684170216904,
-1,1,5109,Marsh,8.265321999999999,Curr,Hist salmon,22728,366.934955935510061,,22728,222380.125267685507424,776523555.048679113388062,Satsop River,40,2109.069226824820817,82592.480427814458380,
-1,1,5110,Marsh,0.262243000000000,Curr,Hist no salmon,13371,531.257388874291109,,13371,222380.125267685507424,776523555.048679113388062,Satsop River,40,203.197302273389994,2620.551650110513492,
-1,1,5111,Marsh,0.390658000000000,Curr,Hist no salmon,13371,148.447565578517469,,13371,222380.125267685507424,776523555.048679113388062,Satsop River,40,223.638366919508485,3903.774658049757363,
-1,1,5112,Marsh,1.119980000000000,Curr,Hist no salmon,13247,249.897644576621673,,13247,222380.125267685507424,776523555.048679113388062,Satsop River,40,426.439086408867411,11191.827905373176691,
-1,1,5113,Marsh,1.020079000000000,Curr,Hist salmon,13438,124.531572666934025,,13438,222380.125267685507424,776523555.048679113388062,Satsop River,40,442.475217150890614,10193.525966680957936,
-1,1,5114,Marsh,0.268087000000000,Curr,Hist salmon,13438,203.481682698731390,,13438,222380.125267685507424,776523555.048679113388062,Satsop River,40,247.020775528195884,2678.962906292385924,
-1,1,5115,Marsh,0.207934000000000,Curr,Hist salmon,23264,258.097048416013990,,23264,222380.125267685507424,776523555.048679113388062,Satsop River,40,189.173246831056645,2077.858482124950115,
-1,1,5116,Marsh,10.205227000000001,Curr,Hist salmon,7325,109.409111925547165,,7325,159862.665859964530682,364384257.434201776981354,Black River,23,1741.875970685305674,101984.038735102090868,
-1,1,5117,Marsh,11.063300000000000,Curr,Hist salmon,7323,0.000000000000000,,7323,159862.665859964530682,364384257.434201776981354,Black River,23,1664.338068985366363,110559.091362694234704,
-1,1,5118,Marsh,1.410002000000000,Curr,Hist no salmon,7253,299.504236659486821,,7253,159862.665859964530682,364384257.434201776981354,Black River,23,905.522958971980984,14090.630415907920906,
-1,1,5119,Marsh,0.065193000000000,Curr,Hist salmon,7151,0.000000000000000,,7151,159862.665859964530682,364384257.434201776981354,Black River,23,94.864807135814218,651.498662119887967,
-1,1,5120,Marsh,0.665104000000000,Curr,Hist no salmon,7151,292.420300101992325,,7151,159862.665859964530682,364384257.434201776981354,Black River,23,415.503897966030820,6646.622550649688492,
-1,1,5121,Marsh,2.034693000000000,Curr,Hist no salmon,7151,933.190243007770391,,7151,159862.665859964530682,364384257.434201776981354,Black River,23,567.790737330150705,20333.453165125029045,
-1,1,5122,Marsh,0.316472000000000,Curr,Hist no salmon,6939,905.574375645163855,,6939,159862.665859964530682,364384257.434201776981354,Black River,23,217.467693311141545,3162.622068533507900,
-1,1,5123,Marsh,0.295439000000000,Curr,Hist no salmon,6774,635.361028770030885,,6774,159862.665859964530682,364384257.434201776981354,Black River,23,263.318852187908817,2952.438730428322287,
-1,1,5124,Marsh,1.795792000000000,Curr,Hist salmon,7297,759.741026500175394,,7297,159862.665859964530682,364384257.434201776981354,Black River,23,568.663390828442175,17945.966778695728863,
-1,1,5125,Marsh,15.572703000000001,Curr,Hist no salmon,7198,326.726491618061857,,7198,159862.665859964530682,364384257.434201776981354,Black River,23,1658.562693422927168,155624.240928670013091,
-1,1,5126,Marsh,0.080959000000000,Curr,Hist salmon,22422,0.000000000000000,,22422,230932.463257765833987,638216095.057497859001160,Humptulips River,45,130.777985704891819,809.143527524881961,
-1,1,5127,Marsh,0.211675000000000,Curr,Hist no salmon,22432,1004.993358123430085,,22432,230932.463257765833987,638216095.057497859001160,Humptulips River,45,175.557733016267576,2115.592850487611940,
-1,1,5128,Marsh,0.508436000000000,Curr,Hist salmon,3780,280.605959283431446,,3780,59313.456616296323773,20382099.438309937715530,Mainstem: Middle Chehalis 2,55,524.060574572044288,5081.155838767832392,
-1,1,5129,Marsh,0.260677000000000,Curr,Hist salmon,23087,282.616294392077236,,23087,40239.034924584579130,15952808.948135545477271,Mainstem: Lower Chehalis 2,58,457.189194310433322,2605.099181172809949,Yes
-1,1,5130,Pond,0.566544000000000,Curr,Hist salmon,7642,643.137710564686131,,7642,159862.665859964530682,364384257.434201776981354,Black River,23,431.758782142151404,5661.649327376027031,
-1,1,5131,Pond,1.017770000000000,Curr,Hist salmon,7642,776.510058434838470,,7642,159862.665859964530682,364384257.434201776981354,Black River,23,480.554674604422416,10170.884830083134148,
-1,1,5132,Marsh,2.422773000000000,Curr,Hist salmon,4943,0.000000000000000,,4943,40239.034924584579130,15952808.948135545477271,Mainstem: Lower Chehalis 2,58,3292.623181927882797,24212.242321661113237,Yes
-1,1,5133,Marsh,0.144985000000000,Curr,Hist salmon,4947,289.243762139965668,,4947,40239.034924584579130,15952808.948135545477271,Mainstem: Lower Chehalis 2,58,325.423037092324535,1448.922718464296167,Yes
-1,1,5134,Marsh,3.912575000000000,Curr,Hist salmon,8856,0.000000000000000,,8856,48290.055449476276408,24797583.336042989045382,Mainstem: Lower Chehalis 7,63,1541.115539276957861,39101.028690298662696,Yes
-1,1,5135,Pond,1.087307000000000,Curr,Hist salmon,9197,200.962413322499543,,9197,72380.641822059013066,39697893.786662034690380,Mainstem: Lower Chehalis 6,62,628.380928086302561,10865.994405084484242,
-1,1,5136,Pond,0.035481000000000,Curr,Hist no salmon,9202,450.871844733966611,,9202,72380.641822059013066,39697893.786662034690380,Mainstem: Lower Chehalis 6,62,84.131887405672970,354.582035267196090,
-1,1,5137,Marsh,2.106258000000000,Curr,Hist salmon,9197,392.858797503718449,,9197,72380.641822059013066,39697893.786662034690380,Mainstem: Lower Chehalis 6,62,832.031768691032994,21048.850660137875821,
-1,1,5138,Marsh,0.145460000000000,Curr,Hist salmon,9197,308.535576325205909,,9197,72380.641822059013066,39697893.786662034690380,Mainstem: Lower Chehalis 6,62,225.236185150026898,1453.658868229313612,
-1,1,5139,Marsh,0.544436000000000,Curr,Hist salmon,15545,839.557272696515611,,15545,222380.125267685507424,776523555.048679113388062,Satsop River,40,328.695843580876897,5440.312659042993801,
-1,1,5140,Pond,0.196856000000000,Curr,Hist salmon,4289,394.823281707641456,,4289,49339.273498255643062,17306234.431499805301428,Mainstem: Middle Chehalis 3,56,447.717926079341851,1967.316588679985671,
-1,1,5141,Marsh,0.416645000000000,Curr,Hist salmon,20479,20.339283994034805,,20479,34108.605140610685339,18818520.316444125026464,Unnamed: Willapa Hills 4,8,361.567013428203040,4163.838270727841518,
-1,1,5142,Marsh,3.691617000000000,Curr,Hist salmon,4817,18.834701410526609,,4817,90912.708609555149451,112473867.070502221584320,Lincoln Creek,19,819.653606185146714,36892.687497849714418,
-1,1,5143,Slough,9.011771000000000,Hist,Hist salmon,4944,0.000000000000000,,4944,40239.034924584579130,15952808.948135545477271,Mainstem: Lower Chehalis 2,58,5354.541190191781425,90060.086196287462371,Yes
-1,1,5144,Marsh,2.013588000000000,Curr,Hist no salmon,14131,552.283128140538906,,14131,222380.125267685507424,776523555.048679113388062,Satsop River,40,577.352177175354655,20121.548467969263584,
-1,1,5145,Marsh,0.532669000000000,Curr,Hist salmon,13533,599.050216896896131,,13533,222380.125267685507424,776523555.048679113388062,Satsop River,40,325.302265615139447,5322.890688623856477,
-1,1,5146,Marsh,0.372536000000000,Curr,Hist salmon,13533,419.959509055541218,,13533,222380.125267685507424,776523555.048679113388062,Satsop River,40,254.122311330010973,3722.695247076084797,
-1,1,5147,Pond,0.682684000000000,Curr,Hist salmon,12683,520.133284987958405,,12683,111846.634780773121747,175346973.513960331678391,Cloquallum Creek,37,404.222457122158687,6821.983338670165722,
-1,1,5148,Marsh,0.589296000000000,Curr,Hist salmon,12681,407.722521907811029,,12681,111846.634780773121747,175346973.513960331678391,Cloquallum Creek,37,301.744075673370787,5888.766895536436095,
-1,1,5149,Pond,0.551452000000000,Curr,Hist salmon,12682,0.000000000000000,,12682,111846.634780773121747,175346973.513960331678391,Cloquallum Creek,37,447.467675582442894,5510.604849677312814,
-1,1,5150,Pond,0.130854000000000,Curr,Hist salmon,5227,69.103795788564398,,5227,46318.348114841333881,11516952.686538651585579,Mainstem: Lower Chehalis 3,59,380.268596155865396,1307.708028069951297,Yes
-1,1,5151,Pond,0.035724000000000,Curr,Hist salmon,6369,858.962227624867865,,6369,159862.665859964530682,364384257.434201776981354,Black River,23,71.957746952338070,357.010754964845944,
-1,1,5152,Marsh,4.154878000000000,Curr,Hist salmon,18328,0.000000000000000,,18328,138406.144823040289339,318898089.190657675266266,Skookumchuck River,18,943.116114309535760,41522.580922515553539,
-1,1,5153,Marsh,2.888230000000000,Curr,Hist salmon,18333,0.000000000000000,,18333,138406.144823040289339,318898089.190657675266266,Skookumchuck River,18,1053.118674025296968,28864.116261907853186,
-1,1,5154,Marsh,1.275247000000000,Curr,Hist salmon,18587,92.564795195413467,,18587,138406.144823040289339,318898089.190657675266266,Skookumchuck River,18,546.316348240677598,12744.446030161212548,
-1,1,5155,Marsh,1.204416000000000,Curr,Hist salmon,18590,0.000000000000000,,18590,138406.144823040289339,318898089.190657675266266,Skookumchuck River,18,731.274304410514446,12036.592374806716180,
-1,1,5156,Marsh,0.713525000000000,Curr,Hist salmon,18589,0.000000000000000,,18589,138406.144823040289339,318898089.190657675266266,Skookumchuck River,18,453.299003057836671,7130.767735203895427,
-1,1,5157,Marsh,0.099542000000000,Curr,Hist salmon,18590,10.019645521959067,,18590,138406.144823040289339,318898089.190657675266266,Skookumchuck River,18,158.377992241014482,994.796528734847016,
-1,1,5158,Marsh,1.275001000000000,Curr,Hist salmon,5909,0.000000000000000,,5909,106638.473340230484609,103623513.334606394171715,Scatter Creek,22,578.332417904644444,12741.767178339845486,
-1,1,5159,Pond,1.163369000000000,Curr,Hist salmon,18551,779.537393590473812,,18551,138406.144823040289339,318898089.190657675266266,Skookumchuck River,18,410.545717822849724,11626.246368724623608,
-1,1,5160,Marsh,15.475999000000000,Hist,Hist salmon,14677,0.000000000000000,,14677,222380.125267685507424,776523555.048679113388062,Satsop River,40,3995.291883664630404,154646.134994595427997,
-1,1,5161,Marsh,0.062369000000000,Curr,Hist salmon,1432,308.190106142287277,,1432,151813.484517717675772,406226339.697148263454437,Newaukum River,12,117.476622067970922,623.306495825252910,
-1,1,5162,Marsh,7.530339000000000,Curr,Hist salmon,179,0.000000000000000,,179,128713.250162538577570,324568132.476597189903259,South Fork Chehalis,5,1790.957672814621446,75255.496328783265199,
-1,1,5163,Side channel,0.153678000000000,Both,Hist salmon,12417,12.300646715479104,,12417,230932.463257765833987,638216095.057497859001160,Humptulips River,45,424.248029084335258,1535.906112146713212,
-1,1,5164,Side channel,0.091387000000000,Both,Hist salmon,12417,10.243594445668977,,12417,230932.463257765833987,638216095.057497859001160,Humptulips River,45,258.358082981830137,913.353933099590222,
-1,1,5165,Marsh,13.256812999999999,Curr,Hist no salmon,16138,321.360770673829165,,16138,230932.463257765833987,638216095.057497859001160,Humptulips River,45,3587.350665419387497,132482.361717912688619,
-1,1,5166,Pond,10.574370999999999,Curr,Hist salmon,8463,77.064120281206797,,8463,48290.055449476276408,24797583.336042989045382,Mainstem: Lower Chehalis 7,63,1354.537725214613829,105676.212783783819759,Yes
-1,1,5167,Marsh,0.628714000000000,Curr,Hist no salmon,5293,341.375608311392966,,5293,46318.348114841333881,11516952.686538651585579,Mainstem: Lower Chehalis 3,59,996.946672279496283,6283.094123472194951,Yes
-1,1,5168,Side channel,0.066016000000000,Both,Hist salmon,3313,11.166658768527235,1223,3313,37122.234989205142483,8781882.017450014129281,Mainstem: Middle Chehalis 1,54,165.878169160187412,659.748264425010007,
-1,1,5169,FP channel,0.415133000000000,Both,Hist salmon,10980,21.075386488929833,6495,10980,222380.125267685507424,776523555.048679113388062,Satsop River,40,474.414735596523940,4148.591087765796146,
-1,1,5170,Slough,0.620877000000000,Hist,Hist no salmon,5109,346.035820455366149,,5109,40239.034924584579130,15952808.948135545477271,Mainstem: Lower Chehalis 2,58,944.539806387473050,6204.778750275903803,Yes
-1,1,5171,Marsh,0.090618000000000,Hist,Hist salmon,1488,187.113608243438421,,1488,151813.484517717675772,406226339.697148263454437,Newaukum River,12,158.586887173323134,905.619685328494938,
-1,1,5172,Marsh,6.452039000000000,Hist,Hist salmon,1737,32.424903105340334,,1737,151813.484517717675772,406226339.697148263454437,Newaukum River,12,1003.473008230346977,64480.536628597736126,
-1,1,5173,Marsh,0.048908000000000,Hist,Hist no salmon,2199,1049.002954913935355,,2199,151813.484517717675772,406226339.697148263454437,Newaukum River,12,103.761994247527056,488.769681322951442,
-1,1,5174,Marsh,10.966941000000000,Hist,Hist no salmon,6782,867.422415895347285,,6782,159862.665859964530682,364384257.434201776981354,Black River,23,1604.730527754708191,109596.998265960937715,
-1,1,5175,Marsh,7.426700000000000,Hist,Hist salmon,6753,261.050015626199126,,6753,159862.665859964530682,364384257.434201776981354,Black River,23,1420.625000194081622,74217.973448567325249,
-1,1,5176,Marsh,0.993981000000000,Hist,Hist no salmon,6750,1036.452150288316489,,6750,159862.665859964530682,364384257.434201776981354,Black River,23,389.504911257884601,9933.233380773663157,
-1,1,5177,Marsh,7.908322000000000,Hist,Hist salmon,23013,1236.052626790236218,,23013,159862.665859964530682,364384257.434201776981354,Black River,23,1482.802078187534335,79031.663385638792533,
-1,1,5178,Marsh,2.207458000000000,Hist,Hist salmon,6038,0.000000000000000,,6038,106638.473340230484609,103623513.334606394171715,Scatter Creek,22,973.897012960023631,22060.262812794808269,
-1,1,5179,Marsh,1.427656000000000,Hist,Hist no salmon,7634,466.921702609826582,,7634,159862.665859964530682,364384257.434201776981354,Black River,23,666.428063839793140,14267.039361399982226,
-1,1,5180,Marsh,105.439555999999996,Hist,Hist salmon,6754,0.000000000000000,,6754,159862.665859964530682,364384257.434201776981354,Black River,23,7567.463046831666361,1053698.441527050454170,
-1,1,5181,Marsh,9.235550999999999,Hist,Hist salmon,6786,0.000000000000000,,6786,159862.665859964530682,364384257.434201776981354,Black River,23,1899.945934495131951,92294.679877626695088,
-1,1,5182,Marsh,4.907045000000000,Hist,Hist salmon,6031,0.000000000000000,,6031,106638.473340230484609,103623513.334606394171715,Scatter Creek,22,1096.336294145539114,49038.808639339586080,
-1,2,5183,Marsh,14.523331000000001,Hist,Curr degradeH,5048,794.537594448640675,,5048,64116.909780659618264,34581500.544033728539944,Unnamed: Black River 1,21,1880.452842105761647,145140.534855903009884,
-1,1,5184,Marsh,13.577560999999999,Hist,Hist salmon,5213,0.000000000000000,,5213,64116.909780659618264,34581500.544033728539944,Unnamed: Black River 1,21,2186.285819570935928,135688.201405789470300,
-1,1,5185,Marsh,16.927341999999999,Hist,Hist salmon,5219,0.000000000000000,,5219,64116.909780659618264,34581500.544033728539944,Unnamed: Black River 1,21,3210.563965996884235,169164.519223891693400,
-1,1,5186,Marsh,0.394587000000000,Hist,Hist salmon,923,100.146137745560651,,923,128713.250162538577570,324568132.476597189903259,South Fork Chehalis,5,241.402585342861755,3943.384002801923543,
-1,1,5187,Marsh,0.216925000000000,Hist,Hist salmon,921,20.900166273110365,3121,921,128713.250162538577570,324568132.476597189903259,South Fork Chehalis,5,281.554875254778835,2167.881703319768349,
-1,1,5188,Marsh,3.373861000000000,Curr,Hist salmon,2072,0.000000000000000,,2072,151813.484517717675772,406226339.697148263454437,Newaukum River,12,1258.997272354786901,33717.896047660957265,
-1,1,5189,Marsh,4.128718000000000,Curr,Hist salmon,15279,0.000000000000000,,15279,230932.463257765833987,638216095.057497859001160,Humptulips River,45,1642.926599334801722,41261.205277427659894,
-1,1,5190,Marsh,0.728423000000000,Curr,Hist salmon,15281,0.000000000000000,,15281,230932.463257765833987,638216095.057497859001160,Humptulips River,45,332.731510124293038,7279.647757921502489,
-1,1,5191,Marsh,0.728423000000000,Hist,Hist salmon,15281,0.000000000000000,,15281,230932.463257765833987,638216095.057497859001160,Humptulips River,45,332.731510124293038,7279.647757921502489,
-1,1,5192,Marsh,11.183047999999999,Curr,Hist salmon,8529,92.664894797547475,,8529,48290.055449476276408,24797583.336042989045382,Mainstem: Lower Chehalis 7,63,2014.390609456167567,111760.396824440802447,Yes
-1,1,5193,Marsh,1.690119000000000,Curr,Hist salmon,8477,84.799997491886003,,8477,48290.055449476276408,24797583.336042989045382,Mainstem: Lower Chehalis 7,63,559.589380866640113,16890.624594588480250,Yes
-1,1,5194,Marsh,5.512753000000000,Curr,Hist salmon,8480,78.866939081192442,,8480,48290.055449476276408,24797583.336042989045382,Mainstem: Lower Chehalis 7,63,1079.266648550073114,55093.005266350301099,
-1,1,5195,Marsh,0.947860000000000,Curr,Hist salmon,8525,40.395932962224130,,8525,48290.055449476276408,24797583.336042989045382,Mainstem: Lower Chehalis 7,63,509.194841970073981,9472.669950843332117,
-1,1,5196,Marsh,0.174296000000000,Curr,Hist salmon,13521,657.715384162314081,,13521,222380.125267685507424,776523555.048679113388062,Satsop River,40,210.782649814415493,1741.716040912570406,
-1,1,5197,Marsh,0.005755000000000,Curr,Hist salmon,13521,590.100342650095399,,13521,222380.125267685507424,776523555.048679113388062,Satsop River,40,34.999466813829770,57.507579175926466,
-1,1,5198,Marsh,0.172279000000000,Curr,Hist salmon,13520,161.987065723042861,,13520,222380.125267685507424,776523555.048679113388062,Satsop River,40,267.131862643798968,1721.565583580896146,
-1,1,5199,Marsh,0.373148000000000,Curr,Hist salmon,15036,0.014349162488206,,15036,222380.125267685507424,776523555.048679113388062,Satsop River,40,325.333250097109101,3728.810099198827174,
-1,1,5200,Pond,2.889981000000000,Curr,Hist salmon,8942,52.902404676778410,,8942,72380.641822059013066,39697893.786662034690380,Mainstem: Lower Chehalis 6,62,723.319459070375842,28880.809716537365603,Yes
-1,1,5201,Marsh,5.849035000000000,Curr,Hist salmon,7669,292.332396184209756,,7669,72380.641822059013066,39697893.786662034690380,Mainstem: Lower Chehalis 6,62,2709.725604147803097,58451.994349824519304,
-1,1,5202,Marsh,2.412130000000000,Curr,Hist salmon,7669,394.546678379506830,,7669,72380.641822059013066,39697893.786662034690380,Mainstem: Lower Chehalis 6,62,865.303032102651741,24105.477540824100288,
-1,1,5203,Marsh,0.074839000000000,Curr,Hist salmon,11401,0.000000000000000,,11401,111846.634780773121747,175346973.513960331678391,Cloquallum Creek,37,101.127959188819531,747.874355757899366,
-1,1,5204,Marsh,1.477976000000000,Curr,Hist no salmon,6115,292.861306313124430,,6115,159862.665859964530682,364384257.434201776981354,Black River,23,488.454864935303590,14770.144921293373045,
-1,1,5205,Pond,0.044197000000000,Curr,Hist salmon,7265,674.932300960043449,,7265,159862.665859964530682,364384257.434201776981354,Black River,23,76.565637743475264,441.669064308334328,
-1,1,5206,Pond,0.186600000000000,Hist,Hist salmon,7264,941.494292584472646,,7264,159862.665859964530682,364384257.434201776981354,Black River,23,209.374722611028801,1864.746206414358994,
-1,1,5207,Pond,1.027532000000000,Curr,Hist salmon,4311,0.000000000000000,,4311,49339.273498255643062,17306234.431499805301428,Mainstem: Middle Chehalis 3,56,488.533891780558008,10268.795074175257469,Yes
-1,1,5208,Pond,0.199539000000000,Curr,Hist salmon,4311,0.000000000000000,,4311,49339.273498255643062,17306234.431499805301428,Mainstem: Middle Chehalis 3,56,189.726931148727942,1994.122264212998061,Yes
-1,1,5209,Pond,0.031259000000000,Curr,Hist salmon,18657,607.655164878889877,,18657,138406.144823040289339,318898089.190657675266266,Skookumchuck River,18,74.723845434098408,312.389859583344787,
-1,1,5210,Pond,0.171863000000000,Curr,Hist salmon,18157,45.995102160219069,,18157,138406.144823040289339,318898089.190657675266266,Skookumchuck River,18,162.616470377365459,1717.536177839070660,
-1,1,5211,Marsh,1.509118000000000,Curr,Hist salmon,18535,128.086270094975305,,18535,138406.144823040289339,318898089.190657675266266,Skookumchuck River,18,608.950796692256972,15081.502105261413817,
-1,1,5212,Marsh,0.103942000000000,Curr,Hist salmon,3910,1543.253875646063079,,3910,76524.840528758461005,151273081.305056989192963,Elk Creek,3,125.137944390219332,1038.795130100827919,
-1,1,5213,Marsh,0.089783000000000,Curr,Hist salmon,3910,1604.841454672532564,,3910,76524.840528758461005,151273081.305056989192963,Elk Creek,3,120.939113868904769,897.293353646354603,
-1,1,5214,Slough,0.321662000000000,Curr,Hist salmon,22425,134.852049667921960,,22425,230932.463257765833987,638216095.057497859001160,Humptulips River,45,570.004770046332396,3214.850441917376884,
-1,1,5215,Pond,5.989676000000000,Curr,Hist salmon,10605,174.228400830108740,,10605,378317.145195854303893,263575921.850556135177612,Lower Chehalis Estuary,50,1101.501188414153830,59865.915407907908957,
-1,1,5216,Marsh,103.931465000000003,Curr,Hist salmon,10604,670.521927477566237,,10604,378317.145195854303893,263575921.850556135177612,Lower Chehalis Estuary,50,7716.189837847678064,1038789.814485599170439,
-1,1,5217,Pond,0.707479000000000,Curr,Hist no salmon,7127,5021.697722941245956,,7127,378317.145195854303893,263575921.850556135177612,Lower Chehalis Estuary,50,433.092318426656163,7071.399431826202999,
-1,1,5218,Marsh,1.206316000000000,Curr,Hist salmon,10029,54.099422831737499,,10029,128409.154010552825639,234704536.754735738039017,Hoquiam River,44,606.855503079771438,12056.290365042033955,
-1,1,5219,Marsh,1.037575000000000,Hist,Hist salmon,21210,0.000000000000000,,21210,128409.154010552825639,234704536.754735738039017,Hoquiam River,44,418.822836866843033,10370.080001109587101,
-1,1,5220,Marsh,22.968738999999999,Hist,Hist salmon,10604,703.302277027274386,,10604,378317.145195854303893,263575921.850556135177612,Lower Chehalis Estuary,50,2752.757450709890236,229570.190567298384849,
-1,1,5221,Marsh,1.239311000000000,Hist,Hist salmon,7760,1348.006373095938443,,7760,378317.145195854303893,263575921.850556135177612,Lower Chehalis Estuary,50,962.928870149575346,12386.268775767712214,
-1,1,5222,Marsh,140.908018999999996,Hist,Hist no salmon,21810,3928.512792523263215,,21810,378317.145195854303893,263575921.850556135177612,Lower Chehalis Estuary,50,8780.282252997320029,1408407.625534821767360,
-1,1,5223,Marsh,56.628321000000000,Hist,Hist salmon,12384,0.000000000000000,,12384,230932.463257765833987,638216095.057497859001160,Humptulips River,45,5494.852213527003187,565968.055184198543429,
-1,2,5224,Pond,0.656669000000000,Curr,Hist salmon,3316,0.000000000000000,,3316,65306.643175367535150,54983150.600972734391689,Unnamed: Willapa Hills 2,6,554.711356004713480,6562.579757044254620,
-1,1,5225,Side channel,0.070305000000000,Both,Hist salmon,7704,9.266543094865446,147,7704,72380.641822059013066,39697893.786662034690380,Mainstem: Lower Chehalis 6,62,247.081417168092202,702.589495275538411,Yes
-1,1,5226,Marsh,0.553209000000000,Both,Hist salmon,8431,116.686120443238920,,8431,48290.055449476276408,24797583.336042989045382,Mainstem: Lower Chehalis 7,63,820.026338415685132,5528.614442853632681,Yes
-1,1,5227,Marsh,0.968729000000000,Both,Hist salmon,7360,171.153426873192331,,7360,25489.615299052060436,11565107.814306572079659,Mainstem: Lower Chehalis 5,61,837.081650735645212,9681.006760555867004,Yes
-1,1,5228,Marsh,0.015969000000000,Both,Hist salmon,7365,17.960102914618847,,7365,25489.615299052060436,11565107.814306572079659,Mainstem: Lower Chehalis 5,61,53.232304517846771,159.589703439449522,Yes
-1,1,5229,Marsh,0.105302000000000,Both,Hist salmon,6066,37.625392996589348,,6066,38521.396498919821170,15187066.736874151974916,Mainstem: Lower Chehalis 4,60,176.785009774270520,1052.336891668792532,Yes
-1,1,5230,Marsh,0.155205000000000,Both,Hist salmon,6067,153.571048756205300,,6067,38521.396498919821170,15187066.736874151974916,Mainstem: Lower Chehalis 4,60,234.733580410982142,1551.054119249055475,Yes
-1,1,5231,Marsh,0.019780000000000,Both,Hist salmon,5949,74.683434233485912,,5949,38521.396498919821170,15187066.736874151974916,Mainstem: Lower Chehalis 4,60,57.437489298091052,197.675430543853849,Yes
-1,1,5232,Marsh,0.039520000000000,Both,Hist salmon,5938,15.422695949944730,,5938,38521.396498919821170,15187066.736874151974916,Mainstem: Lower Chehalis 4,60,97.556026823421149,394.945331977262526,Yes
-1,2,5233,Side channel,0.378201000000000,Both,Hist salmon,5945,0.000000000000000,330,5945,34889.509330777720606,17144842.197271723300219,Unnamed: Central Lowlands 4,27,630.259962361568455,3779.598279932357400,Yes
-1,1,5234,Slough,0.128883000000000,Both,Hist salmon,5945,171.713317655831219,333,5945,38521.396498919821170,15187066.736874151974916,Mainstem: Lower Chehalis 4,60,700.319974714633872,1288.009188630708650,Yes
-1,1,5235,Marsh,0.529551000000000,Both,Hist salmon,5946,271.081309849191825,,5946,38521.396498919821170,15187066.736874151974916,Mainstem: Lower Chehalis 4,60,536.347070439024606,5292.135243706679830,Yes
-1,1,5236,Side channel,0.771417000000000,Both,Hist salmon,5617,21.786273522319259,350,5617,38521.396498919821170,15187066.736874151974916,Mainstem: Lower Chehalis 4,60,1108.119219762523699,7709.254288184788493,Yes
-1,1,5237,Marsh,1.312471000000000,Both,Hist salmon,5614,28.049065939387628,,5614,38521.396498919821170,15187066.736874151974916,Mainstem: Lower Chehalis 4,60,813.407232923261404,13116.310646124113191,Yes
-1,1,5238,Marsh,0.363446000000000,Hist,Hist salmon,5616,192.669224868687394,,5616,38521.396498919821170,15187066.736874151974916,Mainstem: Lower Chehalis 4,60,281.153829452621380,3632.131579167691143,Yes
-1,1,5239,Marsh,0.363446000000000,Curr,Hist salmon,5616,192.669224868687394,,5616,38521.396498919821170,15187066.736874151974916,Mainstem: Lower Chehalis 4,60,281.153829452621380,3632.131579167691143,Yes
-1,1,5240,Marsh,0.111111000000000,Both,Hist salmon,5664,48.436636426181309,,5664,46318.348114841333881,11516952.686538651585579,Mainstem: Lower Chehalis 3,59,172.679630491148515,1110.399045467548603,Yes
-1,1,5241,Slough,0.526295000000000,Both,Hist salmon,5686,51.685579036205844,428,5686,46318.348114841333881,11516952.686538651585579,Mainstem: Lower Chehalis 3,59,1438.121231758864496,5259.587180994275514,Yes
-1,1,5242,Side channel,0.115245000000000,Both,Hist salmon,5279,18.900433462611474,448,5279,46318.348114841333881,11516952.686538651585579,Mainstem: Lower Chehalis 3,59,368.899846243909053,1151.712914393654046,Yes
-1,1,5243,Slough,0.669748000000000,Both,Hist salmon,5295,23.284275571428520,470,5295,46318.348114841333881,11516952.686538651585579,Mainstem: Lower Chehalis 3,59,1774.190892186035398,6693.168507300283636,Yes
-1,1,5244,Slough,0.146664000000000,Both,Hist salmon,5294,194.418645852810698,,5294,46318.348114841333881,11516952.686538651585579,Mainstem: Lower Chehalis 3,59,257.913055259566249,1465.694256627629784,Yes
-1,2,5245,Slough,0.714140000000000,Both,Hist salmon,5319,14.632641607874882,497,5319,46318.348114841333881,11516952.686538651585579,Mainstem: Lower Chehalis 3,59,1600.651735940796925,7136.815783509020548,Yes
-1,1,5246,FP channel,0.043075000000000,Both,Hist salmon,23077,0.005595508199930,,23077,40239.034924584579130,15952808.948135545477271,Mainstem: Lower Chehalis 2,58,326.375158984680638,430.466427708129288,Yes
-1,1,5247,Slough,1.023211000000000,Both,Hist salmon,23077,0.005544366448141,,23077,40239.034924584579130,15952808.948135545477271,Mainstem: Lower Chehalis 2,58,1636.491397336881164,10225.530147212664815,Yes
-1,1,5248,Marsh,0.045090000000000,Both,Hist salmon,5122,0.000000000000000,,5122,40239.034924584579130,15952808.948135545477271,Mainstem: Lower Chehalis 2,58,230.098367221102336,450.606108695932505,Yes
-1,1,5249,FP channel,0.062391000000000,Both,Hist salmon,5131,7.786449131058990,587,5131,40239.034924584579130,15952808.948135545477271,Mainstem: Lower Chehalis 2,58,419.594553900994583,623.499456267748428,Yes
-1,2,5250,Slough,0.236544000000000,Both,Hist salmon,4740,70.369134326462103,,4740,40239.034924584579130,15952808.948135545477271,Mainstem: Lower Chehalis 2,58,801.413064469720325,2363.934825910816016,
-1,1,5251,Slough,0.123829000000000,Both,Hist salmon,4746,30.141610439845014,636,4746,33120.890699998715718,13469576.136961460113525,Mainstem: Lower Chehalis 1,57,219.541930106864612,1237.502721583464790,Yes
-1,1,5252,Pond,0.054734000000000,Both,Hist salmon,4763,73.589350626845288,,4763,33120.890699998715718,13469576.136961460113525,Mainstem: Lower Chehalis 1,57,109.795585469800358,546.991900508748472,
-1,1,5253,Slough,0.326106000000000,Both,Hist salmon,4771,6.261058703324610,,4771,33120.890699998715718,13469576.136961460113525,Mainstem: Lower Chehalis 1,57,858.175618444981524,3258.982666816481014,Yes
-1,1,5254,FP channel,0.013911000000000,Both,Hist salmon,5654,16.151215971825422,366,5654,46318.348114841333881,11516952.686538651585579,Mainstem: Lower Chehalis 3,59,182.040549854675930,139.023759620762348,Yes
-1,1,5255,FP channel,0.113553000000000,Both,Hist salmon,5291,59.298892040787273,,5291,46318.348114841333881,11516952.686538651585579,Mainstem: Lower Chehalis 3,59,437.769818172348153,1134.801987221036597,Yes
-1,1,5256,FP channel,0.038055000000000,Both,Hist salmon,5293,84.713294459091131,,5293,46318.348114841333881,11516952.686538651585579,Mainstem: Lower Chehalis 3,59,248.803272510890736,380.306388378439294,Yes
-1,1,5257,Marsh,0.299935000000000,Both,Hist salmon,22524,0.000000000000000,,22524,59313.456616296323773,20382099.438309937715530,Mainstem: Middle Chehalis 2,55,424.031987406243502,2997.459472443812501,
-1,1,5258,Marsh,0.052561000000000,Hist,Hist salmon,3105,10.123881687151687,,3105,59313.456616296323773,20382099.438309937715530,Mainstem: Middle Chehalis 2,55,97.195512740587560,525.277439402365417,
-1,1,5259,Marsh,0.052561000000000,Curr,Hist salmon,3105,10.123881687151687,,3105,59313.456616296323773,20382099.438309937715530,Mainstem: Middle Chehalis 2,55,97.195512740587560,525.277439402365417,
-1,1,5260,Marsh,2.647872000000000,Hist,Hist salmon,3106,73.135710427726423,,3106,59313.456616296323773,20382099.438309937715530,Mainstem: Middle Chehalis 2,55,980.888418500596117,26462.066157662946353,
-1,1,5261,Marsh,2.647872000000000,Curr,Hist salmon,3106,73.135710427726423,,3106,59313.456616296323773,20382099.438309937715530,Mainstem: Middle Chehalis 2,55,980.888418500596117,26462.066157662946353,
-1,1,5262,Marsh,0.013719000000000,Hist,Hist salmon,3665,69.670636537734481,,3665,59313.456616296323773,20382099.438309937715530,Mainstem: Middle Chehalis 2,55,54.064297037608931,137.104646969902632,
-1,1,5263,Marsh,0.013719000000000,Curr,Hist salmon,3665,69.670636537734481,,3665,59313.456616296323773,20382099.438309937715530,Mainstem: Middle Chehalis 2,55,54.064297037608931,137.104646969902632,
-1,1,5264,FP channel,0.022678000000000,Both,Hist salmon,3620,0.000000000000000,1015,3620,59313.456616296323773,20382099.438309937715530,Mainstem: Middle Chehalis 2,55,227.779799269344039,226.641278573691608,
-1,1,5265,Marsh,0.028725000000000,Both,Hist salmon,3622,27.335928923437677,,3622,59313.456616296323773,20382099.438309937715530,Mainstem: Middle Chehalis 2,55,82.460378399019419,287.073644935777054,
-1,1,5266,FP channel,0.083298000000000,Both,Hist salmon,3625,8.957372625201428,,3625,59313.456616296323773,20382099.438309937715530,Mainstem: Middle Chehalis 2,55,358.069874978398900,832.450183148596807,Yes
-1,1,5267,FP channel,0.014877000000000,Both,Hist salmon,2525,8.225554049018227,1107,2525,37122.234989205142483,8781882.017450014129281,Mainstem: Middle Chehalis 1,54,122.102992578817961,148.678088602495620,
-1,1,5268,FP channel,0.084616000000000,Both,Hist salmon,2585,28.651928754821178,1203,2585,37122.234989205142483,8781882.017450014129281,Mainstem: Middle Chehalis 1,54,255.767222054828551,845.634283191458962,Yes
-1,1,5269,FP channel,0.023458000000000,Both,Hist salmon,3484,12.398923854941085,1432,3484,35513.610385592714010,5228343.456361263990402,Mainstem: Upper Chehalis 1,52,204.950894796242181,234.431006490468150,Yes
-1,1,5270,FP channel,0.045091000000000,Both,Hist salmon,2626,2.394599331262330,1461,2626,35513.610385592714010,5228343.456361263990402,Mainstem: Upper Chehalis 1,52,382.827949382088264,450.631319919732732,Yes
-1,1,5271,FP channel,0.083935000000000,Both,Hist salmon,2544,0.000000000000000,1476,2544,35513.610385592714010,5228343.456361263990402,Mainstem: Upper Chehalis 1,52,355.593556461797732,838.832422510584593,Yes
-1,1,5272,FP channel,0.034285000000000,Both,Hist salmon,1041,4.343160226203527,1647,1041,87582.837988347251667,164879927.806114047765732,Upper Chehalis: Above Proposed Dam,1,243.176774585817498,342.643407220482231,
-1,1,5273,Side channel,0.077860000000000,Both,Hist salmon,23137,8.075523473952151,1783,23137,87582.837988347251667,164879927.806114047765732,Upper Chehalis: Above Proposed Dam,1,423.976401548171964,778.117464473008113,
-1,1,5274,Side channel,0.065791000000000,Both,Hist salmon,577,8.058120397493697,1990,577,87582.837988347251667,164879927.806114047765732,Upper Chehalis: Above Proposed Dam,1,392.608964355380351,657.506012190191086,
-1,1,5275,Side channel,0.032625000000000,Both,Hist salmon,1675,11.810828134154816,2572,1675,128713.250162538577570,324568132.476597189903259,South Fork Chehalis,5,140.767571057672342,326.047437330012770,Yes
-1,1,5276,Marsh,0.251623000000000,Hist,Hist salmon,1468,104.643910687570937,,1468,128713.250162538577570,324568132.476597189903259,South Fork Chehalis,5,666.010398129665191,2514.650750287904430,
-1,1,5277,Marsh,0.251623000000000,Curr,Hist salmon,1468,104.643910687570937,,1468,128713.250162538577570,324568132.476597189903259,South Fork Chehalis,5,666.010398129665191,2514.650750287904430,
-1,1,5278,Marsh,0.412827000000000,Curr,Hist salmon,1469,0.000000000000000,,1469,128713.250162538577570,324568132.476597189903259,South Fork Chehalis,5,795.347173769033020,4125.684679163455257,
-1,1,5279,Marsh,0.412827000000000,Hist,Hist salmon,1469,0.000000000000000,,1469,128713.250162538577570,324568132.476597189903259,South Fork Chehalis,5,795.347173769033020,4125.684679163455257,
-1,1,5280,Pond,0.029085000000000,Curr,Hist no salmon,1471,0.000000000000000,,1471,128713.250162538577570,324568132.476597189903259,South Fork Chehalis,5,78.074637648873377,290.663997943560901,
-1,1,5281,Marsh,0.847168000000000,Curr,Hist salmon,1682,94.843236021757008,,1682,128713.250162538577570,324568132.476597189903259,South Fork Chehalis,5,1113.262930505492477,8466.368729912037452,
-1,1,5282,Marsh,0.886259000000000,Hist,Hist salmon,1681,0.138522158144732,,1681,128713.250162538577570,324568132.476597189903259,South Fork Chehalis,5,1102.775778713028330,8857.029669031679077,
-1,1,5283,FP channel,0.029985000000000,Both,Hist salmon,1459,0.000000000000000,2659,1459,128713.250162538577570,324568132.476597189903259,South Fork Chehalis,5,301.241425524856652,299.667922435775438,Yes
-1,1,5284,Side channel,0.045423000000000,Both,Hist salmon,1462,9.562983453724705,2679,1462,128713.250162538577570,324568132.476597189903259,South Fork Chehalis,5,195.365372606980998,453.942922681971652,Yes
-1,1,5285,Marsh,0.138370000000000,Both,Hist salmon,1467,23.677154643546771,,1467,128713.250162538577570,324568132.476597189903259,South Fork Chehalis,5,344.982849975923955,1382.836755533761107,
-1,1,5286,FP channel,0.015825000000000,Both,Hist salmon,1141,10.286208394819768,,1141,128713.250162538577570,324568132.476597189903259,South Fork Chehalis,5,128.346324046458051,158.148621177952236,
-1,1,5287,Marsh,0.218940000000000,Hist,Hist salmon,1056,180.272351176195258,,1056,128713.250162538577570,324568132.476597189903259,South Fork Chehalis,5,324.114778362473601,2188.028449557047225,
-1,1,5288,Marsh,0.218940000000000,Curr,Hist salmon,1056,180.272351176195258,,1056,128713.250162538577570,324568132.476597189903259,South Fork Chehalis,5,324.114778362473601,2188.028449557047225,
-1,1,5289,Side channel,0.070081000000000,Both,Hist salmon,849,0.000000000000000,2781,849,128713.250162538577570,324568132.476597189903259,South Fork Chehalis,5,330.394765320297779,700.377380156062600,
-1,1,5290,Side channel,0.056489000000000,Both,Hist salmon,854,5.430727055935324,2808,854,128713.250162538577570,324568132.476597189903259,South Fork Chehalis,5,425.927467956062230,564.534975507303102,
-1,1,5291,Side channel,0.161473000000000,Both,Hist salmon,639,0.000000000000000,2829,639,128713.250162538577570,324568132.476597189903259,South Fork Chehalis,5,515.475642553695025,1613.707908978725072,
-1,1,5292,Side channel,0.255480000000000,Both,Hist salmon,640,0.000000000000000,2833,640,128713.250162538577570,324568132.476597189903259,South Fork Chehalis,5,997.565570638867598,2553.194990067171602,
-1,1,5293,Side channel,0.043968000000000,Both,Hist salmon,653,0.000000000000000,2884,653,128713.250162538577570,324568132.476597189903259,South Fork Chehalis,5,263.312085160867298,439.397267348276159,
-1,1,5294,Side channel,0.083822000000000,Both,Hist salmon,654,8.752303527614904,2880,654,128713.250162538577570,324568132.476597189903259,South Fork Chehalis,5,432.301309188268931,837.693300524315873,
-1,1,5295,Marsh,0.091278000000000,Both,Hist salmon,865,0.000000000000000,2973,865,128713.250162538577570,324568132.476597189903259,South Fork Chehalis,5,370.439987398137077,912.206074614667727,
-1,1,5296,Side channel,0.020151000000000,Both,Hist salmon,867,0.000000000000000,2977,867,128713.250162538577570,324568132.476597189903259,South Fork Chehalis,5,159.624924896517598,201.381887712745794,
-1,1,5297,Side channel,0.013302000000000,Both,Hist salmon,872,0.000000000000000,2990,872,128713.250162538577570,324568132.476597189903259,South Fork Chehalis,5,124.027895763164935,132.932730362364481,
-1,1,5298,Side channel,0.011114000000000,Both,Hist salmon,874,8.341274198801774,2998,874,128713.250162538577570,324568132.476597189903259,South Fork Chehalis,5,112.352620421472409,111.067909978970789,
-1,1,5299,Side channel,0.100304000000000,Both,Hist salmon,879,0.000000000000000,3015,879,128713.250162538577570,324568132.476597189903259,South Fork Chehalis,5,409.651941095815403,1002.410381764036742,
-1,1,5300,Marsh,0.288133000000000,Hist,Hist salmon,880,13.288890811118694,3024,880,128713.250162538577570,324568132.476597189903259,South Fork Chehalis,5,629.285154804841909,2879.512406295066739,
-1,1,5301,Marsh,0.288133000000000,Curr,Hist salmon,880,13.288890811118694,3024,880,128713.250162538577570,324568132.476597189903259,South Fork Chehalis,5,629.285154804841909,2879.512406295066739,
-1,1,5302,Marsh,0.699976000000000,Hist,Hist salmon,887,14.663156191902280,3032,887,128713.250162538577570,324568132.476597189903259,South Fork Chehalis,5,1006.016610867774943,6995.362034056542143,
-1,1,5303,Marsh,0.699976000000000,Curr,Curr degrade,887,14.663156191902280,3032,887,128713.250162538577570,324568132.476597189903259,South Fork Chehalis,5,1006.016610867774943,6995.362034056542143,
-1,1,5304,Marsh,0.649539000000000,Hist,Hist salmon,890,27.934466285301095,,890,128713.250162538577570,324568132.476597189903259,South Fork Chehalis,5,752.403534231605363,6491.309587540898065,
-1,1,5305,Marsh,0.312851000000000,Hist,Hist salmon,892,26.716244173201691,3040,892,128713.250162538577570,324568132.476597189903259,South Fork Chehalis,5,471.631119452739711,3126.544120123823632,
-1,1,5306,Marsh,0.339195000000000,Hist,Hist salmon,892,7.834660083653529,3040,892,128713.250162538577570,324568132.476597189903259,South Fork Chehalis,5,509.713248848659816,3389.819950396945842,
-1,1,5307,Marsh,0.478916000000000,Hist,Hist salmon,893,146.238354271447150,,893,128713.250162538577570,324568132.476597189903259,South Fork Chehalis,5,714.888085793731534,4786.144722533859749,
-1,1,5308,Marsh,0.339195000000000,Curr,Curr degrade,892,7.834660083653529,3040,892,128713.250162538577570,324568132.476597189903259,South Fork Chehalis,5,509.713248848659816,3389.819950396945842,
-1,1,5309,Marsh,0.478916000000000,Curr,Curr degrade,893,146.238354271447150,,893,128713.250162538577570,324568132.476597189903259,South Fork Chehalis,5,714.888085793731534,4786.144722533859749,
-1,1,5310,Marsh,0.649539000000000,Curr,Curr degrade,890,27.934466285301095,,890,128713.250162538577570,324568132.476597189903259,South Fork Chehalis,5,752.403534231605363,6491.309587540898065,
-1,1,5311,Marsh,0.312851000000000,Curr,Curr degrade,892,26.716244173201691,3040,892,128713.250162538577570,324568132.476597189903259,South Fork Chehalis,5,471.631119452739711,3126.544120123823632,
-1,1,5312,Marsh,0.465525000000000,Hist,Hist salmon,897,6.576761512375236,3040,897,128713.250162538577570,324568132.476597189903259,South Fork Chehalis,5,700.340580714342309,4652.324250995150578,
-1,1,5313,Marsh,0.398466000000000,Hist,Hist salmon,898,2.702874885844509,3040,898,128713.250162538577570,324568132.476597189903259,South Fork Chehalis,5,837.847959284483750,3982.158664055766167,
-1,1,5314,Marsh,0.212749000000000,Both,Hist salmon,899,10.847265261949614,3049,899,128713.250162538577570,324568132.476597189903259,South Fork Chehalis,5,528.573168437889535,2126.154034659177341,
-1,1,5315,Marsh,0.465525000000000,Curr,Hist salmon,897,6.576761512375236,3040,897,128713.250162538577570,324568132.476597189903259,South Fork Chehalis,5,700.340580714342309,4652.324250995150578,
-1,1,5316,Marsh,0.398466000000000,Curr,Hist salmon,898,2.702874885844509,3040,898,128713.250162538577570,324568132.476597189903259,South Fork Chehalis,5,837.847959284483750,3982.158664055766167,
-1,1,5317,Pond,0.165590000000000,Hist,Hist salmon,910,0.000000000000000,3081,910,128713.250162538577570,324568132.476597189903259,South Fork Chehalis,5,438.187344797168976,1654.858562805614156,
-1,1,5318,Pond,0.165590000000000,Curr,Hist salmon,910,0.000000000000000,3081,910,128713.250162538577570,324568132.476597189903259,South Fork Chehalis,5,438.187344797168976,1654.858562805614156,
-1,1,5319,Marsh,0.039753000000000,Both,Hist salmon,602,0.000000000000000,3153,602,128713.250162538577570,324568132.476597189903259,South Fork Chehalis,5,171.889964480432837,397.281640207148769,
-1,1,5320,Marsh,0.171327000000000,Hist,Hist salmon,19690,0.332661553691296,,19690,128713.250162538577570,324568132.476597189903259,South Fork Chehalis,5,715.406098039576932,1712.192068710543936,
-1,1,5321,Marsh,0.171327000000000,Curr,Hist salmon,19690,0.332661553691296,,19690,128713.250162538577570,324568132.476597189903259,South Fork Chehalis,5,715.406098039576932,1712.192068710543936,
-1,1,5322,Side channel,0.020438000000000,Both,Hist salmon,457,13.389667165510120,3220,457,128713.250162538577570,324568132.476597189903259,South Fork Chehalis,5,138.412988591894447,204.248595003922873,
-1,1,5323,Marsh,0.174857000000000,Both,Hist salmon,409,0.000000000000000,3229,409,128713.250162538577570,324568132.476597189903259,South Fork Chehalis,5,467.537693430993670,1747.467652868300320,
-1,1,5324,Marsh,0.395535000000000,Hist,Hist salmon,425,0.030564918110713,3247,425,128713.250162538577570,324568132.476597189903259,South Fork Chehalis,5,1220.523386623086481,3952.850461369777349,
-1,1,5325,Marsh,0.395535000000000,Curr,Hist salmon,425,0.030564918110713,3247,425,128713.250162538577570,324568132.476597189903259,South Fork Chehalis,5,1220.523386623086481,3952.850461369777349,
-1,1,5326,Pond,0.077152000000000,Curr,Hist no salmon,248,76.528401272640679,,248,128713.250162538577570,324568132.476597189903259,South Fork Chehalis,5,106.785878322777265,771.034530043563109,
-1,1,5327,Side channel,0.127528000000000,Both,Hist salmon,251,0.000000000000000,3348,251,128713.250162538577570,324568132.476597189903259,South Fork Chehalis,5,800.600519748714419,1274.470927865463864,
-1,1,5328,Side channel,0.078533000000000,Both,Hist salmon,253,0.000000000000000,3352,253,128713.250162538577570,324568132.476597189903259,South Fork Chehalis,5,314.302390828895341,784.833110986152860,
-1,1,5329,Side channel,0.352127000000000,Both,Hist salmon,256,3.951392288549699,3354,256,128713.250162538577570,324568132.476597189903259,South Fork Chehalis,5,1265.803718335817166,3519.035010680680898,
-1,1,5330,Side channel,0.098395000000000,Both,Hist salmon,257,0.000000000000000,3373,257,128713.250162538577570,324568132.476597189903259,South Fork Chehalis,5,542.240272469804722,983.321396165099486,
-1,1,5331,Marsh,0.228840000000000,Both,Hist salmon,11195,0.000000000000000,3437,11195,128409.154010552825639,234704536.754735738039017,Hoquiam River,44,530.189128127140179,2287.083192484328720,
-1,1,5332,Marsh,0.119832000000000,Both,Hist salmon,11082,4.209053864115831,3516,11082,128409.154010552825639,234704536.754735738039017,Hoquiam River,44,310.754229610216157,1197.596994085491360,
-1,2,5333,Slough,11.503510000000000,Curr,Hist salmon,7790,0.000000000000000,3570,7790,64500.793559666235524,70730227.349633023142815,Mox Chehalis Creek,34,3668.426418241630472,114959.715792566334130,Yes
-1,1,5334,FP Channel,0.051944000000000,Both,Hist salmon,11312,11.700478412547861,3749,11312,246250.590740413172171,507221006.855407536029816,Wynoochee River,42,418.280577611418209,519.106286218396690,
-1,1,5335,Side channel,0.175871000000000,Both,Hist salmon,12149,23.066337559724065,,12149,246250.590740413172171,507221006.855407536029816,Wynoochee River,42,578.168968794004286,1757.558060779257858,
-1,1,5336,Side channel,0.476562000000000,Both,Hist salmon,12163,0.000000000000000,3867,12163,246250.590740413172171,507221006.855407536029816,Wynoochee River,42,1387.989333240257565,4762.463906120385218,
-1,1,5337,Side channel,0.082110000000000,Both,Hist salmon,13023,16.844629664248561,3891,13023,246250.590740413172171,507221006.855407536029816,Wynoochee River,42,248.751161698376535,820.549654101773854,
-1,1,5338,Side channel,0.135805000000000,Both,Hist salmon,14541,22.295797796802866,4075,14541,246250.590740413172171,507221006.855407536029816,Wynoochee River,42,282.948305369873879,1357.111899545744336,
-1,1,5339,Side channel,0.087009000000000,Both,Hist salmon,14542,0.000000000000000,4083,14542,246250.590740413172171,507221006.855407536029816,Wynoochee River,42,210.844451461224025,869.482922977974567,
-1,1,5340,FP channel,1.775261000000000,Both,Hist salmon,14546,0.000000000000000,4088,14546,246250.590740413172171,507221006.855407536029816,Wynoochee River,42,5845.185770521879022,17740.234276738086919,
-1,1,5341,Marsh,0.371519000000000,Both,Hist salmon,15073,0.000000000000000,,15073,246250.590740413172171,507221006.855407536029816,Wynoochee River,42,410.075787050280780,3712.604115749413722,
-1,1,5342,Marsh,0.344510000000000,Both,Hist salmon,15072,0.000000000000000,,15072,246250.590740413172171,507221006.855407536029816,Wynoochee River,42,293.919930021230812,3442.698975379773401,
-1,1,5343,Side channel,0.311365000000000,Both,Hist salmon,17100,22.733304220806552,4236,17100,246250.590740413172171,507221006.855407536029816,Wynoochee River,42,793.989686631085192,3111.306027839184935,
-1,1,5344,Side channel,0.122278000000000,Both,Hist salmon,17060,7.242540179595760,4246,17060,246250.590740413172171,507221006.855407536029816,Wynoochee River,42,603.096584238561945,1221.863054264405719,
-1,1,5345,Side channel,0.148484000000000,Both,Hist salmon,17060,14.945545079681745,,17060,246250.590740413172171,507221006.855407536029816,Wynoochee River,42,600.416645277156931,1483.719663280928671,
-1,1,5346,Side channel,0.162271000000000,Both,Hist salmon,16882,8.407174038601916,4230,16882,246250.590740413172171,507221006.855407536029816,Wynoochee River,42,507.462580091040081,1621.489025262769928,
-1,1,5347,Marsh,0.086629000000000,Both,Hist salmon,14562,39.321955174239697,,14562,246250.590740413172171,507221006.855407536029816,Wynoochee River,42,290.650817450560282,865.676172204677073,
-1,1,5348,Side channel,0.107365000000000,Both,Hist salmon,16883,48.067677699742227,,16883,246250.590740413172171,507221006.855407536029816,Wynoochee River,42,443.394171031237306,1072.847713095122117,
-1,1,5349,Side channel,0.158734000000000,Both,Hist salmon,17102,0.000000000000000,4352,17102,246250.590740413172171,507221006.855407536029816,Wynoochee River,42,558.801924379147863,1586.140261062907939,
-1,1,5350,Side channel,0.038403000000000,Both,Hist salmon,17252,29.897173860080763,4411,17252,246250.590740413172171,507221006.855407536029816,Wynoochee River,42,176.343353064293126,383.739680228825534,
-1,1,5351,Side channel,0.075433000000000,Both,Hist salmon,17252,0.000000000000000,4413,17252,246250.590740413172171,507221006.855407536029816,Wynoochee River,42,330.196363149365936,753.754570806632728,
-1,1,5352,Side channel,0.016759000000000,Both,Hist salmon,17252,0.000000000000000,4412,17252,246250.590740413172171,507221006.855407536029816,Wynoochee River,42,89.048758182640583,167.462003122311813,
-1,1,5353,Side channel,0.100001000000000,Both,Hist salmon,5739,12.407807115010108,4735,5739,159862.665859964530682,364384257.434201776981354,Black River,23,437.728860466941342,999.366619700048886,Yes
-1,1,5354,Side channel,2.452947000000000,Both,Hist salmon,13984,5.197504122813350,4962,13984,230932.463257765833987,638216095.057497859001160,Humptulips River,45,3291.887850959854859,24515.030699513063155,
-1,1,5355,Side channel,0.431557000000000,Both,Hist salmon,13977,214.404128307090076,,13977,230932.463257765833987,638216095.057497859001160,Humptulips River,45,1277.142568401884546,4313.039247660781257,
-1,1,5356,Side channel,0.418546000000000,Both,Hist salmon,13983,270.094240679657617,,13983,230932.463257765833987,638216095.057497859001160,Humptulips River,45,1070.806757799267416,4183.008527701822459,
-1,1,5357,Side channel,0.181963000000000,Both,Hist salmon,13983,0.000000000000000,4962,13983,230932.463257765833987,638216095.057497859001160,Humptulips River,45,648.744695966642098,1818.552075690155789,
-1,1,5358,FP channel,0.967390000000000,Both,Hist salmon,14917,30.602715140592188,,14917,230932.463257765833987,638216095.057497859001160,Humptulips River,45,3683.869253427989861,9668.037473966714970,
-1,1,5359,FP channel,1.121407000000000,Both,Hist salmon,14929,0.000000000000000,4974,14929,230932.463257765833987,638216095.057497859001160,Humptulips River,45,3322.675235397197866,11207.204076233589149,
-1,1,5360,Side channel,0.046698000000000,Both,Hist salmon,2370,4.464178722713379,5022,2370,151813.484517717675772,406226339.697148263454437,Newaukum River,12,302.838548488510810,466.684895714752486,Yes
-1,1,5361,Side channel,0.448937000000000,Both,Hist salmon,14627,0.000000000000000,5277,14627,230932.463257765833987,638216095.057497859001160,Humptulips River,45,921.162449900016213,4486.679052843245699,
-1,1,5362,Marsh,0.165135000000000,Both,Hist salmon,14633,29.807739459855181,,14633,230932.463257765833987,638216095.057497859001160,Humptulips River,45,246.502424734598804,1650.356974348915401,
-1,1,5363,Side channel,0.604373000000000,Both,Hist salmon,14635,0.000000000000000,4971,14635,230932.463257765833987,638216095.057497859001160,Humptulips River,45,1154.298027357039246,6040.096719652729007,
-1,1,5364,Side channel,0.465568000000000,Both,Hist salmon,14918,0.097607446997652,4974,14918,230932.463257765833987,638216095.057497859001160,Humptulips River,45,1256.948314388716653,4652.848624963575276,
-1,1,5365,Marsh,0.025175000000000,Both,Hist salmon,15459,38.388743727772741,,15459,230932.463257765833987,638216095.057497859001160,Humptulips River,45,75.161167545603405,251.597212919278888,
-1,1,5366,Slough,0.195035000000000,Both,Hist salmon,15474,16.503823456823639,5371,15474,230932.463257765833987,638216095.057497859001160,Humptulips River,45,704.388780305023147,1949.136209077192007,
-1,1,5367,Slough,0.038264000000000,Both,Hist salmon,15475,93.988810660971225,,15475,230932.463257765833987,638216095.057497859001160,Humptulips River,45,75.628966148568452,382.400219101746586,
-1,1,5368,Marsh,1.057261000000000,Both,Hist salmon,15479,7.132132681928935,5379,15479,230932.463257765833987,638216095.057497859001160,Humptulips River,45,878.355958055913334,10565.997678646150234,
-1,1,5369,Marsh,0.175718000000000,Both,Hist salmon,15477,32.684433001311120,,15477,230932.463257765833987,638216095.057497859001160,Humptulips River,45,158.761291474618105,1756.077152125025123,
-1,1,5370,Marsh,0.122754000000000,Both,Hist salmon,15478,31.991674448780437,,15478,230932.463257765833987,638216095.057497859001160,Humptulips River,45,154.085751872400920,1226.776635244567160,
-1,1,5371,FP channel,0.765442000000000,Both,Hist salmon,15478,6.550497841706749,5373,15478,230932.463257765833987,638216095.057497859001160,Humptulips River,45,3388.070852567675047,7649.639111629191575,
-1,1,5372,Side channel,0.084920000000000,Both,Hist salmon,15480,6.319569202242168,5478,15480,230932.463257765833987,638216095.057497859001160,Humptulips River,45,440.678935776550190,848.667677407972405,
-1,1,5373,Pond,0.175768000000000,Both,Hist salmon,15813,17.908642839681331,5413,15813,230932.463257765833987,638216095.057497859001160,Humptulips River,45,341.555873415936787,1756.562610595364049,
-1,1,5374,Pond,0.095847000000000,Both,Hist salmon,15466,0.000000000000000,,15466,230932.463257765833987,638216095.057497859001160,Humptulips River,45,288.654329771058428,957.868951309160593,
-1,1,5375,Marsh,0.437523000000000,Both,Hist salmon,15470,0.000000000000000,,15470,230932.463257765833987,638216095.057497859001160,Humptulips River,45,652.597018494809845,4372.511132771621305,
-1,1,5376,Side channel,0.040758000000000,Both,Hist salmon,15822,10.883098753119445,5432,15822,230932.463257765833987,638216095.057497859001160,Humptulips River,45,295.215161255589521,407.313654795965419,
-1,1,5377,Side channel,0.079228000000000,Both,Hist salmon,15811,0.000000000000000,5409,15811,230932.463257765833987,638216095.057497859001160,Humptulips River,45,375.769075347351190,791.771446366936857,
-1,1,5378,Pond,0.358105000000000,Both,Hist salmon,16456,0.000000000000000,,16456,230932.463257765833987,638216095.057497859001160,Humptulips River,45,569.982625558199402,3578.612193255618877,
-1,1,5379,Marsh,0.182648000000000,Both,Hist salmon,16453,0.000000000000000,,16453,230932.463257765833987,638216095.057497859001160,Humptulips River,45,364.986097141360460,1825.237849317917380,
-1,1,5380,Side channel,0.194141000000000,Both,Hist salmon,16631,0.188544384467925,5596,16631,230932.463257765833987,638216095.057497859001160,Humptulips River,45,516.414170657412569,1940.086732670409219,
-1,1,5381,Slough,0.109624000000000,Both,Hist salmon,17018,9.864435627238954,5647,17018,230932.463257765833987,638216095.057497859001160,Humptulips River,45,693.868734359993823,1095.456322558173952,
-1,1,5382,Marsh,0.240320000000000,Both,Hist salmon,17018,50.739578202924982,,17018,230932.463257765833987,638216095.057497859001160,Humptulips River,45,488.817138538204517,2401.482176591729058,
-1,1,5383,Marsh,0.079493000000000,Both,Hist salmon,17337,7.448071841055165,,17337,230932.463257765833987,638216095.057497859001160,Humptulips River,45,362.892999466647325,794.332047516999637,
-1,1,5384,Side channel,0.074782000000000,Both,Hist salmon,17806,1.528966900168648,5781,17806,230932.463257765833987,638216095.057497859001160,Humptulips River,45,491.125492504769852,747.232135737063004,
-1,1,5385,Marsh,0.072780000000000,Both,Hist salmon,17320,0.000000000000000,,17320,230932.463257765833987,638216095.057497859001160,Humptulips River,45,156.074375971135822,727.260241334957982,
-1,1,5386,Side channel,0.046361000000000,Both,Hist salmon,17807,0.000000000000000,5784,17807,230932.463257765833987,638216095.057497859001160,Humptulips River,45,279.376432266997142,463.237539044854259,
-1,1,5387,Marsh,0.409375000000000,Both,Hist salmon,10347,14.738302178714878,,10347,222380.125267685507424,776523555.048679113388062,Satsop River,40,520.748424286139425,4091.073039837497618,
-1,1,5388,Pond,0.622176000000000,Curr,Hist salmon,12267,59.645350168147537,,12267,222380.125267685507424,776523555.048679113388062,Satsop River,40,514.106272716338594,6217.608321358387911,
-1,1,5389,Pond,0.622176000000000,Hist,Hist salmon,12267,59.645350168147537,,12267,222380.125267685507424,776523555.048679113388062,Satsop River,40,514.106272716338594,6217.608321358387911,
-1,1,5390,Pond,0.246099000000000,Hist,Hist salmon,12268,165.148202877371517,,12268,222380.125267685507424,776523555.048679113388062,Satsop River,40,194.944601790608374,2459.338251888263130,
-1,1,5391,Pond,0.246099000000000,Curr,Hist salmon,12268,165.148202877371517,,12268,222380.125267685507424,776523555.048679113388062,Satsop River,40,194.944601790608374,2459.338251888263130,
-1,1,5392,Side channel,0.073277000000000,Both,Hist salmon,12272,8.414133218753191,6534,12272,222380.125267685507424,776523555.048679113388062,Satsop River,40,306.702447899908520,732.281670543794689,
-1,1,5393,Pond,0.218507000000000,Both,Hist salmon,15246,142.977265970856422,,15246,222380.125267685507424,776523555.048679113388062,Satsop River,40,231.197492741862817,2183.488402939641674,
-1,1,5394,Marsh,0.176417000000000,Both,Hist salmon,9356,30.711995050485694,,9356,222380.125267685507424,776523555.048679113388062,Satsop River,40,227.210446200227182,1763.024779012722774,
-1,1,5395,Slough,0.073159000000000,Both,Hist salmon,10153,129.027640887760583,,10153,222380.125267685507424,776523555.048679113388062,Satsop River,40,382.642631129662448,731.104223771297256,
-1,1,5396,Pond,0.097217000000000,Hist,Hist salmon,10151,295.691137543843638,,10151,222380.125267685507424,776523555.048679113388062,Satsop River,40,211.406575083648534,971.532385912918699,
-1,1,5397,Pond,0.097217000000000,Curr,Hist salmon,10151,295.691137543843638,,10151,222380.125267685507424,776523555.048679113388062,Satsop River,40,211.406575083648534,971.532385912918699,
-1,1,5398,Slough,0.455484000000000,Hist,Hist salmon,10150,51.776525463950129,,10150,222380.125267685507424,776523555.048679113388062,Satsop River,40,1412.374897229291719,4551.859020300016709,
-1,1,5399,Slough,0.455484000000000,Curr,Hist salmon,10150,51.776525463950129,,10150,222380.125267685507424,776523555.048679113388062,Satsop River,40,1412.374897229291719,4551.859020300016709,
-1,1,5400,Slough,0.427625000000000,Hist,Hist salmon,21188,0.000000000000000,7456,21188,151947.647425919829402,266325666.708538889884949,Wishkah River,43,1515.135463427467812,4273.688827658094851,
-1,1,5401,Slough,0.427625000000000,Curr,Hist salmon,21188,0.000000000000000,7456,21188,151947.647425919829402,266325666.708538889884949,Wishkah River,43,1515.135463427467812,4273.688827658094851,
-1,1,5402,Marsh,0.104688000000000,Both,Hist salmon,8974,40.220608406157062,,8974,111846.634780773121747,175346973.513960331678391,Cloquallum Creek,37,710.375720446378409,1046.183322482500898,
-1,1,5403,Side channel,0.798796000000000,Both,Hist salmon,20171,0.000000000000000,7731,20171,222380.125267685507424,776523555.048679113388062,Satsop River,40,1437.021996294346991,7982.456080329631732,
-1,1,5404,Side channel,0.261255000000000,Both,Hist salmon,20171,0.197070154456707,,20171,222380.125267685507424,776523555.048679113388062,Satsop River,40,419.457889553187954,2610.748701374495795,
-1,1,5405,Side channel,0.696247000000000,Hist,Hist salmon,10155,17.231382891662168,7673,10155,222380.125267685507424,776523555.048679113388062,Satsop River,40,1097.009119842898372,6957.906773564805007,
-1,1,5406,Side channel,0.027940000000000,Both,Hist salmon,10153,101.009936615929675,,10153,222380.125267685507424,776523555.048679113388062,Satsop River,40,79.402193269455225,279.213045404955778,
-1,1,5407,Pond,0.622492000000000,Both,Hist salmon,14254,11.810816412920055,,14254,222380.125267685507424,776523555.048679113388062,Satsop River,40,614.485107383499553,6220.504445605305591,
-1,1,5408,Side channel,0.696247000000000,Curr,Hist salmon,10155,17.231382891662168,7673,10155,222380.125267685507424,776523555.048679113388062,Satsop River,40,1097.009119842898372,6957.906773564805007,
-1,1,5409,Marsh,0.497910000000000,Hist,Hist salmon,20342,0.000000000000000,5044,20342,138406.144823040289339,318898089.190657675266266,Skookumchuck River,18,909.280601394693917,4975.938920172166945,Yes
-1,1,5410,Marsh,0.250546000000000,Both,Hist salmon,20342,101.316172123060468,,20342,138406.144823040289339,318898089.190657675266266,Skookumchuck River,18,219.438040907607501,2503.869204983769123,Yes
-1,1,5411,Marsh,0.497910000000000,Curr,Hist salmon,20342,0.000000000000000,5044,20342,138406.144823040289339,318898089.190657675266266,Skookumchuck River,18,909.280601394693917,4975.938920172166945,Yes
-1,1,5412,Marsh,3.011957000000000,Hist,Hist salmon,18081,12.651093744145193,8552,18081,138406.144823040289339,318898089.190657675266266,Skookumchuck River,18,1612.385730115958268,30100.307985387782537,
-1,1,5413,Marsh,3.011957000000000,Curr,Hist salmon,18081,12.651093744145193,8552,18081,138406.144823040289339,318898089.190657675266266,Skookumchuck River,18,1612.385730115958268,30100.307985387782537,
-1,1,5414,Marsh,6.348965000000000,Hist,Hist salmon,18078,16.876662336041964,8545,18078,138406.144823040289339,318898089.190657675266266,Skookumchuck River,18,1917.677430127882189,63449.089293672208441,
-1,1,5415,Marsh,5.954302000000000,Curr,Hist salmon,18078,42.882219167096032,,18078,138406.144823040289339,318898089.190657675266266,Skookumchuck River,18,1871.894670270238748,59504.984289100175374,
-1,1,5416,Marsh,0.595179000000000,Hist,Hist salmon,18091,0.000000000000000,8554,18091,138406.144823040289339,318898089.190657675266266,Skookumchuck River,18,821.737538418109239,5947.982359101345537,
-1,1,5417,Marsh,0.595179000000000,Curr,Hist salmon,18091,0.000000000000000,8554,18091,138406.144823040289339,318898089.190657675266266,Skookumchuck River,18,821.737538418109239,5947.982359101345537,
-1,1,5418,Slough,1.597701000000000,Hist,Hist salmon,18097,14.203621799825720,8554,18097,138406.144823040289339,318898089.190657675266266,Skookumchuck River,18,1997.896232389469560,15966.773698115639490,
-1,1,5419,Slough,1.597701000000000,Curr,Hist salmon,18097,14.203621799825720,8554,18097,138406.144823040289339,318898089.190657675266266,Skookumchuck River,18,1997.896232389469560,15966.773698115639490,
-1,1,5420,Marsh,0.828433000000000,Curr,Hist salmon,18099,0.213325062663164,8554,18099,138406.144823040289339,318898089.190657675266266,Skookumchuck River,18,417.458201866975287,8279.025930613468518,
-1,1,5421,Marsh,1.978954000000000,Hist,Hist salmon,18099,0.213325062663164,8554,18099,138406.144823040289339,318898089.190657675266266,Skookumchuck River,18,1063.363544004696678,19776.858958982487820,
-1,1,5422,Marsh,0.746178000000000,Curr,Hist salmon,18101,62.744108301917102,,18101,138406.144823040289339,318898089.190657675266266,Skookumchuck River,18,673.111673603558870,7457.001675050090853,
-1,1,5423,Marsh,0.418419000000000,Both,Hist salmon,18110,0.000000000000000,,18110,138406.144823040289339,318898089.190657675266266,Skookumchuck River,18,566.001072516743648,4181.514246560758693,
-1,1,5424,Marsh,0.258160000000000,Both,Hist salmon,18112,22.057774717117898,8576,18112,138406.144823040289339,318898089.190657675266266,Skookumchuck River,18,414.467098744114878,2579.945900866788634,
-1,1,5425,Slough,0.158430000000000,Hist,Hist salmon,18002,30.084462049332277,8643,18002,138406.144823040289339,318898089.190657675266266,Skookumchuck River,18,737.502900115204284,1583.291557349732557,
-1,1,5426,Slough,0.158430000000000,Curr,Hist salmon,18002,30.084462049332277,8643,18002,138406.144823040289339,318898089.190657675266266,Skookumchuck River,18,737.502900115204284,1583.291557349732557,
-1,1,5427,Marsh,0.112577000000000,Hist,Hist salmon,18002,111.194302051273340,,18002,138406.144823040289339,318898089.190657675266266,Skookumchuck River,18,275.779392918794088,1125.061672586196437,
-1,1,5428,Marsh,0.196548000000000,Hist,Hist salmon,18002,49.292995304403334,,18002,138406.144823040289339,318898089.190657675266266,Skookumchuck River,18,327.003079611632756,1964.230701505731531,
-1,1,5429,Marsh,0.112577000000000,Curr,Hist salmon,18002,111.194302051273340,,18002,138406.144823040289339,318898089.190657675266266,Skookumchuck River,18,275.779392918794088,1125.061672586196437,
-1,1,5430,Marsh,0.196548000000000,Curr,Hist salmon,18002,49.292995304403334,,18002,138406.144823040289339,318898089.190657675266266,Skookumchuck River,18,327.003079611632756,1964.230701505731531,
-1,1,5431,Marsh,0.487310000000000,Hist,Hist salmon,18044,162.401656595356258,,18044,138406.144823040289339,318898089.190657675266266,Skookumchuck River,18,769.214073761363466,4869.979846959574388,
-1,1,5432,Marsh,0.448178000000000,Hist,Hist salmon,18046,14.989318057239256,8601,18046,138406.144823040289339,318898089.190657675266266,Skookumchuck River,18,654.885279215536457,4478.911894718073199,
-1,1,5433,Marsh,0.401704000000000,Hist,Hist salmon,18044,58.297928775369463,,18044,138406.144823040289339,318898089.190657675266266,Skookumchuck River,18,620.935509751855079,4014.466160358500474,
-1,1,5434,Marsh,0.487310000000000,Curr,Curr degrade,18044,162.401656595356258,,18044,138406.144823040289339,318898089.190657675266266,Skookumchuck River,18,769.214073761363466,4869.979846959574388,
-1,1,5435,Marsh,0.448178000000000,Curr,Curr degrade,18046,14.989318057239256,8601,18046,138406.144823040289339,318898089.190657675266266,Skookumchuck River,18,654.885279215536457,4478.911894718073199,
-1,1,5436,Marsh,0.401704000000000,Curr,Curr degrade,18044,58.297928775369463,,18044,138406.144823040289339,318898089.190657675266266,Skookumchuck River,18,620.935509751855079,4014.466160358500474,
-1,1,5437,Slough,0.196025000000000,Hist,Hist salmon,17963,12.391892591106432,8837,17963,151813.484517717675772,406226339.697148263454437,Newaukum River,12,527.139515130867949,1959.019111447494197,Yes
-1,1,5438,Slough,0.196025000000000,Curr,Hist salmon,17963,12.391892591106432,8837,17963,151813.484517717675772,406226339.697148263454437,Newaukum River,12,527.139515130867949,1959.019111447494197,Yes
-1,1,5439,Marsh,3.529459000000000,Hist,Hist salmon,2628,0.000000000000000,8845,2628,151813.484517717675772,406226339.697148263454437,Newaukum River,12,3119.812460823386118,35272.398267233904335,Yes
-1,1,5440,Marsh,0.085968000000000,Curr,Hist salmon,2628,0.000000000000000,8845,2628,151813.484517717675772,406226339.697148263454437,Newaukum River,12,171.864270552584287,859.140505861977090,Yes
-1,1,5441,Marsh,1.508365000000000,Curr,Hist salmon,2628,0.000000000000000,,2628,151813.484517717675772,406226339.697148263454437,Newaukum River,12,2301.457606658492296,15074.162432733955939,Yes
-1,1,5442,Pond,0.534879000000000,Hist,Hist salmon,17978,19.925066805966846,,17978,151813.484517717675772,406226339.697148263454437,Newaukum River,12,426.291161469807093,5345.422806647424295,Yes
-1,1,5443,Pond,0.534879000000000,Curr,Hist salmon,17978,19.925066805966846,,17978,151813.484517717675772,406226339.697148263454437,Newaukum River,12,426.291161469807093,5345.422806647424295,Yes
-1,1,5444,Pond,0.156687000000000,Curr,Hist no salmon,2631,321.547325113345721,,2631,151813.484517717675772,406226339.697148263454437,Newaukum River,12,179.052856616710756,1565.893584239958273,
-1,1,5445,Pond,0.260077000000000,Curr,Hist no salmon,17973,154.355527534635144,,17973,151813.484517717675772,406226339.697148263454437,Newaukum River,12,401.719580007387037,2599.131596853545943,
-1,1,5446,Marsh,0.247106000000000,Hist,Hist salmon,2374,5.930748935713842,5043,2374,151813.484517717675772,406226339.697148263454437,Newaukum River,12,629.055808490030472,2469.501719839267935,Yes
-1,1,5447,Marsh,0.247106000000000,Curr,Hist salmon,2374,5.930748935713842,5043,2374,151813.484517717675772,406226339.697148263454437,Newaukum River,12,629.055808490030472,2469.501719839267935,Yes
-1,1,5448,Pond,0.074825000000000,Curr,Hist no salmon,2377,38.132730568302634,,2377,151813.484517717675772,406226339.697148263454437,Newaukum River,12,102.072580698508816,747.779904261281217,Yes
-1,1,5449,Marsh,0.508913000000000,Both,Hist salmon,2384,0.000000000000000,8880,2384,151813.484517717675772,406226339.697148263454437,Newaukum River,12,654.423714062397721,5085.940759161710957,Yes
-1,1,5450,Slough,1.927434000000000,Hist,Hist salmon,2395,0.000000000000000,,2395,151813.484517717675772,406226339.697148263454437,Newaukum River,12,1504.286997922939463,19262.264029939571628,Yes
-1,1,5451,Slough,1.927434000000000,Curr,Hist salmon,2395,0.000000000000000,,2395,151813.484517717675772,406226339.697148263454437,Newaukum River,12,1504.286997922939463,19262.264029939571628,Yes
-1,1,5452,Marsh,4.555213000000000,Hist,Hist salmon,2481,80.663542223975895,,2481,151813.484517717675772,406226339.697148263454437,Newaukum River,12,1822.875526119445794,45523.580640344836866,
-1,1,5453,Marsh,4.555213000000000,Curr,Hist salmon,2481,80.663542223975895,,2481,151813.484517717675772,406226339.697148263454437,Newaukum River,12,1822.875526119445794,45523.580640344836866,
-1,1,5454,Marsh,1.079087000000000,Hist,Curr degradeH,17981,27.520790118033734,8845,17981,151813.484517717675772,406226339.697148263454437,Newaukum River,12,1284.381865483558386,10784.088822369567424,Yes
-1,1,5455,Marsh,1.079087000000000,Curr,Curr degrade,17981,27.520790118033734,8845,17981,151813.484517717675772,406226339.697148263454437,Newaukum River,12,1284.381865483558386,10784.088822369567424,Yes
-1,1,5456,Marsh,0.051976000000000,Hist,Hist salmon,2326,122.739037341422048,,2326,151813.484517717675772,406226339.697148263454437,Newaukum River,12,94.118944278536915,519.433986372681716,
-1,1,5457,Marsh,0.088569000000000,Hist,Hist salmon,2327,113.098552255555788,,2327,151813.484517717675772,406226339.697148263454437,Newaukum River,12,128.616058374496276,885.134737357260178,
-1,1,5458,Marsh,0.118158000000000,Hist,Hist salmon,2328,135.448978307145751,,2328,151813.484517717675772,406226339.697148263454437,Newaukum River,12,215.012984598817553,1180.840293833838359,
-1,1,5459,Marsh,0.025091000000000,Hist,Hist salmon,2206,143.924362962187359,,2206,151813.484517717675772,406226339.697148263454437,Newaukum River,12,68.799777685953998,250.755758545209403,
-1,1,5460,Marsh,0.086566000000000,Hist,Hist salmon,2208,165.018325188429088,,2208,151813.484517717675772,406226339.697148263454437,Newaukum River,12,134.893357963553512,865.116133051844372,
-1,1,5461,Marsh,0.243362000000000,Hist,Hist salmon,2208,128.920300858985058,,2208,151813.484517717675772,406226339.697148263454437,Newaukum River,12,267.449359833469600,2432.103534057257548,
-1,1,5462,Marsh,0.086552000000000,Hist,Hist salmon,2328,238.087651368313914,,2328,151813.484517717675772,406226339.697148263454437,Newaukum River,12,111.192102153658439,864.976583000455776,
-1,1,5463,Marsh,0.727972000000000,Hist,Hist salmon,2325,31.229803070687083,,2325,151813.484517717675772,406226339.697148263454437,Newaukum River,12,555.850043984572721,7275.154853844740501,
-1,1,5464,Marsh,0.727972000000000,Curr,Hist salmon,2325,31.229803070687083,,2325,151813.484517717675772,406226339.697148263454437,Newaukum River,12,555.850043984572721,7275.154853844740501,
-1,1,5465,Marsh,0.051976000000000,Curr,Hist salmon,2326,122.739037341422048,,2326,151813.484517717675772,406226339.697148263454437,Newaukum River,12,94.118944278536915,519.433986372681716,
-1,1,5466,Marsh,0.088569000000000,Curr,Hist salmon,2327,113.098552255555788,,2327,151813.484517717675772,406226339.697148263454437,Newaukum River,12,128.616058374496276,885.134737357260178,
-1,1,5467,Marsh,0.118158000000000,Curr,Hist salmon,2328,135.448978307145751,,2328,151813.484517717675772,406226339.697148263454437,Newaukum River,12,215.012984598817553,1180.840293833838359,
-1,1,5468,Marsh,0.025091000000000,Curr,Hist salmon,2206,143.924362962187359,,2206,151813.484517717675772,406226339.697148263454437,Newaukum River,12,68.799777685953998,250.755758545209403,
-1,1,5469,Marsh,0.086566000000000,Curr,Hist salmon,2208,165.018325188429088,,2208,151813.484517717675772,406226339.697148263454437,Newaukum River,12,134.893357963553512,865.116133051844372,
-1,1,5470,Marsh,0.243362000000000,Curr,Hist salmon,2208,128.920300858985058,,2208,151813.484517717675772,406226339.697148263454437,Newaukum River,12,267.449359833469600,2432.103534057257548,
-1,1,5471,Marsh,0.086552000000000,Curr,Hist salmon,2328,238.087651368313914,,2328,151813.484517717675772,406226339.697148263454437,Newaukum River,12,111.192102153658439,864.976583000455776,
-1,1,5472,Side channel,0.361862000000000,Both,Hist salmon,1297,0.000000000000000,9084,1297,151813.484517717675772,406226339.697148263454437,Newaukum River,12,1490.706259768671771,3616.356562967822356,
-1,1,5473,Marsh,0.009402000000000,Both,Hist salmon,1438,5.397517963024011,,1438,151813.484517717675772,406226339.697148263454437,Newaukum River,12,39.280097611543894,93.959328048280568,
-1,1,5474,Marsh,0.126311000000000,Both,Hist salmon,1438,11.627011653458322,9361,1438,151813.484517717675772,406226339.697148263454437,Newaukum River,12,292.836283933194295,1262.325976076308280,
-1,1,5475,Marsh,0.033596000000000,Both,Hist salmon,1438,75.231548558253735,,1438,151813.484517717675772,406226339.697148263454437,Newaukum River,12,115.645553104680545,335.747261734803374,
-1,1,5476,Marsh,0.141803000000000,Both,Hist salmon,1438,2.542070810304597,9360,1438,151813.484517717675772,406226339.697148263454437,Newaukum River,12,245.797453037170612,1417.151653430944862,
-1,1,5477,Slough,0.030480000000000,Both,Hist salmon,17952,20.254053863635363,8818,17952,151813.484517717675772,406226339.697148263454437,Newaukum River,12,256.867892556564641,304.614396402893306,Yes
-1,1,5478,Slough,0.186490000000000,Hist,Hist salmon,17953,30.362922097217645,8819,17953,151813.484517717675772,406226339.697148263454437,Newaukum River,12,2391.146953728522931,1863.729519749415203,Yes
-1,1,5479,Slough,0.186490000000000,Curr,Hist salmon,17953,30.362922097217645,8819,17953,151813.484517717675772,406226339.697148263454437,Newaukum River,12,2391.146953728522931,1863.729519749415203,Yes
-1,1,5480,Slough,0.446653000000000,Hist,Hist salmon,17956,1.623682569817827,,17956,151813.484517717675772,406226339.697148263454437,Newaukum River,12,2110.338410590139574,4463.719958683170262,Yes
-1,1,5481,Slough,0.446653000000000,Curr,Hist salmon,17956,1.623682569817827,,17956,151813.484517717675772,406226339.697148263454437,Newaukum River,12,2110.338410590139574,4463.719958683170262,Yes
-1,1,5482,Pond,0.959243000000000,Curr,Hist salmon,9735,412.199991667444237,,9735,378317.145195854303893,263575921.850556135177612,Lower Chehalis Estuary,50,440.945082815563410,9587.250584954184887,
-1,1,5483,Slough,0.218028000000000,Hist,Hist salmon,8474,167.211908964000372,,8474,48290.055449476276408,24797583.336042989045382,Mainstem: Lower Chehalis 7,63,369.497029624808476,2178.925453188799111,
-1,1,5484,Marsh,0.134758000000000,Curr,Hist no salmon,1548,181.639631738694590,,1548,118289.321295402623946,126156469.879530921578407,Upper Chehalis: Proposed Dam to Elk Creek,2,137.439176735931625,1346.746429941057841,
-1,1,5485,Marsh,7.040510000000000,Curr,Hist no salmon,12426,397.637812905493377,,12426,246250.590740413172171,507221006.855407536029816,Wynoochee River,42,2115.016165022209861,70359.109047237448976,